Link ID; Channel ID; Line; Data 
  1; 15;  1;0xbcbcbcbc3c000008020f2f1785d0ffdcL
  1; 15;  2;0x85d0ffdc3c000008020f2f56f1d0ffddL
  1; 15;  3;0xf1d0ffdd3c000008020f2f970dceffdeL
  1; 15;  4;0xdceffde3c000008020f2fd721dbffdfL
  1; 15;  5;0x21dbffdf3c000008020f2c173dd5ffc0L
  1; 15;  6;0x3dd5ffc03c000008020f2c5771e0ffc1L
  1; 15;  7;0x71e0ffc13c000008020f2c9781dfffd2L
  1; 15;  8;0x81dfffd23c000008020f2cd75dd8ffd3L
  1; 15;  9;0x5dd8ffd33c000008020f2d179dfdffd4L
  1; 15; 10;0x9dfdffd43c000008020f2d5731f0ffd5L
  1; 15; 11;0x31f0ffd53c000008020f2d97a9efffd6L
  1; 15; 12;0xa9efffd63c000008020f2dd6ddc8ffd7L
  1; 15; 13;0xddc8ffd73c000008020f2e177dd0ffd8L
  1; 15; 14;0x7dd0ffd83c000008020f2e56a1e0ffd9L
  1; 15; 15;0xa1e0ffd93c000008020f2e9759f0ffdaL
  1; 15; 16;0xbcbcbcbc3c000008020f3f1781d4ffccL
  1; 15; 17;0x81d4ffcc3c000008020f3f5705caffcdL
  1; 15; 18;0x5caffcd3c000008020f3f9711ceffceL
  1; 15; 19;0x11ceffce3c000008020f3fd729d3ffcfL
  1; 15; 20;0x29d3ffcf3c000008020f3c1731cbfff0L
  1; 15; 21;0x31cbfff03c000008020f3c5751e1fff1L
  1; 15; 22;0x51e1fff13c000008020f3c9761dfffc2L
  1; 15; 23;0x61dfffc23c000008020f3cd765dbffc3L
  1; 15; 24;0x65dbffc33c000008020f3d17a1faffc4L
  1; 15; 25;0xa1faffc43c000008020f3d5715eeffc5L
  1; 15; 26;0x15eeffc53c000008020f3d97a5eeffc6L
  1; 15; 27;0xa5eeffc63c000008020f3dd6cdc9ffc7L
  1; 15; 28;0xcdc9ffc73c000008020f3e1779ccffc8L
  1; 15; 29;0x79ccffc83c000008020f3e5695ddffc9L
  1; 15; 30;0x95ddffc93c000008020f3e9769edffcaL
  1; 15; 31;0xbcbcbcbc3c000008020f071775d3ffecL
  1; 15; 32;0x75d3ffec3c000008020f0756fdccffedL
  1; 15; 33;0xfdccffed3c000008020f079719d3ffeeL
  1; 15; 34;0x19d3ffee3c000008020f07d721d3ffefL
  1; 15; 35;0x21d3ffef3c000008020f041735d2ffd0L
  1; 15; 36;0x35d2ffd03c000008020f045765e3ffd1L
  1; 15; 37;0x65e3ffd13c000008020f04976dddffe2L
  1; 15; 38;0x6dddffe23c000008020f04d74dd7ffe3L
  1; 15; 39;0x4dd7ffe33c000008020f051795fdffe4L
  1; 15; 40;0x95fdffe43c000008020f055709eeffe5L
  1; 15; 41;0x9eeffe53c000008020f0597a5eeffe6L
  1; 15; 42;0xa5eeffe63c000008020f05d6c9c7ffe7L
  1; 15; 43;0xc9c7ffe73c000008020f061775d2ffe8L
  1; 15; 44;0x75d2ffe83c000008020f065695ddffe9L
  1; 15; 45;0x95ddffe93c000008020f069759efffeaL
  1; 15; 46;0xbcbcbcbc3c000008020f2b1785d2ffdcL
  1; 15; 47;0x85d2ffdc3c000008020f2b56f9d0ffddL
  1; 15; 48;0xf9d0ffdd3c000008020f2b970dcfffdeL
  1; 15; 49;0xdcfffde3c000008020f2bd725daffdfL
  1; 15; 50;0x25daffdf3c000008020f281745d4ffc0L
  1; 15; 51;0x45d4ffc03c000008020f285779e1ffc1L
  1; 15; 52;0x79e1ffc13c000008020f28977ddfffd2L
  1; 15; 53;0x7ddfffd23c000008020f28d761daffd3L
  1; 15; 54;0x61daffd33c000008020f2917a5fdffd4L
  1; 15; 55;0xa5fdffd43c000008020f29572defffd5L
  1; 15; 56;0x2defffd53c000008020f2997a9efffd6L
  1; 15; 57;0xa9efffd63c000008020f29d6e1c8ffd7L
  1; 15; 58;0xe1c8ffd73c000008020f2a1781d0ffd8L
  1; 15; 59;0x81d0ffd83c000008020f2a56a9e1ffd9L
  1; 15; 60;0xa9e1ffd93c000008020f2a975df0ffdaL
  1; 15; 61;0xbcbcbcbc3c000008020f3b178dd4ffccL
  1; 15; 62;0x8dd4ffcc3c000008020f3b570dcdffcdL
  1; 15; 63;0xdcdffcd3c000008020f3b9719d1ffceL
  1; 15; 64;0x19d1ffce3c000008020f3bd739d7ffcfL
  1; 15; 65;0x39d7ffcf3c000008020f381741cefff0L
  1; 15; 66;0x41cefff03c000008020f385759e2fff1L
  1; 15; 67;0x59e2fff13c000008020f38976de1ffc2L
  1; 15; 68;0x6de1ffc23c000008020f38d76ddbffc3L
  1; 15; 69;0x6ddbffc33c000008020f3917b1fbffc4L
  1; 15; 70;0xb1fbffc43c000008020f39571defffc5L
  1; 15; 71;0x1defffc53c000008020f3997adefffc6L
  1; 15; 72;0xadefffc63c000008020f39d6d9cbffc7L
  1; 15; 73;0xd9cbffc73c000008020f3a1785cfffc8L
  1; 15; 74;0x85cfffc83c000008020f3a56a1e0ffc9L
  1; 15; 75;0xa1e0ffc93c000008020f3a9771efffcaL
  1; 15; 76;0xbcbcbcbc3c000008020f031775d1ffecL
  1; 15; 77;0x75d1ffec3c000008020f0356f9ccffedL
  1; 15; 78;0xf9ccffed3c000008020f03971dd3ffeeL
  1; 15; 79;0x1dd3ffee3c000008020f03d721d6ffefL
  1; 15; 80;0x21d6ffef3c000008020f001735d4ffd0L
  1; 15; 81;0x35d4ffd03c000008020f005765e4ffd1L
  1; 15; 82;0x65e4ffd13c000008020f00976ddeffe2L
  1; 15; 83;0x6ddeffe23c000008020f00d751d8ffe3L
  1; 15; 84;0x51d8ffe33c000008020f011799fcffe4L
  1; 15; 85;0x99fcffe43c000008020f015709efffe5L
  1; 15; 86;0x9efffe53c000008020f0197a9efffe6L
  1; 15; 87;0xa9efffe63c000008020f01d6c5c6ffe7L
  1; 15; 88;0xc5c6ffe73c000008020f021775d2ffe8L
  1; 15; 89;0x75d2ffe83c000008020f025695ddffe9L
  1; 15; 90;0x95ddffe93c000008020f029761f0ffeaL
  1; 15; 91;0xbcbcbcbc3c000008020f27177dceffdcL
  1; 15; 92;0x7dceffdc3c000008020f2756f1cdffddL
  1; 15; 93;0xf1cdffdd3c000008020f27970dcbffdeL
  1; 15; 94;0xdcbffde3c000008020f27d71ddaffdfL
  1; 15; 95;0x1ddaffdf3c000008020f241739d1ffc0L
  1; 15; 96;0x39d1ffc03c000008020f24576de0ffc1L
  1; 15; 97;0x6de0ffc13c000008020f249779deffd2L
  1; 15; 98;0x79deffd23c000008020f24d75dd8ffd3L
  1; 15; 99;0x5dd8ffd33c000008020f25179dfbffd4L
  1; 15;100;0x9dfbffd43c000008020f255725efffd5L
  1; 15;101;0x25efffd53c000008020f2597a5efffd6L
  1; 15;102;0xa5efffd63c000008020f25d6d5c6ffd7L
  1; 15;103;0xd5c6ffd73c000008020f261775ceffd8L
  1; 15;104;0x75ceffd83c000008020f26569ddeffd9L
  1; 15;105;0x9ddeffd93c000008020f269755efffdaL
  1; 15;106;0xbcbcbcbc3c000008020f371785d3ffccL
  1; 15;107;0x85d3ffcc3c000008020f375705caffcdL
  1; 15;108;0x5caffcd3c000008020f379715cfffceL
  1; 15;109;0x15cfffce3c000008020f37d729d4ffcfL
  1; 15;110;0x29d4ffcf3c000008020f341739ccfff0L
  1; 15;111;0x39ccfff03c000008020f345751e1fff1L
  1; 15;112;0x51e1fff13c000008020f349765e0ffc2L
  1; 15;113;0x65e0ffc23c000008020f34d769dcffc3L
  1; 15;114;0x69dcffc33c000008020f3517a5fbffc4L
  1; 15;115;0xa5fbffc43c000008020f355721efffc5L
  1; 15;116;0x21efffc53c000008020f3597a9efffc6L
  1; 15;117;0xa9efffc63c000008020f35d6d1caffc7L
  1; 15;118;0xd1caffc73c000008020f361779cdffc8L
  1; 15;119;0x79cdffc83c000008020f365691deffc9L
  1; 15;120;0x91deffc93c000008020f36976deeffcaL
  1; 15;121;0xbcbcbcbc3c000008020f3f1779d4ffecL
  1; 15;122;0x79d4ffec3c000008020f3f5705cfffedL
  1; 15;123;0x5cfffed3c000008020f3f9721d4ffeeL
  1; 15;124;0x21d4ffee3c000008020f3fd721d7ffefL
  1; 15;125;0x21d7ffef3c000008020f3c1735d4ffd0L
  1; 15;126;0x35d4ffd03c000008020f3c5765e5ffd1L
  1; 15;127;0x65e5ffd13c000008020f3c976ddeffe2L
  1; 15;128;0x6ddeffe23c000008020f3cd755d9ffe3L
  1; 15;129;0x55d9ffe33c000008020f3d1799fcffe4L
  1; 15;130;0x99fcffe43c000008020f3d5711efffe5L
  1; 15;131;0x11efffe53c000008020f3d97a9efffe6L
  1; 15;132;0xa9efffe63c000008020f3dd6d5c8ffe7L
  1; 15;133;0xd5c8ffe73c000008020f3e1779d3ffe8L
  1; 15;134;0x79d3ffe83c000008020f3e5691deffe9L
  1; 15;135;0x91deffe93c000008020f3e9765f0ffeaL
  1; 15;136;0xbcbcbcbc3c000008020f231781d1ffdcL
  1; 15;137;0x81d1ffdc3c000008020f2356f5d0ffddL
  1; 15;138;0xf5d0ffdd3c000008020f239711cfffdeL
  1; 15;139;0x11cfffde3c000008020f23d721daffdfL
  1; 15;140;0x21daffdf3c000008020f20173dd5ffc0L
  1; 15;141;0x3dd5ffc03c000008020f205771e2ffc1L
  1; 15;142;0x71e2ffc13c000008020f209779dfffd2L
  1; 15;143;0x79dfffd23c000008020f20d761d9ffd3L
  1; 15;144;0x61d9ffd33c000008020f2117a5fdffd4L
  1; 15;145;0xa5fdffd43c000008020f215735efffd5L
  1; 15;146;0x35efffd53c000008020f2197a5efffd6L
  1; 15;147;0xa5efffd63c000008020f21d6d5c7ffd7L
  1; 15;148;0xd5c7ffd73c000008020f221781d1ffd8L
  1; 15;149;0x81d1ffd83c000008020f22569de1ffd9L
  1; 15;150;0x9de1ffd93c000008020f229759f0ffdaL
  1; 15;151;0xbcbcbcbc3c000008020f331785d3ffccL
  1; 15;152;0x85d3ffcc3c000008020f33570dcbffcdL
  1; 15;153;0xdcbffcd3c000008020f339715d0ffceL
  1; 15;154;0x15d0ffce3c000008020f33d72dd6ffcfL
  1; 15;155;0x2dd6ffcf3c000008020f301739cdfff0L
  1; 15;156;0x39cdfff03c000008020f305759e1fff1L
  1; 15;157;0x59e1fff13c000008020f30976de0ffc2L
  1; 15;158;0x6de0ffc23c000008020f30d76ddcffc3L
  1; 15;159;0x6ddcffc33c000008020f3117adfcffc4L
  1; 15;160;0xadfcffc43c000008020f315721efffc5L
  1; 15;161;0x21efffc53c000008020f3197a5eeffc6L
  1; 15;162;0xa5eeffc63c000008020f31d6d1ccffc7L
  1; 15;163;0xd1ccffc73c000008020f321781d0ffc8L
  1; 15;164;0x81d0ffc83c000008020f32569de0ffc9L
  1; 15;165;0x9de0ffc93c000008020f329771edffcaL
  1; 15;166;0xbcbcbcbc3c000008020f3b176dd0ffecL
  1; 15;167;0x6dd0ffec3c000008020f3b56f5cbffedL
  1; 15;168;0xf5cbffed3c000008020f3b970dd0ffeeL
  1; 15;169;0xdd0ffee3c000008020f3bd715d4ffefL
  1; 15;170;0x15d4ffef3c000008020f381729d2ffd0L
  1; 15;171;0x29d2ffd03c000008020f385759e2ffd1L
  1; 15;172;0x59e2ffd13c000008020f389765dbffe2L
  1; 15;173;0x65dbffe23c000008020f38d749d6ffe3L
  1; 15;174;0x49d6ffe33c000008020f391795fcffe4L
  1; 15;175;0x95fcffe43c000008020f39570deeffe5L
  1; 15;176;0xdeeffe53c000008020f3997a1edffe6L
  1; 15;177;0xa1edffe63c000008020f39d6c1c6ffe7L
  1; 15;178;0xc1c6ffe73c000008020f3a1771cfffe8L
  1; 15;179;0x71cfffe83c000008020f3a5689dcffe9L
  1; 15;180;0x89dcffe93c000008020f3a9759eeffeaL
  1; 15;181;0xbcbcbcbc3c000008020f1f177dcfffdcL
  1; 15;182;0x7dcfffdc3c000008020f1f56edcdffddL
  1; 15;183;0xedcdffdd3c000008020f1f9709cdffdeL
  1; 15;184;0x9cdffde3c000008020f1fd719d9ffdfL
  1; 15;185;0x19d9ffdf3c000008020f081725c4fff0L
  1; 15;186;0x25c4fff03c000008020f085739d9fff1L
  1; 15;187;0x39d9fff13c000008020f08974ddbffc2L
  1; 15;188;0x4ddbffc23c000008020f08d749d3ffc3L
  1; 15;189;0x49d3ffc33c000008020f091791f8ffc4L
  1; 15;190;0x91f8ffc43c000008020f095701ebffc5L
  1; 15;191;0x1ebffc53c000008020f099791ebffc6L
  1; 15;192;0x91ebffc63c000008020f1dd6d1c6ffd7L
  1; 15;193;0xd1c6ffd73c000008020f1e1775cdffd8L
  1; 15;194;0x75cdffd83c000008020f1e56a1dfffd9L
  1; 15;195;0xa1dfffd93c000008020f1e9759eeffdaL
  1; 15;196;0xbcbcbcbc3c000008020f2f1789d5ffccL
  1; 15;197;0x89d5ffcc3c000008020f2f5711cdffcdL
  1; 15;198;0x11cdffcd3c000008020f2f971dd2ffceL
  1; 15;199;0x1dd2ffce3c000008020f2fd731d7ffcfL
  1; 15;200;0x31d7ffcf3c000008020f2c1749d4ffe0L
  1; 15;201;0x49d4ffe03c000008020f2c5761e0ffe1L
  1; 15;202;0x61e0ffe13c000008020f2c9771ddfff2L
  1; 15;203;0x71ddfff23c000008020f2cd74ddafff3L
  1; 15;204;0x4ddafff33c000008020f2d17a1fbfff4L
  1; 15;205;0xa1fbfff43c000008020f2d5705eefff5L
  1; 15;206;0x5eefff53c000008020f2d97a1edfff6L
  1; 15;207;0xa1edfff63c000008020f2dd6d9caffc7L
  1; 15;208;0xd9caffc73c000008020f2e177dd0ffc8L
  1; 15;209;0x7dd0ffc83c000008020f2e569de0ffc9L
  1; 15;210;0x9de0ffc93c000008020f2e9771eeffcaL
  1; 15;211;0xbcbcbcbc3c000008020f3f1781d4fffcL
  1; 15;212;0x81d4fffc3c000008020f3f5701c9fffdL
  1; 15;213;0x1c9fffd3c000008020f3f9721cefffeL
  1; 15;214;0x21cefffe3c000008020f3fd735d5ffffL
  1; 15;215;0x35d5ffff3c000008020f3c173dd4ffd0L
  1; 15;216;0x3dd4ffd03c000008020f3c5765e5ffd1L
  1; 15;217;0x65e5ffd13c000008020f3c9771deffe2L
  1; 15;218;0x71deffe23c000008020f3cd755d9ffe3L
  1; 15;219;0x55d9ffe33c000008020f3d179dfdffe4L
  1; 15;220;0x9dfdffe43c000008020f3d5711efffe5L
  1; 15;221;0x11efffe53c000008020f3d97adf0ffe6L
  1; 15;222;0xadf0ffe63c000008020f3dd6d1cbfff7L
  1; 15;223;0xd1cbfff73c000008020f3e1771d4fff8L
  1; 15;224;0x71d4fff83c000008020f3e567ddefff9L
  1; 15;225;0x7ddefff93c000008020f3e9765eefffaL
  1; 15;226;0xbcbcbcbc3c000008020f071781d1ffdcL
  1; 15;227;0x81d1ffdc3c000008020f0756f5cfffddL
  1; 15;228;0xf5cfffdd3c000008020f079715ceffdeL
  1; 15;229;0x15ceffde3c000008020f07d719daffdfL
  1; 15;230;0x19daffdf3c000008020f04173dcdfff0L
  1; 15;231;0x3dcdfff03c000008020f045755e2fff1L
  1; 15;232;0x55e2fff13c000008020f049771e1ffc2L
  1; 15;233;0x71e1ffc23c000008020f04d76ddcffc3L
  1; 15;234;0x6ddcffc33c000008020f0517adfbffc4L
  1; 15;235;0xadfbffc43c000008020f05571defffc5L
  1; 15;236;0x1defffc53c000008020f0597a5efffc6L
  1; 15;237;0xa5efffc63c000008020f05d6d5c6ffd7L
  1; 15;238;0xd5c6ffd73c000008020f061779d1ffd8L
  1; 15;239;0x79d1ffd83c000008020f0656a1e1ffd9L
  1; 15;240;0xa1e1ffd93c000008020f06975defffdaL
  1; 15;241;0xbcbcbcbc3c000008020f2b1785d2ffccL
  1; 15;242;0x85d2ffcc3c000008020f2b5705caffcdL
  1; 15;243;0x5caffcd3c000008020f2b9719d0ffceL
  1; 15;244;0x19d0ffce3c000008020f2bd729d5ffcfL
  1; 15;245;0x29d5ffcf3c000008020f281749d2ffe0L
  1; 15;246;0x49d2ffe03c000008020f28575de0ffe1L
  1; 15;247;0x5de0ffe13c000008020f28976ddcfff2L
  1; 15;248;0x6ddcfff23c000008020f28d745d7fff3L
  1; 15;249;0x45d7fff33c000008020f291795fafff4L
  1; 15;250;0x95fafff43c000008020f295705edfff5L
  1; 15;251;0x5edfff53c000008020f2997a1ecfff6L
  1; 15;252;0xa1ecfff63c000008020f29d6cdcaffc7L
  1; 15;253;0xcdcaffc73c000008020f2a1779cdffc8L
  1; 15;254;0x79cdffc83c000008020f2a5695deffc9L
  1; 15;255;0x95deffc93c000008020f2a9769edffcaL
  1; 15;256;0xbcbcbcbc3c000008020f3b177dd0fffcL
  1; 16;  1;0xbcbcbcbc3c000008020f2f1735d8ffdcL
  1; 16;  2;0x35d8ffdc3c000008020f2f56c1acffddL
  1; 16;  3;0xc1acffdd3c000008020f2f96c9d8ffdeL
  1; 16;  4;0xc9d8ffde3c000008020f2fd63992ffdfL
  1; 16;  5;0x3992ffdf3c000008020f2c1669b2ffc0L
  1; 16;  6;0x69b2ffc03c000008020f2c56e5cdffc1L
  1; 16;  7;0xe5cdffc13c000008020f2c9769c4ffd2L
  1; 16;  8;0x69c4ffd23c000008020f2cd731ebffd3L
  1; 16;  9;0x31ebffd33c000008020f2d1751e5ffd4L
  1; 16; 10;0x51e5ffd43c000008020f2d573de4ffd5L
  1; 16; 11;0x3de4ffd53c000008020f2d975dd8ffd6L
  1; 16; 12;0x5dd8ffd63c000008020f2dd711e7ffd7L
  1; 16; 13;0x11e7ffd73c000008020f2e163598ffd8L
  1; 16; 14;0x3598ffd83c000008020f2e56f1a6ffd9L
  1; 16; 15;0xf1a6ffd93c000008020f2e96adbaffdaL
  1; 16; 16;0xbcbcbcbc3c000008020f3f1731dbffccL
  1; 16; 17;0x31dbffcc3c000008020f3f56a9adffcdL
  1; 16; 18;0xa9adffcd3c000008020f3f96d1d5ffceL
  1; 16; 19;0xd1d5ffce3c000008020f3fd64d8cffcfL
  1; 16; 20;0x4d8cffcf3c000008020f3c165db1fff0L
  1; 16; 21;0x5db1fff03c000008020f3c56d9cdfff1L
  1; 16; 22;0xd9cdfff13c000008020f3c9755beffc2L
  1; 16; 23;0x55beffc23c000008020f3cd731ebffc3L
  1; 16; 24;0x31ebffc33c000008020f3d1745e7ffc4L
  1; 16; 25;0x45e7ffc43c000008020f3d5741e5ffc5L
  1; 16; 26;0x41e5ffc53c000008020f3d9765d6ffc6L
  1; 16; 27;0x65d6ffc63c000008020f3dd6fde9ffc7L
  1; 16; 28;0xfde9ffc73c000008020f3e164595ffc8L
  1; 16; 29;0x4595ffc83c000008020f3e56f19effc9L
  1; 16; 30;0xf19effc93c000008020f3e96a5b6ffcaL
  1; 16; 31;0xbcbcbcbc3c000008020f071725d8ffecL
  1; 16; 32;0x25d8ffec3c000008020f0756a9adffedL
  1; 16; 33;0xa9adffed3c000008020f0796c1d7ffeeL
  1; 16; 34;0xc1d7ffee3c000008020f07d6498cffefL
  1; 16; 35;0x498cffef3c000008020f041675b2ffd0L
  1; 16; 36;0x75b2ffd03c000008020f0456cdceffd1L
  1; 16; 37;0xcdceffd13c000008020f049749bbffe2L
  1; 16; 38;0x49bbffe23c000008020f04d731eaffe3L
  1; 16; 39;0x31eaffe33c000008020f051749e5ffe4L
  1; 16; 40;0x49e5ffe43c000008020f055739e2ffa5L
  1; 16; 41;0x39e2ffa53c000008020f059765d4ffe6L
  1; 16; 42;0x65d4ffe63c000008020f05d705e7ffe7L
  1; 16; 43;0x5e7ffe73c000008020f06163195ffe8L
  1; 16; 44;0x3195ffe83c000008020f0656d59effe9L
  1; 16; 45;0xd59effe93c000008020f0696a1b6ffeaL
  1; 16; 46;0xbcbcbcbc3c000008020f2b1739daffdcL
  1; 16; 47;0x39daffdc3c000008020f2b56b9aeffddL
  1; 16; 48;0xb9aeffdd3c000008020f2b96c5d9ffdeL
  1; 16; 49;0xc5d9ffde3c000008020f2bd64d93ffdfL
  1; 16; 50;0x4d93ffdf3c000008020f281669b3ffc0L
  1; 16; 51;0x69b3ffc03c000008020f2856e9d2ffc1L
  1; 16; 52;0xe9d2ffc13c000008020f289769c1ffd2L
  1; 16; 53;0x69c1ffd23c000008020f28d739ebffd3L
  1; 16; 54;0x39ebffd33c000008020f29174de6ffd4L
  1; 16; 55;0x4de6ffd43c000008020f295749e5ff95L
  1; 16; 56;0x49e5ff953c000008020f299759d8ffd6L
  1; 16; 57;0x59d8ffd63c000008020f29d711e8ffd7L
  1; 16; 58;0x11e8ffd73c000008020f2a162d97ffd8L
  1; 16; 59;0x2d97ffd83c000008020f2a56f1a9ffd9L
  1; 16; 60;0xf1a9ffd93c000008020f2a96b1bbffdaL
  1; 16; 61;0xbcbcbcbc3c000008020f3b1739dcffccL
  1; 16; 62;0x39dcffcc3c000008020f3b56b5aeffcdL
  1; 16; 63;0xb5aeffcd3c000008020f3b96d5d6ffceL
  1; 16; 64;0xd5d6ffce3c000008020f3bd66191ffcfL
  1; 16; 65;0x6191ffcf3c000008020f38166db4fff0L
  1; 16; 66;0x6db4fff03c000008020f3856e5d0fff1L
  1; 16; 67;0xe5d0fff13c000008020f389755c1ffc2L
  1; 16; 68;0x55c1ffc23c000008020f38d741ecffc3L
  1; 16; 69;0x41ecffc33c000008020f391751e9ffc4L
  1; 16; 70;0x51e9ffc43c000008020f39574de6ffc5L
  1; 16; 71;0x4de6ffc53c000008020f399765d8ffc6L
  1; 16; 72;0x65d8ffc63c000008020f39d709e9ffc7L
  1; 16; 73;0x9e9ffc73c000008020f3a164598ffc8L
  1; 16; 74;0x4598ffc83c000008020f3a5701a1ffc9L
  1; 16; 75;0x1a1ffc93c000008020f3a96a9b9ffcaL
  1; 16; 76;0xbcbcbcbc3c000008020f031731d9ffecL
  1; 16; 77;0x31d9ffec3c000008020f0356a9acffedL
  1; 16; 78;0xa9acffed3c000008020f0396c5d7ffeeL
  1; 16; 79;0xc5d7ffee3c000008020f03d6418effefL
  1; 16; 80;0x418effef3c000008020f001675b2ffd0L
  1; 16; 81;0x75b2ffd03c000008020f0056d1cfffd1L
  1; 16; 82;0xd1cfffd13c000008020f009749bdffe2L
  1; 16; 83;0x49bdffe23c000008020f00d735e9ffe3L
  1; 16; 84;0x35e9ffe33c000008020f011751e5ffe4L
  1; 16; 85;0x51e5ffe43c000008020f015739e3ffe5L
  1; 16; 86;0x39e3ffe53c000008020f019765d6ffe6L
  1; 16; 87;0x65d6ffe63c000008020f01d701e7ffe7L
  1; 16; 88;0x1e7ffe73c000008020f02163d95ffe8L
  1; 16; 89;0x3d95ffe83c000008020f0256d59dffe9L
  1; 16; 90;0xd59dffe93c000008020f0296a1b6ffeaL
  1; 16; 91;0xbcbcbcbc3c000008020f271735d9ffdcL
  1; 16; 92;0x35d9ffdc3c000008020f2756b9acffddL
  1; 16; 93;0xb9acffdd3c000008020f2796b9d8ffdeL
  1; 16; 94;0xb9d8ffde3c000008020f27d64591ffdfL
  1; 16; 95;0x4591ffdf3c000008020f241669b2ffc0L
  1; 16; 96;0x69b2ffc03c000008020f2456e1ceffc1L
  1; 16; 97;0xe1ceffc13c000008020f249765c1ffd2L
  1; 16; 98;0x65c1ffd23c000008020f24d735ebffd3L
  1; 16; 99;0x35ebffd33c000008020f251741e6ffd4L
  1; 16;100;0x41e6ffd43c000008020f255731e2ff95L
  1; 16;101;0x31e2ff953c000008020f259755d7ffd6L
  1; 16;102;0x55d7ffd63c000008020f25d705e6ffd7L
  1; 16;103;0x5e6ffd73c000008020f26163598ffd8L
  1; 16;104;0x3598ffd83c000008020f2656eda5ffd9L
  1; 16;105;0xeda5ffd93c000008020f2696a9baffdaL
  1; 16;106;0xbcbcbcbc3c000008020f371739dbffccL
  1; 16;107;0x39dbffcc3c000008020f3756b1aeffcdL
  1; 16;108;0xb1aeffcd3c000008020f3796d1d5ffceL
  1; 16;109;0xd1d5ffce3c000008020f37d6598effcfL
  1; 16;110;0x598effcf3c000008020f341669b2fff0L
  1; 16;111;0x69b2fff03c000008020f3456e1cdfff1L
  1; 16;112;0xe1cdfff13c000008020f349759bfffc2L
  1; 16;113;0x59bfffc23c000008020f34d73debffc3L
  1; 16;114;0x3debffc33c000008020f35174de8ffc4L
  1; 16;115;0x4de8ffc43c000008020f355745e5ffc5L
  1; 16;116;0x45e5ffc53c000008020f359765d8ffc6L
  1; 16;117;0x65d8ffc63c000008020f35d70de9ffc7L
  1; 16;118;0xde9ffc73c000008020f36164197ffc8L
  1; 16;119;0x4197ffc83c000008020f3656f99fffc9L
  1; 16;120;0xf99fffc93c000008020f3696adb7ffcaL
  1; 16;121;0xbcbcbcbc3c000008020f3f1731d9ffecL
  1; 16;122;0x31d9ffec3c000008020f3f56adaeffedL
  1; 16;123;0xadaeffed3c000008020f3f96d1d9ffeeL
  1; 16;124;0xd1d9ffee3c000008020f3fd6518fffefL
  1; 16;125;0x518fffef3c000008020f3c1679b3ffd0L
  1; 16;126;0x79b3ffd03c000008020f3c56d1d1ffd1L
  1; 16;127;0xd1d1ffd13c000008020f3c9759beffe2L
  1; 16;128;0x59beffe23c000008020f3cd741ebffe3L
  1; 16;129;0x41ebffe33c000008020f3d1759e6ffe4L
  1; 16;130;0x59e6ffe43c000008020f3d5741e4ffa5L
  1; 16;131;0x41e4ffa53c000008020f3d9769d5ffe6L
  1; 16;132;0x69d5ffe63c000008020f3dd711e9ffe7L
  1; 16;133;0x11e9ffe73c000008020f3e163d99ffe8L
  1; 16;134;0x3d99ffe83c000008020f3e56e9a0ffe9L
  1; 16;135;0xe9a0ffe93c000008020f3e96a9b8ffeaL
  1; 16;136;0xbcbcbcbc3c000008020f231735daffdcL
  1; 16;137;0x35daffdc3c000008020f2356c1afffddL
  1; 16;138;0xc1afffdd3c000008020f2396c9d9ffdeL
  1; 16;139;0xc9d9ffde3c000008020f23d65595ffdfL
  1; 16;140;0x5595ffdf3c000008020f20166db4ffc0L
  1; 16;141;0x6db4ffc03c000008020f2056f1d0ffc1L
  1; 16;142;0xf1d0ffc13c000008020f20976dc5ffd2L
  1; 16;143;0x6dc5ffd23c000008020f20d739edffd3L
  1; 16;144;0x39edffd33c000008020f211751e8ffd4L
  1; 16;145;0x51e8ffd43c000008020f215751e5ff95L
  1; 16;146;0x51e5ff953c000008020f219761d9ffd6L
  1; 16;147;0x61d9ffd63c000008020f21d719e8ffd7L
  1; 16;148;0x19e8ffd73c000008020f2216399affd8L
  1; 16;149;0x399affd83c000008020f2256f5a7ffd9L
  1; 16;150;0xf5a7ffd93c000008020f2296b1bdffdaL
  1; 16;151;0xbcbcbcbc3c000008020f331735ddffccL
  1; 16;152;0x35ddffcc3c000008020f3356b9b1ffcdL
  1; 16;153;0xb9b1ffcd3c000008020f3396d9d7ffceL
  1; 16;154;0xd9d7ffce3c000008020f33d6598fffcfL
  1; 16;155;0x598fffcf3c000008020f301669b2fff0L
  1; 16;156;0x69b2fff03c000008020f3056e5d0fff1L
  1; 16;157;0xe5d0fff13c000008020f30975dc0ffc2L
  1; 16;158;0x5dc0ffc23c000008020f30d741ecffc3L
  1; 16;159;0x41ecffc33c000008020f31174de9ffc4L
  1; 16;160;0x4de9ffc43c000008020f31574de6ff85L
  1; 16;161;0x4de6ff853c000008020f319765d9ffc6L
  1; 16;162;0x65d9ffc63c000008020f31d709e9ffc7L
  1; 16;163;0x9e9ffc73c000008020f32164999ffc8L
  1; 16;164;0x4999ffc83c000008020f3256f9a0ffc9L
  1; 16;165;0xf9a0ffc93c000008020f3296adb9ffcaL
  1; 16;166;0xbcbcbcbc3c000008020f3b1719d5ffecL
  1; 16;167;0x19d5ffec3c000008020f3b56a5aaffedL
  1; 16;168;0xa5aaffed3c000008020f3b96c5d6ffeeL
  1; 16;169;0xc5d6ffee3c000008020f3bd6358bffefL
  1; 16;170;0x358bffef3c000008020f381669b1ffd0L
  1; 16;171;0x69b1ffd03c000008020f3856c1cbffd1L
  1; 16;172;0xc1cbffd13c000008020f389741b7ffe2L
  1; 16;173;0x41b7ffe23c000008020f38d731eaffe3L
  1; 16;174;0x31eaffe33c000008020f391749e4ffe4L
  1; 16;175;0x49e4ffe43c000008020f395729dfffe5L
  1; 16;176;0x29dfffe53c000008020f399765d4ffe6L
  1; 16;177;0x65d4ffe63c000008020f39d6f5e6ffe7L
  1; 16;178;0xf5e6ffe73c000008020f3a162d95ffe8L
  1; 16;179;0x2d95ffe83c000008020f3a56d19bffe9L
  1; 16;180;0xd19bffe93c000008020f3a96a1b2ffeaL
  1; 16;181;0xbcbcbcbc3c000008020f1f1731d6ffdcL
  1; 16;182;0x31d6ffdc3c000008020f1f56b5adffddL
  1; 16;183;0xb5adffdd3c000008020f1f96c5d7ffdeL
  1; 16;184;0xc5d7ffde3c000008020f1fd64192ffdfL
  1; 16;185;0x4192ffdf3c000008020f081645abfff0L
  1; 16;186;0x45abfff03c000008020f0856b9c4fff1L
  1; 16;187;0xb9c4fff13c000008020f089731b4ffc2L
  1; 16;188;0x31b4ffc23c000008020f08d721e8ffc3L
  1; 16;189;0x21e8ffc33c000008020f09172de1ffc4L
  1; 16;190;0x2de1ffc43c000008020f095721deff85L
  1; 16;191;0x21deff853c000008020f099741cfffc6L
  1; 16;192;0x41cfffc63c000008020f1dd6fde6ffd7L
  1; 16;193;0xfde6ffd73c000008020f1e163199ffd8L
  1; 16;194;0x3199ffd83c000008020f1e56f1a5ffd9L
  1; 16;195;0xf1a5ffd93c000008020f1e96a5baffdaL
  1; 16;196;0xbcbcbcbc3c000008020f2f1739ddffccL
  1; 16;197;0x39ddffcc3c000008020f2f56c1afffcdL
  1; 16;198;0xc1afffcd3c000008020f2f96ddd8ffceL
  1; 16;199;0xddd8ffce3c000008020f2fd65990ffcfL
  1; 16;200;0x5990ffcf3c000008020f2c1655b4ffe0L
  1; 16;201;0x55b4ffe03c000008020f2c56d1d1ffe1L
  1; 16;202;0xd1d1ffe13c000008020f2c9759c3fff2L
  1; 16;203;0x59c3fff23c000008020f2cd73decfff3L
  1; 16;204;0x3decfff33c000008020f2d174de5fff4L
  1; 16;205;0x4de5fff43c000008020f2d5745e6ffb5L
  1; 16;206;0x45e6ffb53c000008020f2d9769d3fff6L
  1; 16;207;0x69d3fff63c000008020f2dd711eaffc7L
  1; 16;208;0x11eaffc73c000008020f2e164d98ffc8L
  1; 16;209;0x4d98ffc83c000008020f2e56f9a2ffc9L
  1; 16;210;0xf9a2ffc93c000008020f2e96b5baffcaL
  1; 16;211;0xbcbcbcbc3c000008020f3f1739dafffcL
  1; 16;212;0x39dafffc3c000008020f3f56a9adfffdL
  1; 16;213;0xa9adfffd3c000008020f3f96c5dbfffeL
  1; 16;214;0xc5dbfffe3c000008020f3fd65995ffffL
  1; 16;215;0x5995ffff3c000008020f3c1689b7ffd0L
  1; 16;216;0x89b7ffd03c000008020f3c56d5d2ffd1L
  1; 16;217;0xd5d2ffd13c000008020f3c975dc1ffe2L
  1; 16;218;0x5dc1ffe23c000008020f3cd745ecffe3L
  1; 16;219;0x45ecffe33c000008020f3d175de7ffe4L
  1; 16;220;0x5de7ffe43c000008020f3d574de6ffe5L
  1; 16;221;0x4de6ffe53c000008020f3d9771d8ffe6L
  1; 16;222;0x71d8ffe63c000008020f3dd71deafff7L
  1; 16;223;0x1deafff73c000008020f3e163d9bfff8L
  1; 16;224;0x3d9bfff83c000008020f3e56f1a9fff9L
  1; 16;225;0xf1a9fff93c000008020f3e96adbdfffaL
  1; 16;226;0xbcbcbcbc3c000008020f071735d8ffdcL
  1; 16;227;0x35d8ffdc3c000008020f0756b5abffddL
  1; 16;228;0xb5abffdd3c000008020f0796c1d8ffdeL
  1; 16;229;0xc1d8ffde3c000008020f07d64192ffdfL
  1; 16;230;0x4192ffdf3c000008020f041661b2fff0L
  1; 16;231;0x61b2fff03c000008020f0456d9ccfff1L
  1; 16;232;0xd9ccfff13c000008020f049751bdffc2L
  1; 16;233;0x51bdffc23c000008020f04d739ebffc3L
  1; 16;234;0x39ebffc33c000008020f051749e6ffc4L
  1; 16;235;0x49e6ffc43c000008020f055745e4ffc5L
  1; 16;236;0x45e4ffc53c000008020f059759d6ffc6L
  1; 16;237;0x59d6ffc63c000008020f05d709e6ffd7L
  1; 16;238;0x9e6ffd73c000008020f06163196ffd8L
  1; 16;239;0x3196ffd83c000008020f0656f1a4ffd9L
  1; 16;240;0xf1a4ffd93c000008020f0696a5b9ffdaL
  1; 16;241;0xbcbcbcbc3c000008020f2b1731daffccL
  1; 16;242;0x31daffcc3c000008020f2b56adadffcdL
  1; 16;243;0xadadffcd3c000008020f2b96cdd6ffceL
  1; 16;244;0xcdd6ffce3c000008020f2bd6518fffcfL
  1; 16;245;0x518fffcf3c000008020f281645b0ffe0L
  1; 16;246;0x45b0ffe03c000008020f2856bdd1ffe1L
  1; 16;247;0xbdd1ffe13c000008020f28974dc3fff2L
  1; 16;248;0x4dc3fff23c000008020f28d731ebfff3L
  1; 16;249;0x31ebfff33c000008020f291745e5fff4L
  1; 16;250;0x45e5fff43c000008020f295741e5ffb5L
  1; 16;251;0x41e5ffb53c000008020f299761d2fff6L
  1; 16;252;0x61d2fff63c000008020f29d705e9ffc7L
  1; 16;253;0x5e9ffc73c000008020f2a164198ffc8L
  1; 16;254;0x4198ffc83c000008020f2a56f59fffc9L
  1; 16;255;0xf59fffc93c000008020f2a96adb7ffcaL
  1; 16;256;0xbcbcbcbc3c000008020f3b1729d7fffcL
  1; 17;  1;0xbcbcbcbc3c000008020f2f16b5d0ffdcL
  1; 17;  2;0xb5d0ffdc3c000008020f2f56b5d7ffddL
  1; 17;  3;0xb5d7ffdd3c000008020f2f9651a5ffdeL
  1; 17;  4;0x51a5ffde3c000008020f2fd6e5a0ffdfL
  1; 17;  5;0xe5a0ffdf3c000008020f2c1759d2ffc0L
  1; 17;  6;0x59d2ffc03c000008020f2c56adc6ffc1L
  1; 17;  7;0xadc6ffc13c000008020f2c9769ccffd2L
  1; 17;  8;0x69ccffd23c000008020f2cd79dd2ffd3L
  1; 17;  9;0x9dd2ffd33c000008020f2d1729e3ffd4L
  1; 17; 10;0x29e3ffd43c000008020f2d56edeeffd5L
  1; 17; 11;0xedeeffd53c000008020f2d9775f5ffd6L
  1; 17; 12;0x75f5ffd63c000008020f2dd799e8ffd7L
  1; 17; 13;0x99e8ffd73c000008020f2e1775d5ffd8L
  1; 17; 14;0x75d5ffd83c000008020f2e571dd2ffd9L
  1; 17; 15;0x1dd2ffd93c000008020f2e9731e0ffdaL
  1; 17; 16;0xbcbcbcbc3c000008020f3f16c1ccffccL
  1; 17; 17;0xc1ccffcc3c000008020f3f5695cfffcdL
  1; 17; 18;0x95cfffcd3c000008020f3f9649a2ffceL
  1; 17; 19;0x49a2ffce3c000008020f3fd6d999ffcfL
  1; 17; 20;0xd999ffcf3c000008020f3c1755d1fff0L
  1; 17; 21;0x55d1fff03c000008020f3c569dc2fff1L
  1; 17; 22;0x9dc2fff13c000008020f3c9759cbffc2L
  1; 17; 23;0x59cbffc23c000008020f3cd7a5cfffc3L
  1; 17; 24;0xa5cfffc33c000008020f3d171de7ffc4L
  1; 17; 25;0x1de7ffc43c000008020f3d56e5eeffc5L
  1; 17; 26;0xe5eeffc53c000008020f3d9769f6ffc6L
  1; 17; 27;0x69f6ffc63c000008020f3dd799e4ffc7L
  1; 17; 28;0x99e4ffc73c000008020f3e1781cfffc8L
  1; 17; 29;0x81cfffc83c000008020f3e5719d1ffc9L
  1; 17; 30;0x19d1ffc93c000008020f3e970ddcffcaL
  1; 17; 31;0xbcbcbcbc3c000008020f0716c9cbffecL
  1; 17; 32;0xc9cbffec3c000008020f0756a9d4ffedL
  1; 17; 33;0xa9d4ffed3c000008020f079655a5ffeeL
  1; 17; 34;0x55a5ffee3c000008020f07d6c9a2ffefL
  1; 17; 35;0xc9a2ffef3c000008020f041765ceffd0L
  1; 17; 36;0x65ceffd03c000008020f0456a1c5ffd1L
  1; 17; 37;0xa1c5ffd13c000008020f04976dd0ffe2L
  1; 17; 38;0x6dd0ffe23c000008020f04d7add3ffe3L
  1; 17; 39;0xadd3ffe33c000008020f051725e7ffe4L
  1; 17; 40;0x25e7ffe43c000008020f0556ddefffe5L
  1; 17; 41;0xddefffe53c000008020f059791f5ffe6L
  1; 17; 42;0x91f5ffe63c000008020f05d799e8ffe7L
  1; 17; 43;0x99e8ffe73c000008020f061775d8ffe8L
  1; 17; 44;0x75d8ffe83c000008020f06571dd3ffe9L
  1; 17; 45;0x1dd3ffe93c000008020f069725d8ffeaL
  1; 17; 46;0xbcbcbcbc3c000008020f2b16b5d1ffdcL
  1; 17; 47;0xb5d1ffdc3c000008020f2b56b5d8ffddL
  1; 17; 48;0xb5d8ffdd3c000008020f2b9659a6ffdeL
  1; 17; 49;0x59a6ffde3c000008020f2bd6e9a2ffdfL
  1; 17; 50;0xe9a2ffdf3c000008020f281761d3ffc0L
  1; 17; 51;0x61d3ffc03c000008020f2856a9c6ffc1L
  1; 17; 52;0xa9c6ffc13c000008020f289765cdffd2L
  1; 17; 53;0x65cdffd23c000008020f28d7a5d1ffd3L
  1; 17; 54;0xa5d1ffd33c000008020f29172de4ffd4L
  1; 17; 55;0x2de4ffd43c000008020f2956edf0ffd5L
  1; 17; 56;0xedf0ffd53c000008020f299779f6ffd6L
  1; 17; 57;0x79f6ffd63c000008020f29d7a1eaffd7L
  1; 17; 58;0xa1eaffd73c000008020f2a1775d7ffd8L
  1; 17; 59;0x75d7ffd83c000008020f2a5725d4ffd9L
  1; 17; 60;0x25d4ffd93c000008020f2a9735e0ffdaL
  1; 17; 61;0xbcbcbcbc3c000008020f3b16c9cfffccL
  1; 17; 62;0xc9cfffcc3c000008020f3b56a1d0ffcdL
  1; 17; 63;0xa1d0ffcd3c000008020f3b965da5ffceL
  1; 17; 64;0x5da5ffce3c000008020f3bd6e19cffcfL
  1; 17; 65;0xe19cffcf3c000008020f381759d2fff0L
  1; 17; 66;0x59d2fff03c000008020f3856b1c5fff1L
  1; 17; 67;0xb1c5fff13c000008020f389769cdffc2L
  1; 17; 68;0x69cdffc23c000008020f38d7a9d3ffc3L
  1; 17; 69;0xa9d3ffc33c000008020f391729e9ffc4L
  1; 17; 70;0x29e9ffc43c000008020f3956fdeeffc5L
  1; 17; 71;0xfdeeffc53c000008020f39977df7ffc6L
  1; 17; 72;0x7df7ffc63c000008020f39d7a1e7ffc7L
  1; 17; 73;0xa1e7ffc73c000008020f3a1789d3ffc8L
  1; 17; 74;0x89d3ffc83c000008020f3a5725d5ffc9L
  1; 17; 75;0x25d5ffc93c000008020f3a971de1ffcaL
  1; 17; 76;0xbcbcbcbc3c000008020f0316d5cbffecL
  1; 17; 77;0xd5cbffec3c000008020f0356b1d3ffedL
  1; 17; 78;0xb1d3ffed3c000008020f03964da4ffeeL
  1; 17; 79;0x4da4ffee3c000008020f03d6d5a2ffefL
  1; 17; 80;0xd5a2ffef3c000008020f001765cfffd0L
  1; 17; 81;0x65cfffd03c000008020f0056a9c7ffd1L
  1; 17; 82;0xa9c7ffd13c000008020f009771d0ffe2L
  1; 17; 83;0x71d0ffe23c000008020f00d7a9d2ffe3L
  1; 17; 84;0xa9d2ffe33c000008020f011729e8ffe4L
  1; 17; 85;0x29e8ffe43c000008020f0156d5efffe5L
  1; 17; 86;0xd5efffe53c000008020f019795f6ffe6L
  1; 17; 87;0x95f6ffe63c000008020f01d799e9ffe7L
  1; 17; 88;0x99e9ffe73c000008020f021775d5ffe8L
  1; 17; 89;0x75d5ffe83c000008020f025721d4ffe9L
  1; 17; 90;0x21d4ffe93c000008020f029729d9ffeaL
  1; 17; 91;0xbcbcbcbc3c000008020f2716adceffdcL
  1; 17; 92;0xadceffdc3c000008020f2756a9d5ffddL
  1; 17; 93;0xa9d5ffdd3c000008020f279641a2ffdeL
  1; 17; 94;0x41a2ffde3c000008020f27d6dd9fffdfL
  1; 17; 95;0xdd9fffdf3c000008020f241755d1ffc0L
  1; 17; 96;0x55d1ffc03c000008020f2456a9c6ffc1L
  1; 17; 97;0xa9c6ffc13c000008020f249761ceffd2L
  1; 17; 98;0x61ceffd23c000008020f24d7a1d1ffd3L
  1; 17; 99;0xa1d1ffd33c000008020f251729e5ffd4L
  1; 17;100;0x29e5ffd43c000008020f2556e5eeffd5L
  1; 17;101;0xe5eeffd53c000008020f259775f6ffd6L
  1; 17;102;0x75f6ffd63c000008020f25d79de8ffd7L
  1; 17;103;0x9de8ffd73c000008020f261779d4ffd8L
  1; 17;104;0x79d4ffd83c000008020f265719d1ffd9L
  1; 17;105;0x19d1ffd93c000008020f269731e0ffdaL
  1; 17;106;0xbcbcbcbc3c000008020f3716c5cdffccL
  1; 17;107;0xc5cdffcc3c000008020f375699d0ffcdL
  1; 17;108;0x99d0ffcd3c000008020f379649a4ffceL
  1; 17;109;0x49a4ffce3c000008020f37d6d99affcfL
  1; 17;110;0xd99affcf3c000008020f341759d0fff0L
  1; 17;111;0x59d0fff03c000008020f3456a1c4fff1L
  1; 17;112;0xa1c4fff13c000008020f349769cdffc2L
  1; 17;113;0x69cdffc23c000008020f34d7a5d3ffc3L
  1; 17;114;0xa5d3ffc33c000008020f351721e8ffc4L
  1; 17;115;0x21e8ffc43c000008020f3556e9eeffc5L
  1; 17;116;0xe9eeffc53c000008020f359771f6ffc6L
  1; 17;117;0x71f6ffc63c000008020f35d799e6ffc7L
  1; 17;118;0x99e6ffc73c000008020f361779d1ffc8L
  1; 17;119;0x79d1ffc83c000008020f365721d3ffc9L
  1; 17;120;0x21d3ffc93c000008020f369711deffcaL
  1; 17;121;0xbcbcbcbc3c000008020f3f16d9cdffecL
  1; 17;122;0xd9cdffec3c000008020f3f56add4ffedL
  1; 17;123;0xadd4ffed3c000008020f3f965da6ffeeL
  1; 17;124;0x5da6ffee3c000008020f3fd6d1a3ffefL
  1; 17;125;0xd1a3ffef3c000008020f3c175dcfffd0L
  1; 17;126;0x5dcfffd03c000008020f3c56a5c7ffd1L
  1; 17;127;0xa5c7ffd13c000008020f3c9771d1ffe2L
  1; 17;128;0x71d1ffe23c000008020f3cd7b1d3ffe3L
  1; 17;129;0xb1d3ffe33c000008020f3d1729e7ffe4L
  1; 17;130;0x29e7ffe43c000008020f3d56d9efffe5L
  1; 17;131;0xd9efffe53c000008020f3d9799f7ffe6L
  1; 17;132;0x99f7ffe63c000008020f3dd79de9ffe7L
  1; 17;133;0x9de9ffe73c000008020f3e177dd6ffe8L
  1; 17;134;0x7dd6ffe83c000008020f3e5721d5ffe9L
  1; 17;135;0x21d5ffe93c000008020f3e9729dbffeaL
  1; 17;136;0xbcbcbcbc3c000008020f2316b9d1ffdcL
  1; 17;137;0xb9d1ffdc3c000008020f2356add7ffddL
  1; 17;138;0xadd7ffdd3c000008020f239651a6ffdeL
  1; 17;139;0x51a6ffde3c000008020f23d6eda1ffdfL
  1; 17;140;0xeda1ffdf3c000008020f201761d2ffc0L
  1; 17;141;0x61d2ffc03c000008020f2056b1c7ffc1L
  1; 17;142;0xb1c7ffc13c000008020f209765cfffd2L
  1; 17;143;0x65cfffd23c000008020f20d7a9d2ffd3L
  1; 17;144;0xa9d2ffd33c000008020f21172de4ffd4L
  1; 17;145;0x2de4ffd43c000008020f2156f9efffd5L
  1; 17;146;0xf9efffd53c000008020f219775f6ffd6L
  1; 17;147;0x75f6ffd63c000008020f21d7a1e9ffd7L
  1; 17;148;0xa1e9ffd73c000008020f221779d6ffd8L
  1; 17;149;0x79d6ffd83c000008020f225725d3ffd9L
  1; 17;150;0x25d3ffd93c000008020f229735e2ffdaL
  1; 17;151;0xbcbcbcbc3c000008020f3316c9d0ffccL
  1; 17;152;0xc9d0ffcc3c000008020f335699d2ffcdL
  1; 17;153;0x99d2ffcd3c000008020f33965da6ffceL
  1; 17;154;0x5da6ffce3c000008020f33d6e19effcfL
  1; 17;155;0xe19effcf3c000008020f30175dd2fff0L
  1; 17;156;0x5dd2fff03c000008020f3056a1c5fff1L
  1; 17;157;0xa1c5fff13c000008020f309769cdffc2L
  1; 17;158;0x69cdffc23c000008020f30d7add2ffc3L
  1; 17;159;0xadd2ffc33c000008020f311721e8ffc4L
  1; 17;160;0x21e8ffc43c000008020f3156f1eeffc5L
  1; 17;161;0xf1eeffc53c000008020f319779f6ffc6L
  1; 17;162;0x79f6ffc63c000008020f31d7a1e6ffc7L
  1; 17;163;0xa1e6ffc73c000008020f321785d1ffc8L
  1; 17;164;0x85d1ffc83c000008020f325729d6ffc9L
  1; 17;165;0x29d6ffc93c000008020f329721e0ffcaL
  1; 17;166;0xbcbcbcbc3c000008020f3b16c9caffecL
  1; 17;167;0xc9caffec3c000008020f3b56a1d1ffedL
  1; 17;168;0xa1d1ffed3c000008020f3b9651a3ffeeL
  1; 17;169;0x51a3ffee3c000008020f3bd6c5a1ffefL
  1; 17;170;0xc5a1ffef3c000008020f381759ccffd0L
  1; 17;171;0x59ccffd03c000008020f3856a1c5ffd1L
  1; 17;172;0xa1c5ffd13c000008020f389761ceffe2L
  1; 17;173;0x61ceffe23c000008020f38d7a9d0ffe3L
  1; 17;174;0xa9d0ffe33c000008020f391721e6ffe4L
  1; 17;175;0x21e6ffe43c000008020f3956d1eeffe5L
  1; 17;176;0xd1eeffe53c000008020f399789f5ffe6L
  1; 17;177;0x89f5ffe63c000008020f39d799e6ffe7L
  1; 17;178;0x99e6ffe73c000008020f3a176dd3ffe8L
  1; 17;179;0x6dd3ffe83c000008020f3a5715d2ffe9L
  1; 17;180;0x15d2ffe93c000008020f3a9721d7ffeaL
  1; 17;181;0xbcbcbcbc3c000008020f1f16adceffdcL
  1; 17;182;0xadceffdc3c000008020f1f56a1d4ffddL
  1; 17;183;0xa1d4ffdd3c000008020f1f9645a4ffdeL
  1; 17;184;0x45a4ffde3c000008020f1fd6d99effdfL
  1; 17;185;0xd99effdf3c000008020f081739cbfff0L
  1; 17;186;0x39cbfff03c000008020f085679bbfff1L
  1; 17;187;0x79bbfff13c000008020f089745c4ffc2L
  1; 17;188;0x45c4ffc23c000008020f08d78dc9ffc3L
  1; 17;189;0x8dc9ffc33c000008020f0916f9e3ffc4L
  1; 17;190;0xf9e3ffc43c000008020f0956cdecffc5L
  1; 17;191;0xcdecffc53c000008020f099751f2ffc6L
  1; 17;192;0x51f2ffc63c000008020f1dd799e7ffd7L
  1; 17;193;0x99e7ffd73c000008020f1e1771d4ffd8L
  1; 17;194;0x71d4ffd83c000008020f1e571dd0ffd9L
  1; 17;195;0x1dd0ffd93c000008020f1e9729dfffdaL
  1; 17;196;0xbcbcbcbc3c000008020f2f16c9cfffccL
  1; 17;197;0xc9cfffcc3c000008020f2f5699d2ffcdL
  1; 17;198;0x99d2ffcd3c000008020f2f9655a5ffceL
  1; 17;199;0x55a5ffce3c000008020f2fd6e19bffcfL
  1; 17;200;0xe19bffcf3c000008020f2c1751d3ffe0L
  1; 17;201;0x51d3ffe03c000008020f2c56b5c8ffe1L
  1; 17;202;0xb5c8ffe13c000008020f2c9761ccfff2L
  1; 17;203;0x61ccfff23c000008020f2cd7a9d0fff3L
  1; 17;204;0xa9d0fff33c000008020f2d1725e5fff4L
  1; 17;205;0x25e5fff43c000008020f2d56f9eefff5L
  1; 17;206;0xf9eefff53c000008020f2d9779f6fff6L
  1; 17;207;0x79f6fff63c000008020f2dd7a1e7ffc7L
  1; 17;208;0xa1e7ffc73c000008020f2e1789d4ffc8L
  1; 17;209;0x89d4ffc83c000008020f2e5721d4ffc9L
  1; 17;210;0x21d4ffc93c000008020f2e971de0ffcaL
  1; 17;211;0xbcbcbcbc3c000008020f3f16d5d0fffcL
  1; 17;212;0xd5d0fffc3c000008020f3f5691d3fffdL
  1; 17;213;0x91d3fffd3c000008020f3f9651a2fffeL
  1; 17;214;0x51a2fffe3c000008020f3fd6c9a0ffffL
  1; 17;215;0xc9a0ffff3c000008020f3c1761ceffd0L
  1; 17;216;0x61ceffd03c000008020f3c56adc8ffd1L
  1; 17;217;0xadc8ffd13c000008020f3c9779d1ffe2L
  1; 17;218;0x79d1ffe23c000008020f3cd7add4ffe3L
  1; 17;219;0xadd4ffe33c000008020f3d1729e8ffe4L
  1; 17;220;0x29e8ffe43c000008020f3d56ddefffe5L
  1; 17;221;0xddefffe53c000008020f3d9791f6ffe6L
  1; 17;222;0x91f6ffe63c000008020f3dd79de6fff7L
  1; 17;223;0x9de6fff73c000008020f3e1775d0fff8L
  1; 17;224;0x75d0fff83c000008020f3e5729d2fff9L
  1; 17;225;0x29d2fff93c000008020f3e9721dbfffaL
  1; 17;226;0xbcbcbcbc3c000008020f0716b5d0ffdcL
  1; 17;227;0xb5d0ffdc3c000008020f0756add5ffddL
  1; 17;228;0xadd5ffdd3c000008020f079651a4ffdeL
  1; 17;229;0x51a4ffde3c000008020f07d6e59fffdfL
  1; 17;230;0xe59fffdf3c000008020f04175dd3fff0L
  1; 17;231;0x5dd3fff03c000008020f0456a1c4fff1L
  1; 17;232;0xa1c4fff13c000008020f049765cdffc2L
  1; 17;233;0x65cdffc23c000008020f04d7a9d0ffc3L
  1; 17;234;0xa9d0ffc33c000008020f05171de8ffc4L
  1; 17;235;0x1de8ffc43c000008020f0556f1eeffc5L
  1; 17;236;0xf1eeffc53c000008020f059779f7ffc6L
  1; 17;237;0x79f7ffc63c000008020f05d79de9ffd7L
  1; 17;238;0x9de9ffd73c000008020f061771d5ffd8L
  1; 17;239;0x71d5ffd83c000008020f06571dd3ffd9L
  1; 17;240;0x1dd3ffd93c000008020f069731e1ffdaL
  1; 17;241;0xbcbcbcbc3c000008020f2b16c9ccffccL
  1; 17;242;0xc9ccffcc3c000008020f2b5699d1ffcdL
  1; 17;243;0x99d1ffcd3c000008020f2b9649a3ffceL
  1; 17;244;0x49a3ffce3c000008020f2bd6d19affcfL
  1; 17;245;0xd19affcf3c000008020f28174dd3ffe0L
  1; 17;246;0x4dd3ffe03c000008020f2856b1c7ffe1L
  1; 17;247;0xb1c7ffe13c000008020f289759cafff2L
  1; 17;248;0x59cafff23c000008020f28d7a5cefff3L
  1; 17;249;0xa5cefff33c000008020f291721e5fff4L
  1; 17;250;0x21e5fff43c000008020f2956f1eefff5L
  1; 17;251;0xf1eefff53c000008020f299771f5fff6L
  1; 17;252;0x71f5fff63c000008020f29d799e4ffc7L
  1; 17;253;0x99e4ffc73c000008020f2a1785d1ffc8L
  1; 17;254;0x85d1ffc83c000008020f2a5721d4ffc9L
  1; 17;255;0x21d4ffc93c000008020f2a9711deffcaL
  1; 17;256;0xbcbcbcbc3c000008020f3b16c9ccfffcL
  1; 18;  1;0xbcbcbcbc3c000008020f2f17c5eeffdcL
  1; 18;  2;0xc5eeffdc3c000008020f2f57d9faffddL
  1; 18;  3;0xd9faffdd3c000008020f2f97fdfeff9eL
  1; 18;  4;0xfdfeff9e3c000008020f2fd7a9faffdfL
  1; 18;  5;0xa9faffdf3c000008020f2c17edfbffc0L
  1; 18;  6;0xedfbffc03c000008020f2c5771edffc1L
  1; 18;  7;0x71edffc13c000008020f2c97cdf5ffd2L
  1; 18;  8;0xcdf5ffd23c000008020f2cd7f5ffffd3L
  1; 18;  9;0xf5ffffd33c000008020f2d17fdffffd4L
  1; 18; 10;0xfdffffd43c000008020f2d57c1efffd5L
  1; 18; 11;0xc1efffd53c000008020f2d97edf9ffd6L
  1; 18; 12;0xedf9ffd63c000008020f2dd7d9f5ff97L
  1; 18; 13;0xd9f5ff973c000008020f2e17b5f2ffd8L
  1; 18; 14;0xb5f2ffd83c000008020f2e56e9ebffd9L
  1; 18; 15;0xe9ebffd93c000008020f2e97e9e9ffdaL
  1; 18; 16;0xbcbcbcbc3c000008020f3f17c9ecffccL
  1; 18; 17;0xc9ecffcc3c000008020f3f57ddfbffcdL
  1; 18; 18;0xddfbffcd3c000008020f3f97fdffff8eL
  1; 18; 19;0xfdffff8e3c000008020f3fd7a9f9ffcfL
  1; 18; 20;0xa9f9ffcf3c000008020f3c17e9fbfff0L
  1; 18; 21;0xe9fbfff03c000008020f3c5761eefff1L
  1; 18; 22;0x61eefff13c000008020f3c97c9f5ffc2L
  1; 18; 23;0xc9f5ffc23c000008020f3cd7f5ffffc3L
  1; 18; 24;0xf5ffffc33c000008020f3d17fdffffc4L
  1; 18; 25;0xfdffffc43c000008020f3d57c1f0ffc5L
  1; 18; 26;0xc1f0ffc53c000008020f3d97f1f9ffc6L
  1; 18; 27;0xf1f9ffc63c000008020f3dd7d5f5ff87L
  1; 18; 28;0xd5f5ff873c000008020f3e17b9f2ffc8L
  1; 18; 29;0xb9f2ffc83c000008020f3e56e1ebffc9L
  1; 18; 30;0xe1ebffc93c000008020f3e97e9ebffcaL
  1; 18; 31;0xbcbcbcbc3c000008020f0717c5edffecL
  1; 18; 32;0xc5edffec3c000008020f0757d5fbffedL
  1; 18; 33;0xd5fbffed3c000008020f0797fdfeffaeL
  1; 18; 34;0xfdfeffae3c000008020f07d79df9ffefL
  1; 18; 35;0x9df9ffef3c000008020f0417edfbffd0L
  1; 18; 36;0xedfbffd03c000008020f045759eeffd1L
  1; 18; 37;0x59eeffd13c000008020f0497bdf4ffe2L
  1; 18; 38;0xbdf4ffe23c000008020f04d7f5ffffe3L
  1; 18; 39;0xf5ffffe33c000008020f0517fdffffe4L
  1; 18; 40;0xfdffffe43c000008020f0557bdf0ffe5L
  1; 18; 41;0xbdf0ffe53c000008020f0597edf9ffe6L
  1; 18; 42;0xedf9ffe63c000008020f05d7d5f5ffa7L
  1; 18; 43;0xd5f5ffa73c000008020f0617b9f0ffe8L
  1; 18; 44;0xb9f0ffe83c000008020f0656d5ebffe9L
  1; 18; 45;0xd5ebffe93c000008020f0697e9eaffeaL
  1; 18; 46;0xbcbcbcbc3c000008020f2b17c5edffdcL
  1; 18; 47;0xc5edffdc3c000008020f2b57d9faffddL
  1; 18; 48;0xd9faffdd3c000008020f2b97fdfeff9eL
  1; 18; 49;0xfdfeff9e3c000008020f2bd7adf8ffdfL
  1; 18; 50;0xadf8ffdf3c000008020f2817e9fbffc0L
  1; 18; 51;0xe9fbffc03c000008020f285775eeffc1L
  1; 18; 52;0x75eeffc13c000008020f2897cdf5ffd2L
  1; 18; 53;0xcdf5ffd23c000008020f28d7f5ffffd3L
  1; 18; 54;0xf5ffffd33c000008020f2917fdffffd4L
  1; 18; 55;0xfdffffd43c000008020f2957c1efffd5L
  1; 18; 56;0xc1efffd53c000008020f2997edfaffd6L
  1; 18; 57;0xedfaffd63c000008020f29d7d5f6ff97L
  1; 18; 58;0xd5f6ff973c000008020f2a17bdf2ffd8L
  1; 18; 59;0xbdf2ffd83c000008020f2a56edecffd9L
  1; 18; 60;0xedecffd93c000008020f2a97e9e9ffdaL
  1; 18; 61;0xbcbcbcbc3c000008020f3b17c5edffccL
  1; 18; 62;0xc5edffcc3c000008020f3b57e1fbffcdL
  1; 18; 63;0xe1fbffcd3c000008020f3b97fdffff8eL
  1; 18; 64;0xfdffff8e3c000008020f3bd7adf9ffcfL
  1; 18; 65;0xadf9ffcf3c000008020f3817e9fbfff0L
  1; 18; 66;0xe9fbfff03c000008020f385769eefff1L
  1; 18; 67;0x69eefff13c000008020f3897d1f6ffc2L
  1; 18; 68;0xd1f6ffc23c000008020f38d7f5ffffc3L
  1; 18; 69;0xf5ffffc33c000008020f3917fdffffc4L
  1; 18; 70;0xfdffffc43c000008020f3957c1f0ffc5L
  1; 18; 71;0xc1f0ffc53c000008020f3997f1faffc6L
  1; 18; 72;0xf1faffc63c000008020f39d7d5f6ff87L
  1; 18; 73;0xd5f6ff873c000008020f3a17bdf2ffc8L
  1; 18; 74;0xbdf2ffc83c000008020f3a56f1ecffc9L
  1; 18; 75;0xf1ecffc93c000008020f3a97e9edffcaL
  1; 18; 76;0xbcbcbcbc3c000008020f0317c5edffecL
  1; 18; 77;0xc5edffec3c000008020f0357d5fbffedL
  1; 18; 78;0xd5fbffed3c000008020f0397fdffffaeL
  1; 18; 79;0xfdffffae3c000008020f03d7a1f8ffefL
  1; 18; 80;0xa1f8ffef3c000008020f0017edfbffd0L
  1; 18; 81;0xedfbffd03c000008020f005761efffd1L
  1; 18; 82;0x61efffd13c000008020f0097c1f4ffe2L
  1; 18; 83;0xc1f4ffe23c000008020f00d7f5ffffe3L
  1; 18; 84;0xf5ffffe33c000008020f0117fdffffe4L
  1; 18; 85;0xfdffffe43c000008020f0157c1f0ffe5L
  1; 18; 86;0xc1f0ffe53c000008020f0197edf8ffe6L
  1; 18; 87;0xedf8ffe63c000008020f01d7d5f5ffa7L
  1; 18; 88;0xd5f5ffa73c000008020f0217b9f0ffe8L
  1; 18; 89;0xb9f0ffe83c000008020f0256d1ecffe9L
  1; 18; 90;0xd1ecffe93c000008020f0297e9ecffeaL
  1; 18; 91;0xbcbcbcbc3c000008020f2717c5ecffdcL
  1; 18; 92;0xc5ecffdc3c000008020f2757d9fbffddL
  1; 18; 93;0xd9fbffdd3c000008020f2797fdfeff9eL
  1; 18; 94;0xfdfeff9e3c000008020f27d7a5f9ffdfL
  1; 18; 95;0xa5f9ffdf3c000008020f2417e9faffc0L
  1; 18; 96;0xe9faffc03c000008020f24576dedffc1L
  1; 18; 97;0x6dedffc13c000008020f2497cdf5ffd2L
  1; 18; 98;0xcdf5ffd23c000008020f24d7f5ffffd3L
  1; 18; 99;0xf5ffffd33c000008020f2517fdffffd4L
  1; 18;100;0xfdffffd43c000008020f2557c1efffd5L
  1; 18;101;0xc1efffd53c000008020f2597edfaffd6L
  1; 18;102;0xedfaffd63c000008020f25d7d5f5ff97L
  1; 18;103;0xd5f5ff973c000008020f2617b9f2ffd8L
  1; 18;104;0xb9f2ffd83c000008020f2656ddebffd9L
  1; 18;105;0xddebffd93c000008020f2697e9e6ffdaL
  1; 18;106;0xbcbcbcbc3c000008020f3717c5ecffccL
  1; 18;107;0xc5ecffcc3c000008020f3757ddfbffcdL
  1; 18;108;0xddfbffcd3c000008020f3797fdffff8eL
  1; 18;109;0xfdffff8e3c000008020f37d7a5f9ffcfL
  1; 18;110;0xa5f9ffcf3c000008020f3417edfafff0L
  1; 18;111;0xedfafff03c000008020f34575deefff1L
  1; 18;112;0x5deefff13c000008020f3497cdf6ffc2L
  1; 18;113;0xcdf6ffc23c000008020f34d7f5ffffc3L
  1; 18;114;0xf5ffffc33c000008020f3517fdffffc4L
  1; 18;115;0xfdffffc43c000008020f3557c5efffc5L
  1; 18;116;0xc5efffc53c000008020f3597f1f9ffc6L
  1; 18;117;0xf1f9ffc63c000008020f35d7d5f5ff87L
  1; 18;118;0xd5f5ff873c000008020f3617b9f1ffc8L
  1; 18;119;0xb9f1ffc83c000008020f3656edeaffc9L
  1; 18;120;0xedeaffc93c000008020f3697e9ebffcaL
  1; 18;121;0xbcbcbcbc3c000008020f3f17c5edffecL
  1; 18;122;0xc5edffec3c000008020f3f57d5fbffedL
  1; 18;123;0xd5fbffed3c000008020f3f97fdffffaeL
  1; 18;124;0xfdffffae3c000008020f3fd7a1f9ffefL
  1; 18;125;0xa1f9ffef3c000008020f3c17edfbffd0L
  1; 18;126;0xedfbffd03c000008020f3c5765efffd1L
  1; 18;127;0x65efffd13c000008020f3c97bdf5ffe2L
  1; 18;128;0xbdf5ffe23c000008020f3cd7f5ffffe3L
  1; 18;129;0xf5ffffe33c000008020f3d17fdffffe4L
  1; 18;130;0xfdffffe43c000008020f3d57c1f0ffe5L
  1; 18;131;0xc1f0ffe53c000008020f3d97f1f9ffe6L
  1; 18;132;0xf1f9ffe63c000008020f3dd7d5f6ffa7L
  1; 18;133;0xd5f6ffa73c000008020f3e17b9f1ffe8L
  1; 18;134;0xb9f1ffe83c000008020f3e56d1ecffe9L
  1; 18;135;0xd1ecffe93c000008020f3e97e9edffeaL
  1; 18;136;0xbcbcbcbc3c000008020f2317c5edffdcL
  1; 18;137;0xc5edffdc3c000008020f2357ddfbffddL
  1; 18;138;0xddfbffdd3c000008020f2397fdffff9eL
  1; 18;139;0xfdffff9e3c000008020f23d7a9faffdfL
  1; 18;140;0xa9faffdf3c000008020f2017edfbffc0L
  1; 18;141;0xedfbffc03c000008020f205771eeffc1L
  1; 18;142;0x71eeffc13c000008020f2097d1f5ffd2L
  1; 18;143;0xd1f5ffd23c000008020f20d7f5ffffd3L
  1; 18;144;0xf5ffffd33c000008020f2117fdffffd4L
  1; 18;145;0xfdffffd43c000008020f2157c1efffd5L
  1; 18;146;0xc1efffd53c000008020f2197edfaffd6L
  1; 18;147;0xedfaffd63c000008020f21d7d9f5ff97L
  1; 18;148;0xd9f5ff973c000008020f2217bdf3ffd8L
  1; 18;149;0xbdf3ffd83c000008020f2256e9edffd9L
  1; 18;150;0xe9edffd93c000008020f2297e9e8ffdaL
  1; 18;151;0xbcbcbcbc3c000008020f3317c9edffccL
  1; 18;152;0xc9edffcc3c000008020f3357ddfaffcdL
  1; 18;153;0xddfaffcd3c000008020f3397fdfeff8eL
  1; 18;154;0xfdfeff8e3c000008020f33d7a9f9ffcfL
  1; 18;155;0xa9f9ffcf3c000008020f3017e9fbfff0L
  1; 18;156;0xe9fbfff03c000008020f305765eefff1L
  1; 18;157;0x65eefff13c000008020f3097cdf6ffc2L
  1; 18;158;0xcdf6ffc23c000008020f30d7f5ffffc3L
  1; 18;159;0xf5ffffc33c000008020f3117fdffffc4L
  1; 18;160;0xfdffffc43c000008020f3157c1f0ffc5L
  1; 18;161;0xc1f0ffc53c000008020f3197f1f9ffc6L
  1; 18;162;0xf1f9ffc63c000008020f31d7d5f5ff87L
  1; 18;163;0xd5f5ff873c000008020f3217bdf3ffc8L
  1; 18;164;0xbdf3ffc83c000008020f3256edecffc9L
  1; 18;165;0xedecffc93c000008020f3297edecffcaL
  1; 18;166;0xbcbcbcbc3c000008020f3b17c5ecffecL
  1; 18;167;0xc5ecffec3c000008020f3b57d5fbffedL
  1; 18;168;0xd5fbffed3c000008020f3b97fdfeffaeL
  1; 18;169;0xfdfeffae3c000008020f3bd79df8ffefL
  1; 18;170;0x9df8ffef3c000008020f3817e9fbffd0L
  1; 18;171;0xe9fbffd03c000008020f385759eeffd1L
  1; 18;172;0x59eeffd13c000008020f3897bdf4ffe2L
  1; 18;173;0xbdf4ffe23c000008020f38d7f5ffffe3L
  1; 18;174;0xf5ffffe33c000008020f3917fdffffe4L
  1; 18;175;0xfdffffe43c000008020f3957c1efffe5L
  1; 18;176;0xc1efffe53c000008020f3997edf8ffe6L
  1; 18;177;0xedf8ffe63c000008020f39d7d5f5ffa7L
  1; 18;178;0xd5f5ffa73c000008020f3a17b5efffe8L
  1; 18;179;0xb5efffe83c000008020f3a56d1ebffe9L
  1; 18;180;0xd1ebffe93c000008020f3a97e9ecffeaL
  1; 18;181;0xbcbcbcbc3c000008020f1f17c5edffdcL
  1; 18;182;0xc5edffdc3c000008020f1f57d9fbffddL
  1; 18;183;0xd9fbffdd3c000008020f1f97fdfeff9eL
  1; 18;184;0xfdfeff9e3c000008020f1fd7a5f9ffdfL
  1; 18;185;0xa5f9ffdf3c000008020f0817e9fafff0L
  1; 18;186;0xe9fafff03c000008020f085749edfff1L
  1; 18;187;0x49edfff13c000008020f0897c5f4ffc2L
  1; 18;188;0xc5f4ffc23c000008020f08d7edffffc3L
  1; 18;189;0xedffffc33c000008020f0917fdffffc4L
  1; 18;190;0xfdffffc43c000008020f0957bdefffc5L
  1; 18;191;0xbdefffc53c000008020f0997edf8ffc6L
  1; 18;192;0xedf8ffc63c000008020f1dd7d5f5ff97L
  1; 18;193;0xd5f5ff973c000008020f1e17b5f2ffd8L
  1; 18;194;0xb5f2ffd83c000008020f1e56e9ebffd9L
  1; 18;195;0xe9ebffd93c000008020f1e97e9e9ffdaL
  1; 18;196;0xbcbcbcbc3c000008020f2f17c5edffccL
  1; 18;197;0xc5edffcc3c000008020f2f57ddfaffcdL
  1; 18;198;0xddfaffcd3c000008020f2f97fdffff8eL
  1; 18;199;0xfdffff8e3c000008020f2fd7a9faffcfL
  1; 18;200;0xa9faffcf3c000008020f2c17edfbffe0L
  1; 18;201;0xedfbffe03c000008020f2c576deeffe1L
  1; 18;202;0x6deeffe13c000008020f2c97c9f4fff2L
  1; 18;203;0xc9f4fff23c000008020f2cd7f9fffff3L
  1; 18;204;0xf9fffff33c000008020f2d17fdfffff4L
  1; 18;205;0xfdfffff43c000008020f2d57c1effff5L
  1; 18;206;0xc1effff53c000008020f2d97f1f8fff6L
  1; 18;207;0xf1f8fff63c000008020f2dd7d5f5ff87L
  1; 18;208;0xd5f5ff873c000008020f2e17bdf2ffc8L
  1; 18;209;0xbdf2ffc83c000008020f2e56f1ecffc9L
  1; 18;210;0xf1ecffc93c000008020f2e97e9ecffcaL
  1; 18;211;0xbcbcbcbc3c000008020f3f17c5edfffcL
  1; 18;212;0xc5edfffc3c000008020f3f57d9fbfffdL
  1; 18;213;0xd9fbfffd3c000008020f3f97fdffffbeL
  1; 18;214;0xfdffffbe3c000008020f3fd7adf9ffffL
  1; 18;215;0xadf9ffff3c000008020f3c17e9fbffd0L
  1; 18;216;0xe9fbffd03c000008020f3c5765efffd1L
  1; 18;217;0x65efffd13c000008020f3c97c1f4ffe2L
  1; 18;218;0xc1f4ffe23c000008020f3cd7f9ffffe3L
  1; 18;219;0xf9ffffe33c000008020f3d17fdffffe4L
  1; 18;220;0xfdffffe43c000008020f3d57c1f0ffe5L
  1; 18;221;0xc1f0ffe53c000008020f3d97f1f9ffe6L
  1; 18;222;0xf1f9ffe63c000008020f3dd7d5f6ffb7L
  1; 18;223;0xd5f6ffb73c000008020f3e17c5f2fff8L
  1; 18;224;0xc5f2fff83c000008020f3e56edebfff9L
  1; 18;225;0xedebfff93c000008020f3e97e9eafffaL
  1; 18;226;0xbcbcbcbc3c000008020f0717c5edffdcL
  1; 18;227;0xc5edffdc3c000008020f0757d9fbffddL
  1; 18;228;0xd9fbffdd3c000008020f0797fdfeff9eL
  1; 18;229;0xfdfeff9e3c000008020f07d7a9f9ffdfL
  1; 18;230;0xa9f9ffdf3c000008020f0417e9fbfff0L
  1; 18;231;0xe9fbfff03c000008020f045761eefff1L
  1; 18;232;0x61eefff13c000008020f0497cdf6ffc2L
  1; 18;233;0xcdf6ffc23c000008020f04d7f5ffffc3L
  1; 18;234;0xf5ffffc33c000008020f0517fdffffc4L
  1; 18;235;0xfdffffc43c000008020f0557c1f0ffc5L
  1; 18;236;0xc1f0ffc53c000008020f0597f1faffc6L
  1; 18;237;0xf1faffc63c000008020f05d7d5f5ff97L
  1; 18;238;0xd5f5ff973c000008020f0617b9f2ffd8L
  1; 18;239;0xb9f2ffd83c000008020f0656e9ecffd9L
  1; 18;240;0xe9ecffd93c000008020f0697e9e6ffdaL
  1; 18;241;0xbcbcbcbc3c000008020f2b17c5edffccL
  1; 18;242;0xc5edffcc3c000008020f2b57ddfaffcdL
  1; 18;243;0xddfaffcd3c000008020f2b97fdfeff8eL
  1; 18;244;0xfdfeff8e3c000008020f2bd7a9f9ffcfL
  1; 18;245;0xa9f9ffcf3c000008020f2817edfaffe0L
  1; 18;246;0xedfaffe03c000008020f285771edffe1L
  1; 18;247;0x71edffe13c000008020f2897c5f4fff2L
  1; 18;248;0xc5f4fff23c000008020f28d7f5fffff3L
  1; 18;249;0xf5fffff33c000008020f2917fdfffff4L
  1; 18;250;0xfdfffff43c000008020f2957bdeffff5L
  1; 18;251;0xbdeffff53c000008020f2997edf9fff6L
  1; 18;252;0xedf9fff63c000008020f29d7d5f6ff87L
  1; 18;253;0xd5f6ff873c000008020f2a17b9f1ffc8L
  1; 18;254;0xb9f1ffc83c000008020f2a56ddebffc9L
  1; 18;255;0xddebffc93c000008020f2a97e9ecffcaL
  1; 18;256;0xbcbcbcbc3c000008020f3b17c1ebfffcL
  1; 20;  1;0xbcbcbcbc3c000008020f071715caffecL
  1; 20;  2;0x15caffec3c000008020f07577de5ffedL
  1; 20;  3;0x7de5ffed3c000008020f079769daffeeL
  1; 20;  4;0x69daffee3c000008020f07d759dfffefL
  1; 20;  5;0x59dfffef3c000008020f041785d6ffd0L
  1; 20;  6;0x85d6ffd03c000008020f0457c9eeffd1L
  1; 20;  7;0xc9eeffd13c000008020f0497a5ebffe2L
  1; 20;  8;0xa5ebffe23c000008020f04d7bdf2ffe3L
  1; 20;  9;0xbdf2ffe33c000008020f051795ebffe4L
  1; 20; 10;0x95ebffe43c000008020f05578df3ffe5L
  1; 20; 11;0x8df3ffe53c000008020f059795c9ffe6L
  1; 20; 12;0x95c9ffe63c000008020f05d7f9ffffa7L
  1; 20; 13;0xf9ffffa73c000008020f0617b1c5ffe8L
  1; 20; 14;0xb1c5ffe83c000008020f065799f5ffe9L
  1; 20; 15;0x99f5ffe93c000008020f069771e5ffeaL
  1; 20; 16;0xbcbcbcbc3c000008020f2b1739d1ffdcL
  1; 20; 17;0x39d1ffdc3c000008020f2b5781e6ffddL
  1; 20; 18;0x81e6ffdd3c000008020f2b9775d7ffdeL
  1; 20; 19;0x75d7ffde3c000008020f2bd755dcffdfL
  1; 20; 20;0x55dcffdf3c000008020f281781d7ffc0L
  1; 20; 21;0x81d7ffc03c000008020f2857c9efffc1L
  1; 20; 22;0xc9efffc13c000008020f2897a9ecffd2L
  1; 20; 23;0xa9ecffd23c000008020f28d7b9f2ffd3L
  1; 20; 24;0xb9f2ffd33c000008020f29179df0ffd4L
  1; 20; 25;0x9df0ffd43c000008020f295791f3ffd5L
  1; 20; 26;0x91f3ffd53c000008020f299799c9ffd6L
  1; 20; 27;0x99c9ffd63c000008020f29d7fdffff97L
  1; 20; 28;0xfdffff973c000008020f2a17b1c3ffd8L
  1; 20; 29;0xb1c3ffd83c000008020f2a5791f5ffd9L
  1; 20; 30;0x91f5ffd93c000008020f2a9769e5ffdaL
  1; 20; 31;0xbcbcbcbc3c000008020f3b1745d3ffccL
  1; 20; 32;0x45d3ffcc3c000008020f3b578de8ffcdL
  1; 20; 33;0x8de8ffcd3c000008020f3b9781daffceL
  1; 20; 34;0x81daffce3c000008020f3bd761daffcfL
  1; 20; 35;0x61daffcf3c000008020f38177dd2fff0L
  1; 20; 36;0x7dd2fff03c000008020f3857b9eefff1L
  1; 20; 37;0xb9eefff13c000008020f3897a9ebffc2L
  1; 20; 38;0xa9ebffc23c000008020f38d7b5f2ffc3L
  1; 20; 39;0xb5f2ffc33c000008020f391799eeffc4L
  1; 20; 40;0x99eeffc43c000008020f3957a9f3ffc5L
  1; 20; 41;0xa9f3ffc53c000008020f3997a1cdffc6L
  1; 20; 42;0xa1cdffc63c000008020f39d7f9ffff87L
  1; 20; 43;0xf9ffff873c000008020f3a17b9c0ffc8L
  1; 20; 44;0xb9c0ffc83c000008020f3a57a9f5ffc9L
  1; 20; 45;0xa9f5ffc93c000008020f3a976de6ffcaL
  1; 20; 46;0xbcbcbcbc3c000008020f031719c8ffecL
  1; 20; 47;0x19c8ffec3c000008020f03577de5ffedL
  1; 20; 48;0x7de5ffed3c000008020f039761daffeeL
  1; 20; 49;0x61daffee3c000008020f03d759dfffefL
  1; 20; 50;0x59dfffef3c000008020f001789d6ffd0L
  1; 20; 51;0x89d6ffd03c000008020f0057c5edffd1L
  1; 20; 52;0xc5edffd13c000008020f0097a5eaffe2L
  1; 20; 53;0xa5eaffe23c000008020f00d7c1f2ffe3L
  1; 20; 54;0xc1f2ffe33c000008020f011795ecffe4L
  1; 20; 55;0x95ecffe43c000008020f015791f3ffe5L
  1; 20; 56;0x91f3ffe53c000008020f019795cbffe6L
  1; 20; 57;0x95cbffe63c000008020f01d7f9ffffa7L
  1; 20; 58;0xf9ffffa73c000008020f0217b1c5ffe8L
  1; 20; 59;0xb1c5ffe83c000008020f025795f4ffe9L
  1; 20; 60;0x95f4ffe93c000008020f029775e6ffeaL
  1; 20; 61;0xbcbcbcbc3c000008020f271731cfffdcL
  1; 20; 62;0x31cfffdc3c000008020f27577de6ffddL
  1; 20; 63;0x7de6ffdd3c000008020f279775d6ffdeL
  1; 20; 64;0x75d6ffde3c000008020f27d74ddbffdfL
  1; 20; 65;0x4ddbffdf3c000008020f241781d5ffc0L
  1; 20; 66;0x81d5ffc03c000008020f2457c9eeffc1L
  1; 20; 67;0xc9eeffc13c000008020f2497a9ecffd2L
  1; 20; 68;0xa9ecffd23c000008020f24d7b9f2ffd3L
  1; 20; 69;0xb9f2ffd33c000008020f251795eeffd4L
  1; 20; 70;0x95eeffd43c000008020f255795f4ffd5L
  1; 20; 71;0x95f4ffd53c000008020f259795c9ffd6L
  1; 20; 72;0x95c9ffd63c000008020f25d7fdffff97L
  1; 20; 73;0xfdffff973c000008020f2617b5c3ffd8L
  1; 20; 74;0xb5c3ffd83c000008020f26578df4ffd9L
  1; 20; 75;0x8df4ffd93c000008020f269769e4ffdaL
  1; 20; 76;0xbcbcbcbc3c000008020f371741d0ffccL
  1; 20; 77;0x41d0ffcc3c000008020f37578de6ffcdL
  1; 20; 78;0x8de6ffcd3c000008020f379779d8ffceL
  1; 20; 79;0x79d8ffce3c000008020f37d755d7ffcfL
  1; 20; 80;0x55d7ffcf3c000008020f341779d0fff0L
  1; 20; 81;0x79d0fff03c000008020f3457b1edfff1L
  1; 20; 82;0xb1edfff13c000008020f3497a9ecffc2L
  1; 20; 83;0xa9ecffc23c000008020f34d7b9f1ffc3L
  1; 20; 84;0xb9f1ffc33c000008020f351799edffc4L
  1; 20; 85;0x99edffc43c000008020f3557a1f3ffc5L
  1; 20; 86;0xa1f3ffc53c000008020f3597a1ceffc6L
  1; 20; 87;0xa1ceffc63c000008020f35d7f9ffff87L
  1; 20; 88;0xf9ffff873c000008020f3617b5beffc8L
  1; 20; 89;0xb5beffc83c000008020f36579df5ffc9L
  1; 20; 90;0x9df5ffc93c000008020f369769e5ffcaL
  1; 20; 91;0xbcbcbcbc3c000008020f3f171dc9ffecL
  1; 20; 92;0x1dc9ffec3c000008020f3f577de4ffedL
  1; 20; 93;0x7de4ffed3c000008020f3f9765daffeeL
  1; 20; 94;0x65daffee3c000008020f3fd75ddeffefL
  1; 20; 95;0x5ddeffef3c000008020f3c1781d6ffd0L
  1; 20; 96;0x81d6ffd03c000008020f3c57c5eeffd1L
  1; 20; 97;0xc5eeffd13c000008020f3c97a5ebffe2L
  1; 20; 98;0xa5ebffe23c000008020f3cd7c1f2ffe3L
  1; 20; 99;0xc1f2ffe33c000008020f3d1799edffe4L
  1; 20;100;0x99edffe43c000008020f3d5795f3ffe5L
  1; 20;101;0x95f3ffe53c000008020f3d9799ccffe6L
  1; 20;102;0x99ccffe63c000008020f3dd7f9ffffa7L
  1; 20;103;0xf9ffffa73c000008020f3e17b9c5ffe8L
  1; 20;104;0xb9c5ffe83c000008020f3e5795f5ffe9L
  1; 20;105;0x95f5ffe93c000008020f3e9775e6ffeaL
  1; 20;106;0xbcbcbcbc3c000008020f231735d1ffdcL
  1; 20;107;0x35d1ffdc3c000008020f235785e6ffddL
  1; 20;108;0x85e6ffdd3c000008020f239771d5ffdeL
  1; 20;109;0x71d5ffde3c000008020f23d751dbffdfL
  1; 20;110;0x51dbffdf3c000008020f201779d6ffc0L
  1; 20;111;0x79d6ffc03c000008020f2057c5eeffc1L
  1; 20;112;0xc5eeffc13c000008020f2097a9ebffd2L
  1; 20;113;0xa9ebffd23c000008020f20d7b9f2ffd3L
  1; 20;114;0xb9f2ffd33c000008020f211799efffd4L
  1; 20;115;0x99efffd43c000008020f215795f3ffd5L
  1; 20;116;0x95f3ffd53c000008020f219795c8ffd6L
  1; 20;117;0x95c8ffd63c000008020f21d7fdffff17L
  1; 20;118;0xfdffff173c000008020f2217b1c3ffd8L
  1; 20;119;0xb1c3ffd83c000008020f225791f4ffd9L
  1; 20;120;0x91f4ffd93c000008020f229769e4ffdaL
  1; 20;121;0xbcbcbcbc3c000008020f331741d1ffccL
  1; 20;122;0x41d1ffcc3c000008020f33578de8ffcdL
  1; 20;123;0x8de8ffcd3c000008020f339781dcffceL
  1; 20;124;0x81dcffce3c000008020f33d765d9ffcfL
  1; 20;125;0x65d9ffcf3c000008020f301781d1fff0L
  1; 20;126;0x81d1fff03c000008020f3057b5edfff1L
  1; 20;127;0xb5edfff13c000008020f3097a9ebffc2L
  1; 20;128;0xa9ebffc23c000008020f30d7b9f2ffc3L
  1; 20;129;0xb9f2ffc33c000008020f31179dedffc4L
  1; 20;130;0x9dedffc43c000008020f3157a5f3ffc5L
  1; 20;131;0xa5f3ffc53c000008020f3197a1cfffc6L
  1; 20;132;0xa1cfffc63c000008020f31d7f5ffff87L
  1; 20;133;0xf5ffff873c000008020f3217b9c0ffc8L
  1; 20;134;0xb9c0ffc83c000008020f3257a9f6ffc9L
  1; 20;135;0xa9f6ffc93c000008020f329771e5ffcaL
  1; 20;136;0xbcbcbcbc3c000008020f3b1715c7ffecL
  1; 20;137;0x15c7ffec3c000008020f3b5779e4ffedL
  1; 20;138;0x79e4ffed3c000008020f3b975dd9ffeeL
  1; 20;139;0x5dd9ffee3c000008020f3bd759deffefL
  1; 20;140;0x59deffef3c000008020f381781d5ffd0L
  1; 20;141;0x81d5ffd03c000008020f3857c5edffd1L
  1; 20;142;0xc5edffd13c000008020f3897a5ebffe2L
  1; 20;143;0xa5ebffe23c000008020f38d7bdf2ffe3L
  1; 20;144;0xbdf2ffe33c000008020f391799ecffe4L
  1; 20;145;0x99ecffe43c000008020f39578df4ffe5L
  1; 20;146;0x8df4ffe53c000008020f399795c9ffe6L
  1; 20;147;0x95c9ffe63c000008020f39d7f5ffffa7L
  1; 20;148;0xf5ffffa73c000008020f3a17b5c4ffe8L
  1; 20;149;0xb5c4ffe83c000008020f3a5791f4ffe9L
  1; 20;150;0x91f4ffe93c000008020f3a9771e6ffeaL
  1; 20;151;0xbcbcbcbc3c000008020f1f1735ceffdcL
  1; 20;152;0x35ceffdc3c000008020f1f5785e5ffddL
  1; 20;153;0x85e5ffdd3c000008020f1f976dd6ffdeL
  1; 20;154;0x6dd6ffde3c000008020f1fd749dbffdfL
  1; 20;155;0x49dbffdf3c000008020f081769ccfff0L
  1; 20;156;0x69ccfff03c000008020f0857a5eafff1L
  1; 20;157;0xa5eafff13c000008020f0897a1eaffc2L
  1; 20;158;0xa1eaffc23c000008020f08d7a9f0ffc3L
  1; 20;159;0xa9f0ffc33c000008020f091785e9ffc4L
  1; 20;160;0x85e9ffc43c000008020f095791f3ffc5L
  1; 20;161;0x91f3ffc53c000008020f099791c6ffc6L
  1; 20;162;0x91c6ffc63c000008020f1dd7fdffff97L
  1; 20;163;0xfdffff973c000008020f1e17b1bfffd8L
  1; 20;164;0xb1bfffd83c000008020f1e5791f3ffd9L
  1; 20;165;0x91f3ffd93c000008020f1e9769e5ffdaL
  1; 20;166;0xbcbcbcbc3c000008020f2f1741d2ffccL
  1; 20;167;0x41d2ffcc3c000008020f2f5791e8ffcdL
  1; 20;168;0x91e8ffcd3c000008020f2f9785daffceL
  1; 20;169;0x85daffce3c000008020f2fd761d9ffcfL
  1; 20;170;0x61d9ffcf3c000008020f2c1775d3ffe0L
  1; 20;171;0x75d3ffe03c000008020f2c57b9eeffe1L
  1; 20;172;0xb9eeffe13c000008020f2c97a5ecfff2L
  1; 20;173;0xa5ecfff23c000008020f2cd7bdf2fff3L
  1; 20;174;0xbdf2fff33c000008020f2d178df0fff4L
  1; 20;175;0x8df0fff43c000008020f2d5799f3fff5L
  1; 20;176;0x99f3fff53c000008020f2d97a1cbfff6L
  1; 20;177;0xa1cbfff63c000008020f2dd7fdffff87L
  1; 20;178;0xfdffff873c000008020f2e17c1c1ffc8L
  1; 20;179;0xc1c1ffc83c000008020f2e57a9f7ffc9L
  1; 20;180;0xa9f7ffc93c000008020f2e9771e5ffcaL
  1; 20;181;0xbcbcbcbc3c000008020f3f172dcefffcL
  1; 20;182;0x2dcefffc3c000008020f3f5785e6fffdL
  1; 20;183;0x85e6fffd3c000008020f3f9771d3fffeL
  1; 20;184;0x71d3fffe3c000008020f3fd755d4ffffL
  1; 20;185;0x55d4ffff3c000008020f3c1785d7ffd0L
  1; 20;186;0x85d7ffd03c000008020f3c57c9eeffd1L
  1; 20;187;0xc9eeffd13c000008020f3c97a9ecffe2L
  1; 20;188;0xa9ecffe23c000008020f3cd7bdf2ffe3L
  1; 20;189;0xbdf2ffe33c000008020f3d1799eeffe4L
  1; 20;190;0x99eeffe43c000008020f3d5791f3ffe5L
  1; 20;191;0x91f3ffe53c000008020f3d9795cbffe6L
  1; 20;192;0x95cbffe63c000008020f3dd7f9ffffb7L
  1; 20;193;0xf9ffffb73c000008020f3e17b5c0fff8L
  1; 20;194;0xb5c0fff83c000008020f3e5799f3fff9L
  1; 20;195;0x99f3fff93c000008020f3e976de6fffaL
  1; 20;196;0xbcbcbcbc3c000008020f071731ceffdcL
  1; 20;197;0x31ceffdc3c000008020f075781e5ffddL
  1; 20;198;0x81e5ffdd3c000008020f079775d6ffdeL
  1; 20;199;0x75d6ffde3c000008020f07d745dbffdfL
  1; 20;200;0x45dbffdf3c000008020f041779d1fff0L
  1; 20;201;0x79d1fff03c000008020f0457b9ecfff1L
  1; 20;202;0xb9ecfff13c000008020f0497a9ebffc2L
  1; 20;203;0xa9ebffc23c000008020f04d7b5f1ffc3L
  1; 20;204;0xb5f1ffc33c000008020f051799edffc4L
  1; 20;205;0x99edffc43c000008020f0557a5f3ffc5L
  1; 20;206;0xa5f3ffc53c000008020f05979dcdffc6L
  1; 20;207;0x9dcdffc63c000008020f05d7fdffff97L
  1; 20;208;0xfdffff973c000008020f0617adbeffd8L
  1; 20;209;0xadbeffd83c000008020f06578df4ffd9L
  1; 20;210;0x8df4ffd93c000008020f069769e4ffdaL
  1; 20;211;0xbcbcbcbc3c000008020f2b1735cdffccL
  1; 20;212;0x35cdffcc3c000008020f2b5781e6ffcdL
  1; 20;213;0x81e6ffcd3c000008020f2b9771dbffceL
  1; 20;214;0x71dbffce3c000008020f2bd755d7ffcfL
  1; 20;215;0x55d7ffcf3c000008020f281765d1ffe0L
  1; 20;216;0x65d1ffe03c000008020f2857adedffe1L
  1; 20;217;0xadedffe13c000008020f2897a1ebfff2L
  1; 20;218;0xa1ebfff23c000008020f28d7b9f1fff3L
  1; 20;219;0xb9f1fff33c000008020f291785eefff4L
  1; 20;220;0x85eefff43c000008020f295791f3fff5L
  1; 20;221;0x91f3fff53c000008020f299799c8fff6L
  1; 20;222;0x99c8fff63c000008020f29d7f9ffff87L
  1; 20;223;0xf9ffff873c000008020f2a17b1bdffc8L
  1; 20;224;0xb1bdffc83c000008020f2a579df4ffc9L
  1; 20;225;0x9df4ffc93c000008020f2a9769e5ffcaL
  1; 20;226;0xbcbcbcbc3c000008020f3b171dcbfffcL
  1; 20;227;0x1dcbfffc3c000008020f3b5781e5fffdL
  1; 20;228;0x81e5fffd3c000008020f3b9771cffffeL
  1; 20;229;0x71cffffe3c000008020f3bd74dd3ffffL
  1; 20;230;0x4dd3ffff3c000008020f381781d6ffd0L
  1; 20;231;0x81d6ffd03c000008020f3857c5ecffd1L
  1; 20;232;0xc5ecffd13c000008020f3897a5ebffe2L
  1; 20;233;0xa5ebffe23c000008020f38d7bdf2ffe3L
  1; 20;234;0xbdf2ffe33c000008020f391795edffe4L
  1; 20;235;0x95edffe43c000008020f39578df3ffe5L
  1; 20;236;0x8df3ffe53c000008020f399799caffe6L
  1; 20;237;0x99caffe63c000008020f39d7f5ffffb7L
  1; 20;238;0xf5ffffb73c000008020f3a17a9bcfff8L
  1; 20;239;0xa9bcfff83c000008020f3a5795f2fff9L
  1; 20;240;0x95f2fff93c000008020f3a9769e6fffaL
  1; 20;241;0xbcbcbcbc3c000008020f031735d0ffdcL
  1; 20;242;0x35d0ffdc3c000008020f035785e6ffddL
  1; 20;243;0x85e6ffdd3c000008020f039775d6ffdeL
  1; 20;244;0x75d6ffde3c000008020f03d749dcffdfL
  1; 20;245;0x49dcffdf3c000008020f00177dd2fff0L
  1; 20;246;0x7dd2fff03c000008020f0057b9eefff1L
  1; 20;247;0xb9eefff13c000008020f0097a9ebffc2L
  1; 20;248;0xa9ebffc23c000008020f00d7b5f2ffc3L
  1; 20;249;0xb5f2ffc33c000008020f01179deeffc4L
  1; 20;250;0x9deeffc43c000008020f0157a9f3ffc5L
  1; 20;251;0xa9f3ffc53c000008020f0197a5ceffc6L
  1; 20;252;0xa5ceffc63c000008020f01d7fdffff97L
  1; 20;253;0xfdffff973c000008020f0217b1c1ffd8L
  1; 20;254;0xb1c1ffd83c000008020f025795f4ffd9L
  1; 20;255;0x95f4ffd93c000008020f029771e4ffdaL
  1; 20;256;0xbcbcbcbc3c000008020f271741d3ffccL
