Link ID; Channel ID; Line; Data 
  1; 15;  1;0xbcbcbcbc3c3d2008020f0195f56cffccL
  1; 15;  2;0xf56cffcc3c3d2008020f01954d69ffcdL
  1; 15;  3;0x4d69ffcd3c3d2008020f01958d65ffceL
  1; 15;  4;0x8d65ffce3c3d2008020f01953978ffcfL
  1; 15;  5;0x3978ffcf3c3d2008020f01958d5dffc0L
  1; 15;  6;0x8d5dffc03c3d2008020f01958578ffc1L
  1; 15;  7;0x8578ffc13c3d2008020f01958d82ffc2L
  1; 15;  8;0x8d82ffc23c3d2008020f0195b961ffc3L
  1; 15;  9;0xb961ffc33c3d2008020f0195e19bffc4L
  1; 15; 10;0xe19bffc43c3d2008020f01954998ffc5L
  1; 15; 11;0x4998ffc53c3d2008020f0195ed85ffc6L
  1; 15; 12;0xed85ffc63c3d2008020f0194f560ffc7L
  1; 15; 13;0xf560ffc73c3d2008020f0195dd5affc8L
  1; 15; 14;0xdd5affc83c3d2008020f0194d986ffc9L
  1; 15; 15;0xd986ffc93c3d2008020f0195d58fffcaL
  1; 15; 16;0xbcbcbcbc3c3d4008020f2195f968ffdcL
  1; 15; 17;0xf968ffdc3c3d4008020f21953d6dffddL
  1; 15; 18;0x3d6dffdd3c3d4008020f21958965ffdeL
  1; 15; 19;0x8965ffde3c3d4008020f21951d80ffdfL
  1; 15; 20;0x1d80ffdf3c3d4008020f2195795cffd0L
  1; 15; 21;0x795cffd03c3d4008020f21956d80ffd1L
  1; 15; 22;0x6d80ffd13c3d4008020f2195a981ffd2L
  1; 15; 23;0xa981ffd23c3d4008020f2195a95effd3L
  1; 15; 24;0xa95effd33c3d4008020f2195dd9fffd4L
  1; 15; 25;0xdd9fffd43c3d4008020f2195599affd5L
  1; 15; 26;0x599affd53c3d4008020f2195f187ffd6L
  1; 15; 27;0xf187ffd63c3d4008020f21950959ffd7L
  1; 15; 28;0x959ffd73c3d4008020f2195d95effd8L
  1; 15; 29;0xd95effd83c3d4008020f2194e587ffd9L
  1; 15; 30;0xe587ffd93c3d4008020f2195c593ffdaL
  1; 15; 31;0xbcbcbcbc3c3d6008020f0195ed6cffecL
  1; 15; 32;0xed6cffec3c3d6008020f0195496cffedL
  1; 15; 33;0x496cffed3c3d6008020f0195996cffeeL
  1; 15; 34;0x996cffee3c3d6008020f01952d79ffefL
  1; 15; 35;0x2d79ffef3c3d6008020f0195a15fffe0L
  1; 15; 36;0xa15fffe03c3d6008020f0195797cffe1L
  1; 15; 37;0x797cffe13c3d6008020f0195997effe2L
  1; 15; 38;0x997effe23c3d6008020f0195a160ffe3L
  1; 15; 39;0xa160ffe33c3d6008020f0195d1a3ffe4L
  1; 15; 40;0xd1a3ffe43c3d6008020f01953d98ffe5L
  1; 15; 41;0x3d98ffe53c3d6008020f0195f988ffe6L
  1; 15; 42;0xf988ffe63c3d6008020f0194f95cffe7L
  1; 15; 43;0xf95cffe73c3d6008020f0195d962ffe8L
  1; 15; 44;0xd962ffe83c3d6008020f0194dd86ffe9L
  1; 15; 45;0xdd86ffe93c3d6008020f0195c994ffeaL
  1; 15; 46;0xbcbcbcbc3c3d8008020f2196016bfffcL
  1; 15; 47;0x16bfffc3c3d8008020f21953167fffdL
  1; 15; 48;0x3167fffd3c3d8008020f21959d62fffeL
  1; 15; 49;0x9d62fffe3c3d8008020f21952d76ffffL
  1; 15; 50;0x2d76ffff3c3d8008020f21958955fff0L
  1; 15; 51;0x8955fff03c3d8008020f2195657bfff1L
  1; 15; 52;0x657bfff13c3d8008020f2195997bfff2L
  1; 15; 53;0x997bfff23c3d8008020f2195915bfff3L
  1; 15; 54;0x915bfff33c3d8008020f2195d19cfff4L
  1; 15; 55;0xd19cfff43c3d8008020f21953998fff5L
  1; 15; 56;0x3998fff53c3d8008020f2195dd82fff6L
  1; 15; 57;0xdd82fff63c3d8008020f2194f95efff7L
  1; 15; 58;0xf95efff73c3d8008020f2195c560fff8L
  1; 15; 59;0xc560fff83c3d8008020f2194b984fff9L
  1; 15; 60;0xb984fff93c3d8008020f2195cd8ffffaL
  1; 15; 61;0xbcbcbcbc3c3da008020f01960570ffccL
  1; 15; 62;0x570ffcc3c3da008020f0195556cffcdL
  1; 15; 63;0x556cffcd3c3da008020f01959969ffceL
  1; 15; 64;0x9969ffce3c3da008020f0195417affcfL
  1; 15; 65;0x417affcf3c3da008020f01958960ffc0L
  1; 15; 66;0x8960ffc03c3da008020f0195917cffc1L
  1; 15; 67;0x917cffc13c3da008020f01959586ffc2L
  1; 15; 68;0x9586ffc23c3da008020f0195bd65ffc3L
  1; 15; 69;0xbd65ffc33c3da008020f0195f5a0ffc4L
  1; 15; 70;0xf5a0ffc43c3da008020f0195559affc5L
  1; 15; 71;0x559affc53c3da008020f01960586ffc6L
  1; 15; 72;0x586ffc63c3da008020f01950960ffc7L
  1; 15; 73;0x960ffc73c3da008020f0195e15fffc8L
  1; 15; 74;0xe15fffc83c3da008020f0194e587ffc9L
  1; 15; 75;0xe587ffc93c3da008020f0195d993ffcaL
  1; 15; 76;0xbcbcbcbc3c3dc008020f2195f568ffdcL
  1; 15; 77;0xf568ffdc3c3dc008020f2195316dffddL
  1; 15; 78;0x316dffdd3c3dc008020f21958563ffdeL
  1; 15; 79;0x8563ffde3c3dc008020f2195197effdfL
  1; 15; 80;0x197effdf3c3dc008020f2195795bffd0L
  1; 15; 81;0x795bffd03c3dc008020f2195757effd1L
  1; 15; 82;0x757effd13c3dc008020f2195a980ffd2L
  1; 15; 83;0xa980ffd23c3dc008020f21959d5cffd3L
  1; 15; 84;0x9d5cffd33c3dc008020f2195d59effd4L
  1; 15; 85;0xd59effd43c3dc008020f2195599affd5L
  1; 15; 86;0x599affd53c3dc008020f2195e986ffd6L
  1; 15; 87;0xe986ffd63c3dc008020f21950157ffd7L
  1; 15; 88;0x157ffd73c3dc008020f2195d15dffd8L
  1; 15; 89;0xd15dffd83c3dc008020f2194f185ffd9L
  1; 15; 90;0xf185ffd93c3dc008020f2195c993ffdaL
  1; 15; 91;0xbcbcbcbc3c3de008020f0195ed6cffecL
  1; 15; 92;0xed6cffec3c3de008020f0195416effedL
  1; 15; 93;0x416effed3c3de008020f0195a56cffeeL
  1; 15; 94;0xa56cffee3c3de008020f0195297affefL
  1; 15; 95;0x297affef3c3de008020f0195a55fffe0L
  1; 15; 96;0xa55fffe03c3de008020f01956d7cffe1L
  1; 15; 97;0x6d7cffe13c3de008020f0195a17fffe2L
  1; 15; 98;0xa17fffe23c3de008020f01959d61ffe3L
  1; 15; 99;0x9d61ffe33c3de008020f0195d5a5ffe4L
  1; 15;100;0xd5a5ffe43c3de008020f01953d9affe5L
  1; 15;101;0x3d9affe53c3de008020f0195f589ffe6L
  1; 15;102;0xf589ffe63c3de008020f0194fd5bffe7L
  1; 15;103;0xfd5bffe73c3de008020f0195d963ffe8L
  1; 15;104;0xd963ffe83c3de008020f0194d986ffe9L
  1; 15;105;0xd986ffe93c3de008020f0195cd95ffeaL
  1; 15;106;0xbcbcbcbc3c3e0008020f2196016efffcL
  1; 15;107;0x16efffc3c3e0008020f2195416afffdL
  1; 15;108;0x416afffd3c3e0008020f2195a166fffeL
  1; 15;109;0xa166fffe3c3e0008020f21953979ffffL
  1; 15;110;0x3979ffff3c3e0008020f21959159fff0L
  1; 15;111;0x9159fff03c3e0008020f2195657dfff1L
  1; 15;112;0x657dfff13c3e0008020f2195957dfff2L
  1; 15;113;0x957dfff23c3e0008020f21959d5dfff3L
  1; 15;114;0x9d5dfff33c3e0008020f2195d59dfff4L
  1; 15;115;0xd59dfff43c3e0008020f2195459bfff5L
  1; 15;116;0x459bfff53c3e0008020f2195e984fff6L
  1; 15;117;0xe984fff63c3e0008020f2195015efff7L
  1; 15;118;0x15efff73c3e0008020f2195d163fff8L
  1; 15;119;0xd163fff83c3e0008020f2194cd85fff9L
  1; 15;120;0xcd85fff93c3e0008020f2195d590fffaL
  1; 15;121;0xbcbcbcbc3c3e2008020f0196016dffccL
  1; 15;122;0x16dffcc3c3e2008020f01954969ffcdL
  1; 15;123;0x4969ffcd3c3e2008020f01958d69ffceL
  1; 15;124;0x8d69ffce3c3e2008020f01953579ffcfL
  1; 15;125;0x3579ffcf3c3e2008020f0195855cffc0L
  1; 15;126;0x855cffc03c3e2008020f01958979ffc1L
  1; 15;127;0x8979ffc13c3e2008020f01959183ffc2L
  1; 15;128;0x9183ffc23c3e2008020f0195b563ffc3L
  1; 15;129;0xb563ffc33c3e2008020f0195ed9dffc4L
  1; 15;130;0xed9dffc43c3e2008020f01954596ffc5L
  1; 15;131;0x4596ffc53c3e2008020f0195f186ffc6L
  1; 15;132;0xf186ffc63c3e2008020f0194f95dffc7L
  1; 15;133;0xf95dffc73c3e2008020f0195d55bffc8L
  1; 15;134;0xd55bffc83c3e2008020f0194d985ffc9L
  1; 15;135;0xd985ffc93c3e2008020f0195e192ffcaL
  1; 15;136;0xbcbcbcbc3c3e4008020f2196056cffdcL
  1; 15;137;0x56cffdc3c3e4008020f21954570ffddL
  1; 15;138;0x4570ffdd3c3e4008020f21958567ffdeL
  1; 15;139;0x8567ffde3c3e4008020f21952983ffdfL
  1; 15;140;0x2983ffdf3c3e4008020f21958560ffd0L
  1; 15;141;0x8560ffd03c3e4008020f21957982ffd1L
  1; 15;142;0x7982ffd13c3e4008020f2195ad83ffd2L
  1; 15;143;0xad83ffd23c3e4008020f2195a962ffd3L
  1; 15;144;0xa962ffd33c3e4008020f2195e9a2ffd4L
  1; 15;145;0xe9a2ffd43c3e4008020f2195599bffd5L
  1; 15;146;0x599bffd53c3e4008020f2195f989ffd6L
  1; 15;147;0xf989ffd63c3e4008020f2195115bffd7L
  1; 15;148;0x115bffd73c3e4008020f2195e161ffd8L
  1; 15;149;0xe161ffd83c3e4008020f2194ed89ffd9L
  1; 15;150;0xed89ffd93c3e4008020f2195cd97ffdaL
  1; 15;151;0xbcbcbcbc3c3e6008020f0195e16affecL
  1; 15;152;0xe16affec3c3e6008020f01953d6affedL
  1; 15;153;0x3d6affed3c3e6008020f0195916bffeeL
  1; 15;154;0x916bffee3c3e6008020f01952977ffefL
  1; 15;155;0x2977ffef3c3e6008020f0195915bffe0L
  1; 15;156;0x915bffe03c3e6008020f0195717bffe1L
  1; 15;157;0x717bffe13c3e6008020f0195917cffe2L
  1; 15;158;0x917cffe23c3e6008020f0195915dffe3L
  1; 15;159;0x915dffe33c3e6008020f0195c5a2ffe4L
  1; 15;160;0xc5a2ffe43c3e6008020f01953599ffe5L
  1; 15;161;0x3599ffe53c3e6008020f0195e586ffe6L
  1; 15;162;0xe586ffe63c3e6008020f0194f55bffe7L
  1; 15;163;0xf55bffe73c3e6008020f0195c560ffe8L
  1; 15;164;0xc560ffe83c3e6008020f0194d584ffe9L
  1; 15;165;0xd584ffe93c3e6008020f0195cd95ffeaL
  1; 15;166;0xbcbcbcbc3c3e8008020f2195f56bfffcL
  1; 15;167;0xf56bfffc3c3e8008020f21953968fffdL
  1; 15;168;0x3968fffd3c3e8008020f21959d65fffeL
  1; 15;169;0x9d65fffe3c3e8008020f21953179ffffL
  1; 15;170;0x3179ffff3c3e8008020f21958d56fff0L
  1; 15;171;0x8d56fff03c3e8008020f2195697dfff1L
  1; 15;172;0x697dfff13c3e8008020f2195957efff2L
  1; 15;173;0x957efff23c3e8008020f21959560fff3L
  1; 15;174;0x9560fff33c3e8008020f2195d19bfff4L
  1; 15;175;0xd19bfff43c3e8008020f21953d99fff5L
  1; 15;176;0x3d99fff53c3e8008020f2195e985fff6L
  1; 15;177;0xe985fff63c3e8008020f21950560fff7L
  1; 15;178;0x560fff73c3e8008020f2195d162fff8L
  1; 15;179;0xd162fff83c3e8008020f2194c185fff9L
  1; 15;180;0xc185fff93c3e8008020f2195c98efffaL
  1; 15;181;0xbcbcbcbc3c3ea008020f01961171ffccL
  1; 15;182;0x1171ffcc3c3ea008020f0195516cffcdL
  1; 15;183;0x516cffcd3c3ea008020f01959969ffceL
  1; 15;184;0x9969ffce3c3ea008020f0195497bffcfL
  1; 15;185;0x497bffcf3c3ea008020f01958961ffc0L
  1; 15;186;0x8961ffc03c3ea008020f01958d7cffc1L
  1; 15;187;0x8d7cffc13c3ea008020f01959984ffc2L
  1; 15;188;0x9984ffc23c3ea008020f0195c165ffc3L
  1; 15;189;0xc165ffc33c3ea008020f0195f99fffc4L
  1; 15;190;0xf99fffc43c3ea008020f01955198ffc5L
  1; 15;191;0x5198ffc53c3ea008020f01960188ffc6L
  1; 15;192;0x188ffc63c3ea008020f01950962ffc7L
  1; 15;193;0x962ffc73c3ea008020f0195e960ffc8L
  1; 15;194;0xe960ffc83c3ea008020f0194e988ffc9L
  1; 15;195;0xe988ffc93c3ea008020f0195e992ffcaL
  1; 15;196;0xbcbcbcbc3c3ec008020f2195f166ffdcL
  1; 15;197;0xf166ffdc3c3ec008020f2195316dffddL
  1; 15;198;0x316dffdd3c3ec008020f21958563ffdeL
  1; 15;199;0x8563ffde3c3ec008020f21951d80ffdfL
  1; 15;200;0x1d80ffdf3c3ec008020f2195795cffd0L
  1; 15;201;0x795cffd03c3ec008020f21957180ffd1L
  1; 15;202;0x7180ffd13c3ec008020f2195a97fffd2L
  1; 15;203;0xa97fffd23c3ec008020f2195a15effd3L
  1; 15;204;0xa15effd33c3ec008020f2195d99effd4L
  1; 15;205;0xd99effd43c3ec008020f21955997ffd5L
  1; 15;206;0x5997ffd53c3ec008020f2195e586ffd6L
  1; 15;207;0xe586ffd63c3ec008020f2195055affd7L
  1; 15;208;0x55affd73c3ec008020f2195d55dffd8L
  1; 15;209;0xd55dffd83c3ec008020f2194ed86ffd9L
  1; 15;210;0xed86ffd93c3ec008020f2195bd94ffdaL
  1; 15;211;0xbcbcbcbc3c3ee008020f0195e96fffecL
  1; 15;212;0xe96fffec3c3ee008020f0195456dffedL
  1; 15;213;0x456dffed3c3ee008020f0195996fffeeL
  1; 15;214;0x996fffee3c3ee008020f01952d7affefL
  1; 15;215;0x2d7affef3c3ee008020f01959d5dffe0L
  1; 15;216;0x9d5dffe03c3ee008020f0195717bffe1L
  1; 15;217;0x717bffe13c3ee008020f0195997effe2L
  1; 15;218;0x997effe23c3ee008020f01959d5effe3L
  1; 15;219;0x9d5effe33c3ee008020f0195d1a5ffe4L
  1; 15;220;0xd1a5ffe43c3ee008020f0195399affe5L
  1; 15;221;0x399affe53c3ee008020f0195f588ffe6L
  1; 15;222;0xf588ffe63c3ee008020f0194fd5effe7L
  1; 15;223;0xfd5effe73c3ee008020f0195d565ffe8L
  1; 15;224;0xd565ffe83c3ee008020f0194dd86ffe9L
  1; 15;225;0xdd86ffe93c3ee008020f0195d997ffeaL
  1; 15;226;0xbcbcbcbc3c3f0008020f2195f16cfffcL
  1; 15;227;0xf16cfffc3c3f0008020f21953168fffdL
  1; 15;228;0x3168fffd3c3f0008020f21959162fffeL
  1; 15;229;0x9162fffe3c3f0008020f21952975ffffL
  1; 15;230;0x2975ffff3c3f0008020f21958154fff0L
  1; 15;231;0x8154fff03c3f0008020f21955979fff1L
  1; 15;232;0x5979fff13c3f0008020f2195917afff2L
  1; 15;233;0x917afff23c3f0008020f2195855efff3L
  1; 15;234;0x855efff33c3f0008020f2195c599fff4L
  1; 15;235;0xc599fff43c3f0008020f21953598fff5L
  1; 15;236;0x3598fff53c3f0008020f2195d982fff6L
  1; 15;237;0xd982fff63c3f0008020f2194f95bfff7L
  1; 15;238;0xf95bfff73c3f0008020f2195c55ffff8L
  1; 15;239;0xc55ffff83c3f0008020f2194b983fff9L
  1; 15;240;0xb983fff93c3f0008020f2195c58bfffaL
  1; 15;241;0xbcbcbcbc3c3f2008020f0196016dffccL
  1; 15;242;0x16dffcc3c3f2008020f0195516affcdL
  1; 15;243;0x516affcd3c3f2008020f01959168ffceL
  1; 15;244;0x9168ffce3c3f2008020f0195397affcfL
  1; 15;245;0x397affcf3c3f2008020f01958d5dffc0L
  1; 15;246;0x8d5dffc03c3f2008020f0195897cffc1L
  1; 15;247;0x897cffc13c3f2008020f01959184ffc2L
  1; 15;248;0x9184ffc23c3f2008020f0195b963ffc3L
  1; 15;249;0xb963ffc33c3f2008020f0195ed9fffc4L
  1; 15;250;0xed9fffc43c3f2008020f01954d99ffc5L
  1; 15;251;0x4d99ffc53c3f2008020f0195ed87ffc6L
  1; 15;252;0xed87ffc63c3f2008020f0195015effc7L
  1; 15;253;0x15effc73c3f2008020f0195d95fffc8L
  1; 15;254;0xd95fffc83c3f2008020f0194e585ffc9L
  1; 15;255;0xe585ffc93c3f2008020f0195d990ffcaL
  1; 15;256;0xbcbcbcbc3c3f4008020f2196056affdcL
  1; 16;  1;0x5d45ffe63c3ee008020f0194b168ffe7L
  1; 16;  2;0xb168ffe73c3ee008020f0194511effe8L
  1; 16;  3;0x511effe83c3ee008020f0194b12bffe9L
  1; 16;  4;0xb12bffe93c3ee008020f01946537ffeaL
  1; 16;  5;0xbcbcbcbc3c3f0008020f21951162fffcL
  1; 16;  6;0x1162fffc3c3f0008020f21947528fffdL
  1; 16;  7;0x7528fffd3c3f0008020f2194f95efffeL
  1; 16;  8;0xf95efffe3c3f0008020f2194050affffL
  1; 16;  9;0x50affff3c3f0008020f21941134fff0L
  1; 16; 10;0x1134fff03c3f0008020f2194955cfff1L
  1; 16; 11;0x955cfff13c3f0008020f21954144fff2L
  1; 16; 12;0x4144fff23c3f0008020f2194fd7bfff3L
  1; 16; 13;0xfd7bfff33c3f0008020f2195716dfff4L
  1; 16; 14;0x716dfff43c3f0008020f2194cd6bffb5L
  1; 16; 15;0xcd6bffb53c3f0008020f21956942fff6L
  1; 16; 16;0x6942fff63c3f0008020f2194b96dfff7L
  1; 16; 17;0xb96dfff73c3f0008020f21944921fff8L
  1; 16; 18;0x4921fff83c3f0008020f2194c535fff9L
  1; 16; 19;0xc535fff93c3f0008020f2194653bfffaL
  1; 16; 20;0xbcbcbcbc3c3f2008020f01951967ffccL
  1; 16; 21;0x1967ffcc3c3f2008020f0194792effcdL
  1; 16; 22;0x792effcd3c3f2008020f0195055affceL
  1; 16; 23;0x55affce3c3f2008020f01941104ffcfL
  1; 16; 24;0x1104ffcf3c3f2008020f01941133ffc0L
  1; 16; 25;0x1133ffc03c3f2008020f0194955dffc1L
  1; 16; 26;0x955dffc13c3f2008020f0195413bffc2L
  1; 16; 27;0x413bffc23c3f2008020f0195057affc3L
  1; 16; 28;0x57affc33c3f2008020f01956d73ffc4L
  1; 16; 29;0x6d73ffc43c3f2008020f0194cd6bff85L
  1; 16; 30;0xcd6bff853c3f2008020f01956548ffc6L
  1; 16; 31;0x6548ffc63c3f2008020f0194a96affc7L
  1; 16; 32;0xa96affc73c3f2008020f0194651effc8L
  1; 16; 33;0x651effc83c3f2008020f0194d12dffc9L
  1; 16; 34;0xd12dffc93c3f2008020f01946938ffcaL
  1; 16; 35;0xbcbcbcbc3c3f4008020f21951162ffdcL
  1; 16; 36;0x1162ffdc3c3f4008020f21948129ffddL
  1; 16; 37;0x8129ffdd3c3f4008020f2195015dffdeL
  1; 16; 38;0x15dffde3c3f4008020f2193f509ffdfL
  1; 16; 39;0xf509ffdf3c3f4008020f21941932ffd0L
  1; 16; 40;0x1932ffd03c3f4008020f2194715dffd1L
  1; 16; 41;0x715dffd13c3f4008020f21954541ffd2L
  1; 16; 42;0x4541ffd23c3f4008020f2194f97affd3L
  1; 16; 43;0xf97affd33c3f4008020f21956171ffd4L
  1; 16; 44;0x6171ffd43c3f4008020f2194c569ffd5L
  1; 16; 45;0xc569ffd53c3f4008020f2195594bffd6L
  1; 16; 46;0x594bffd63c3f4008020f2194b566ffd7L
  1; 16; 47;0xb566ffd73c3f4008020f21944920ffd8L
  1; 16; 48;0x4920ffd83c3f4008020f2194c133ffd9L
  1; 16; 49;0xc133ffd93c3f4008020f2194653affdaL
  1; 16; 50;0xbcbcbcbc3c3f6008020f01951164ffecL
  1; 16; 51;0x1164ffec3c3f6008020f0194792cffedL
  1; 16; 52;0x792cffed3c3f6008020f01950560ffeeL
  1; 16; 53;0x560ffee3c3f6008020f01940905ffefL
  1; 16; 54;0x905ffef3c3f6008020f0193ed32ffe0L
  1; 16; 55;0xed32ffe03c3f6008020f0194815dffe1L
  1; 16; 56;0x815dffe13c3f6008020f0195413effe2L
  1; 16; 57;0x413effe23c3f6008020f0194fd76ffe3L
  1; 16; 58;0xfd76ffe33c3f6008020f01958570ffe4L
  1; 16; 59;0x8570ffe43c3f6008020f0194c56affe5L
  1; 16; 60;0xc56affe53c3f6008020f01956d45ffe6L
  1; 16; 61;0x6d45ffe63c3f6008020f0194b56bffe7L
  1; 16; 62;0xb56bffe73c3f6008020f01945921ffe8L
  1; 16; 63;0x5921ffe83c3f6008020f0194ad2effe9L
  1; 16; 64;0xad2effe93c3f6008020f01946138ffeaL
  1; 16; 65;0xbcbcbcbc3c3f8008020f21950960fffcL
  1; 16; 66;0x960fffc3c3f8008020f21946526fffdL
  1; 16; 67;0x6526fffd3c3f8008020f2194ed5cfffeL
  1; 16; 68;0xed5cfffe3c3f8008020f21940506ffffL
  1; 16; 69;0x506ffff3c3f8008020f21940d32fff0L
  1; 16; 70;0xd32fff03c3f8008020f21948d5bfff1L
  1; 16; 71;0x8d5bfff13c3f8008020f21953540fff2L
  1; 16; 72;0x3540fff23c3f8008020f2194f977fff3L
  1; 16; 73;0xf977fff33c3f8008020f21956d6cfff4L
  1; 16; 74;0x6d6cfff43c3f8008020f2194c96bfff5L
  1; 16; 75;0xc96bfff53c3f8008020f21955940fff6L
  1; 16; 76;0x5940fff63c3f8008020f2194b969fff7L
  1; 16; 77;0xb969fff73c3f8008020f21944921fff8L
  1; 16; 78;0x4921fff83c3f8008020f2194bd33fff9L
  1; 16; 79;0xbd33fff93c3f8008020f21946137fffaL
  1; 16; 80;0xbcbcbcbc3c3fa008020f01951165ffccL
  1; 16; 81;0x1165ffcc3c3fa008020f01947d2cffcdL
  1; 16; 82;0x7d2cffcd3c3fa008020f01951159ffceL
  1; 16; 83;0x1159ffce3c3fa008020f01940d05ffcfL
  1; 16; 84;0xd05ffcf3c3fa008020f01941932ffc0L
  1; 16; 85;0x1932ffc03c3fa008020f0194915effc1L
  1; 16; 86;0x915effc13c3fa008020f01953d3dffc2L
  1; 16; 87;0x3d3dffc23c3fa008020f0195097affc3L
  1; 16; 88;0x97affc33c3fa008020f01957172ffc4L
  1; 16; 89;0x7172ffc43c3fa008020f0194c96bffc5L
  1; 16; 90;0xc96bffc53c3fa008020f01956548ffc6L
  1; 16; 91;0x6548ffc63c3fa008020f0194a56affc7L
  1; 16; 92;0xa56affc73c3fa008020f01946520ffc8L
  1; 16; 93;0x6520ffc83c3fa008020f0194c92fffc9L
  1; 16; 94;0xc92fffc93c3fa008020f01946138ffcaL
  1; 16; 95;0xbcbcbcbc3c3fc008020f21951160ffdcL
  1; 16; 96;0x1160ffdc3c3fc008020f2194812affddL
  1; 16; 97;0x812affdd3c3fc008020f2195055effdeL
  1; 16; 98;0x55effde3c3fc008020f2193f10affdfL
  1; 16; 99;0xf10affdf3c3fc008020f21941d34ffd0L
  1; 16;100;0x1d34ffd03c3fc008020f2194755cffd1L
  1; 16;101;0x755cffd13c3fc008020f21955141ffd2L
  1; 16;102;0x5141ffd23c3fc008020f2194fd79ffd3L
  1; 16;103;0xfd79ffd33c3fc008020f21956d6fffd4L
  1; 16;104;0x6d6fffd43c3fc008020f2194c96bff95L
  1; 16;105;0xc96bff953c3fc008020f2195594affd6L
  1; 16;106;0x594affd63c3fc008020f2194ad66ffd7L
  1; 16;107;0xad66ffd73c3fc008020f21945122ffd8L
  1; 16;108;0x5122ffd83c3fc008020f2194c134ffd9L
  1; 16;109;0xc134ffd93c3fc008020f2194693dffdaL
  1; 16;110;0xbcbcbcbc3c3fe008020f01950963ffecL
  1; 16;111;0x963ffec3c3fe008020f0194752bffedL
  1; 16;112;0x752bffed3c3fe008020f0195095effeeL
  1; 16;113;0x95effee3c3fe008020f01940105ffefL
  1; 16;114;0x105ffef3c3fe008020f0193ed31ffe0L
  1; 16;115;0xed31ffe03c3fe008020f01947d5effe1L
  1; 16;116;0x7d5effe13c3fe008020f01953d3cffe2L
  1; 16;117;0x3d3cffe23c3fe008020f01950975ffe3L
  1; 16;118;0x975ffe33c3fe008020f01958171ffe4L
  1; 16;119;0x8171ffe43c3fe008020f0194c16affa5L
  1; 16;120;0xc16affa53c3fe008020f01956547ffe6L
  1; 16;121;0x6547ffe63c3fe008020f0194b169ffe7L
  1; 16;122;0xb169ffe73c3fe008020f01946121ffe8L
  1; 16;123;0x6121ffe83c3fe008020f0194b12dffe9L
  1; 16;124;0xb12dffe93c3fe008020f01946d37ffeaL
  1; 16;125;0xbcbcbcbc3c3c0008020f21951161fffcL
  1; 16;126;0x1161fffc3c3c0008020f21946d27fffdL
  1; 16;127;0x6d27fffd3c3c0008020f2194f55ffffeL
  1; 16;128;0xf55ffffe3c3c0008020f21940d09ffffL
  1; 16;129;0xd09ffff3c3c0008020f21941533fff0L
  1; 16;130;0x1533fff03c3c0008020f2194955cfff1L
  1; 16;131;0x955cfff13c3c0008020f21953d44fff2L
  1; 16;132;0x3d44fff23c3c0008020f2194f97bfff3L
  1; 16;133;0xf97bfff33c3c0008020f2195716dfff4L
  1; 16;134;0x716dfff43c3c0008020f2194d16efff5L
  1; 16;135;0xd16efff53c3c0008020f21956942fff6L
  1; 16;136;0x6942fff63c3c0008020f2194bd6bfff7L
  1; 16;137;0xbd6bfff73c3c0008020f21944d22fff8L
  1; 16;138;0x4d22fff83c3c0008020f2194c535fff9L
  1; 16;139;0xc535fff93c3c0008020f2194653bfffaL
  1; 16;140;0xbcbcbcbc3c3c2008020f01951164ffccL
  1; 16;141;0x1164ffcc3c3c2008020f01947d2cffcdL
  1; 16;142;0x7d2cffcd3c3c2008020f01950959ffceL
  1; 16;143;0x959ffce3c3c2008020f01940901ffcfL
  1; 16;144;0x901ffcf3c3c2008020f01940931ffc0L
  1; 16;145;0x931ffc03c3c2008020f01948d5bffc1L
  1; 16;146;0x8d5bffc13c3c2008020f0195393cffc2L
  1; 16;147;0x393cffc23c3c2008020f01950177ffc3L
  1; 16;148;0x177ffc33c3c2008020f01956d71ffc4L
  1; 16;149;0x6d71ffc43c3c2008020f0194c56aff85L
  1; 16;150;0xc56aff853c3c2008020f01955d48ffc6L
  1; 16;151;0x5d48ffc63c3c2008020f0194ad6affc7L
  1; 16;152;0xad6affc73c3c2008020f0194591effc8L
  1; 16;153;0x591effc83c3c2008020f0194c52dffc9L
  1; 16;154;0xc52dffc93c3c2008020f01946937ffcaL
  1; 16;155;0xbcbcbcbc3c3c4008020f21951d64ffdcL
  1; 16;156;0x1d64ffdc3c3c4008020f2194812bffddL
  1; 16;157;0x812bffdd3c3c4008020f2195095cffdeL
  1; 16;158;0x95cffde3c3c4008020f21940508ffdfL
  1; 16;159;0x508ffdf3c3c4008020f21942133ffd0L
  1; 16;160;0x2133ffd03c3c4008020f2194815effd1L
  1; 16;161;0x815effd13c3c4008020f21955d42ffd2L
  1; 16;162;0x5d42ffd23c3c4008020f2194fd7bffd3L
  1; 16;163;0xfd7bffd33c3c4008020f21957971ffd4L
  1; 16;164;0x7971ffd43c3c4008020f2194c56cffd5L
  1; 16;165;0xc56cffd53c3c4008020f21955d4bffd6L
  1; 16;166;0x5d4bffd63c3c4008020f2194bd69ffd7L
  1; 16;167;0xbd69ffd73c3c4008020f21945121ffd8L
  1; 16;168;0x5121ffd83c3c4008020f2194c136ffd9L
  1; 16;169;0xc136ffd93c3c4008020f21946d3dffdaL
  1; 16;170;0xbcbcbcbc3c3c6008020f01950162ffecL
  1; 16;171;0x162ffec3c3c6008020f0194752affedL
  1; 16;172;0x752affed3c3c6008020f0195055cffeeL
  1; 16;173;0x55cffee3c3c6008020f0193f502ffefL
  1; 16;174;0xf502ffef3c3c6008020f0193e131ffe0L
  1; 16;175;0xe131ffe03c3c6008020f01946d5dffe1L
  1; 16;176;0x6d5dffe13c3c6008020f0195313affe2L
  1; 16;177;0x313affe23c3c6008020f0194fd74ffe3L
  1; 16;178;0xfd74ffe33c3c6008020f01957d6dffe4L
  1; 16;179;0x7d6dffe43c3c6008020f0194c166ffa5L
  1; 16;180;0xc166ffa53c3c6008020f01956545ffe6L
  1; 16;181;0x6545ffe63c3c6008020f0194ad68ffe7L
  1; 16;182;0xad68ffe73c3c6008020f0194511effe8L
  1; 16;183;0x511effe83c3c6008020f0194ad2bffe9L
  1; 16;184;0xad2bffe93c3c6008020f01946135ffeaL
  1; 16;185;0xbcbcbcbc3c3c8008020f21950d61fffcL
  1; 16;186;0xd61fffc3c3c8008020f21946d28fffdL
  1; 16;187;0x6d28fffd3c3c8008020f2194f160fffeL
  1; 16;188;0xf160fffe3c3c8008020f21940909ffffL
  1; 16;189;0x909ffff3c3c8008020f21940d32fff0L
  1; 16;190;0xd32fff03c3c8008020f2194915bfff1L
  1; 16;191;0x915bfff13c3c8008020f21953542fff2L
  1; 16;192;0x3542fff23c3c8008020f2194ed7afff3L
  1; 16;193;0xed7afff33c3c8008020f2195716efff4L
  1; 16;194;0x716efff43c3c8008020f2194c96dfff5L
  1; 16;195;0xc96dfff53c3c8008020f21955d42fff6L
  1; 16;196;0x5d42fff63c3c8008020f2194b96bfff7L
  1; 16;197;0xb96bfff73c3c8008020f21944521fff8L
  1; 16;198;0x4521fff83c3c8008020f2194c535fff9L
  1; 16;199;0xc535fff93c3c8008020f2194613bfffaL
  1; 16;200;0xbcbcbcbc3c3ca008020f01951569ffccL
  1; 16;201;0x1569ffcc3c3ca008020f0194792dffcdL
  1; 16;202;0x792dffcd3c3ca008020f01950959ffceL
  1; 16;203;0x959ffce3c3ca008020f01940d03ffcfL
  1; 16;204;0xd03ffcf3c3ca008020f01941532ffc0L
  1; 16;205;0x1532ffc03c3ca008020f0194995dffc1L
  1; 16;206;0x995dffc13c3ca008020f0195453cffc2L
  1; 16;207;0x453cffc23c3ca008020f0195017bffc3L
  1; 16;208;0x17bffc33c3ca008020f01957573ffc4L
  1; 16;209;0x7573ffc43c3ca008020f0194d16dffc5L
  1; 16;210;0xd16dffc53c3ca008020f0195614affc6L
  1; 16;211;0x614affc63c3ca008020f0194b16cffc7L
  1; 16;212;0xb16cffc73c3ca008020f01945d20ffc8L
  1; 16;213;0x5d20ffc83c3ca008020f0194c52effc9L
  1; 16;214;0xc52effc93c3ca008020f01946d39ffcaL
  1; 16;215;0xbcbcbcbc3c3cc008020f21950d62ffdcL
  1; 16;216;0xd62ffdc3c3cc008020f21947927ffddL
  1; 16;217;0x7927ffdd3c3cc008020f2194fd5cffdeL
  1; 16;218;0xfd5cffde3c3cc008020f2193f106ffdfL
  1; 16;219;0xf106ffdf3c3cc008020f21941531ffd0L
  1; 16;220;0x1531ffd03c3cc008020f2194815affd1L
  1; 16;221;0x815affd13c3cc008020f21954d3effd2L
  1; 16;222;0x4d3effd23c3cc008020f2194f176ffd3L
  1; 16;223;0xf176ffd33c3cc008020f2195656effd4L
  1; 16;224;0x656effd43c3cc008020f2194b969ffd5L
  1; 16;225;0xb969ffd53c3cc008020f21955147ffd6L
  1; 16;226;0x5147ffd63c3cc008020f2194ad65ffd7L
  1; 16;227;0xad65ffd73c3cc008020f2194491effd8L
  1; 16;228;0x491effd83c3cc008020f2194b133ffd9L
  1; 16;229;0xb133ffd93c3cc008020f21945d39ffdaL
  1; 16;230;0xbcbcbcbc3c3ce008020f01951965ffecL
  1; 16;231;0x1965ffec3c3ce008020f0194752cffedL
  1; 16;232;0x752cffed3c3ce008020f0195115effeeL
  1; 16;233;0x115effee3c3ce008020f01940506ffefL
  1; 16;234;0x506ffef3c3ce008020f0193f132ffe0L
  1; 16;235;0xf132ffe03c3ce008020f0194755fffe1L
  1; 16;236;0x755fffe13c3ce008020f0195493effe2L
  1; 16;237;0x493effe23c3ce008020f01950979ffe3L
  1; 16;238;0x979ffe33c3ce008020f01958972ffe4L
  1; 16;239;0x8972ffe43c3ce008020f0194c96affa5L
  1; 16;240;0xc96affa53c3ce008020f01957146ffe6L
  1; 16;241;0x7146ffe63c3ce008020f0194b96bffe7L
  1; 16;242;0xb96bffe73c3ce008020f01945922ffe8L
  1; 16;243;0x5922ffe83c3ce008020f0194b92effe9L
  1; 16;244;0xb92effe93c3ce008020f01946d38ffeaL
  1; 16;245;0xbcbcbcbc3c3d0008020f2195095efffcL
  1; 16;246;0x95efffc3c3d0008020f21946926fffdL
  1; 16;247;0x6926fffd3c3d0008020f2194f15efffeL
  1; 16;248;0xf15efffe3c3d0008020f21940107ffffL
  1; 16;249;0x107ffff3c3d0008020f21940532fff0L
  1; 16;250;0x532fff03c3d0008020f2194955bfff1L
  1; 16;251;0x955bfff13c3d0008020f21953142fff2L
  1; 16;252;0x3142fff23c3d0008020f2194f979fff3L
  1; 16;253;0xf979fff33c3d0008020f2195716bfff4L
  1; 16;254;0x716bfff43c3d0008020f2194c16bffb5L
  1; 16;255;0xc16bffb53c3d0008020f21956541fff6L
  1; 16;256;0x6541fff63c3d0008020f2194b56afff7L
  1; 17;  1;0xbcbcbcbc3c3ea008020f01946138ffccL
  1; 17;  2;0x6138ffcc3c3ea008020f0194353bffcdL
  1; 17;  3;0x353bffcd3c3ea008020f0193c906ffceL
  1; 17;  4;0xc906ffce3c3ea008020f019464f7ffcfL
  1; 17;  5;0x64f7ffcf3c3ea008020f0194ed40ffc0L
  1; 17;  6;0xed40ffc03c3ea008020f01942931ffc1L
  1; 17;  7;0x2931ffc13c3ea008020f01951936ffc2L
  1; 17;  8;0x1936ffc23c3ea008020f0195753bffc3L
  1; 17;  9;0x753bffc33c3ea008020f01949964ffc4L
  1; 17; 10;0x9964ffc43c3ea008020f0194a571ffc5L
  1; 17; 11;0xa571ffc53c3ea008020f0195156fffc6L
  1; 17; 12;0x156fffc63c3ea008020f0195213cffc7L
  1; 17; 13;0x213cffc73c3ea008020f01958546ffc8L
  1; 17; 14;0x8546ffc83c3ea008020f01949d39ffc9L
  1; 17; 15;0x9d39ffc93c3ea008020f0194b143ffcaL
  1; 17; 16;0xbcbcbcbc3c3ec008020f2194593cffdcL
  1; 17; 17;0x593cffdc3c3ec008020f21945142ffddL
  1; 17; 18;0x5142ffdd3c3ec008020f2193cd09ffdeL
  1; 17; 19;0xcd09ffde3c3ec008020f21946d01ffdfL
  1; 17; 20;0x6d01ffdf3c3ec008020f2195053dffd0L
  1; 17; 21;0x53dffd03c3ec008020f21943934ffd1L
  1; 17; 22;0x3934ffd13c3ec008020f21951936ffd2L
  1; 17; 23;0x1936ffd23c3ec008020f21957139ffd3L
  1; 17; 24;0x7139ffd33c3ec008020f2194a95effd4L
  1; 17; 25;0xa95effd43c3ec008020f2194b17affd5L
  1; 17; 26;0xb17affd53c3ec008020f21950d6fffd6L
  1; 17; 27;0xd6fffd63c3ec008020f21952d43ffd7L
  1; 17; 28;0x2d43ffd73c3ec008020f2195814effd8L
  1; 17; 29;0x814effd83c3ec008020f2194a53bffd9L
  1; 17; 30;0xa53bffd93c3ec008020f2194d94affdaL
  1; 17; 31;0xbcbcbcbc3c3ee008020f01947538ffecL
  1; 17; 32;0x7538ffec3c3ee008020f01944540ffedL
  1; 17; 33;0x4540ffed3c3ee008020f0193d507ffeeL
  1; 17; 34;0xd507ffee3c3ee008020f01945d01ffefL
  1; 17; 35;0x5d01ffef3c3ee008020f0194ed41ffe0L
  1; 17; 36;0xed41ffe03c3ee008020f01944132ffe1L
  1; 17; 37;0x4132ffe13c3ee008020f01952d3affe2L
  1; 17; 38;0x2d3affe23c3ee008020f0195853cffe3L
  1; 17; 39;0x853cffe33c3ee008020f0194a563ffe4L
  1; 17; 40;0xa563ffe43c3ee008020f01948d79ffe5L
  1; 17; 41;0x8d79ffe53c3ee008020f01953d6fffe6L
  1; 17; 42;0x3d6fffe63c3ee008020f01951944ffe7L
  1; 17; 43;0x1944ffe73c3ee008020f0195794cffe8L
  1; 17; 44;0x794cffe83c3ee008020f0194a93affe9L
  1; 17; 45;0xa93affe93c3ee008020f0194c53cffeaL
  1; 17; 46;0xbcbcbcbc3c3f0008020f21947d3dfffcL
  1; 17; 47;0x7d3dfffc3c3f0008020f2194353dfffdL
  1; 17; 48;0x353dfffd3c3f0008020f2193e103fffeL
  1; 17; 49;0xe103fffe3c3f0008020f21945d01ffffL
  1; 17; 50;0x5d01ffff3c3f0008020f21950543fff0L
  1; 17; 51;0x543fff03c3f0008020f21943935fff1L
  1; 17; 52;0x3935fff13c3f0008020f21952137fff2L
  1; 17; 53;0x2137fff23c3f0008020f2195853afff3L
  1; 17; 54;0x853afff33c3f0008020f2194b963fff4L
  1; 17; 55;0xb963fff43c3f0008020f2194b978fff5L
  1; 17; 56;0xb978fff53c3f0008020f21952971fff6L
  1; 17; 57;0x2971fff63c3f0008020f2195253ffff7L
  1; 17; 58;0x253ffff73c3f0008020f21957947fff8L
  1; 17; 59;0x7947fff83c3f0008020f2194b13cfff9L
  1; 17; 60;0xb13cfff93c3f0008020f2194d540fffaL
  1; 17; 61;0xbcbcbcbc3c3f2008020f01946d3affccL
  1; 17; 62;0x6d3affcc3c3f2008020f0194413dffcdL
  1; 17; 63;0x413dffcd3c3f2008020f0193d509ffceL
  1; 17; 64;0xd509ffce3c3f2008020f019468f9ffcfL
  1; 17; 65;0x68f9ffcf3c3f2008020f0194f144ffc0L
  1; 17; 66;0xf144ffc03c3f2008020f01943533ffc1L
  1; 17; 67;0x3533ffc13c3f2008020f01952539ffc2L
  1; 17; 68;0x2539ffc23c3f2008020f0195813cffc3L
  1; 17; 69;0x813cffc33c3f2008020f0194a566ffc4L
  1; 17; 70;0xa566ffc43c3f2008020f0194b174ffc5L
  1; 17; 71;0xb174ffc53c3f2008020f0195196fffc6L
  1; 17; 72;0x196fffc63c3f2008020f01952541ffc7L
  1; 17; 73;0x2541ffc73c3f2008020f01958d4affc8L
  1; 17; 74;0x8d4affc83c3f2008020f0194ad3affc9L
  1; 17; 75;0xad3affc93c3f2008020f0194b944ffcaL
  1; 17; 76;0xbcbcbcbc3c3f4008020f2194593bffdcL
  1; 17; 77;0x593bffdc3c3f4008020f21944943ffddL
  1; 17; 78;0x4943ffdd3c3f4008020f2193d507ffdeL
  1; 17; 79;0xd507ffde3c3f4008020f21947501ffdfL
  1; 17; 80;0x7501ffdf3c3f4008020f2194fd3effd0L
  1; 17; 81;0xfd3effd03c3f4008020f21942d32ffd1L
  1; 17; 82;0x2d32ffd13c3f4008020f21951936ffd2L
  1; 17; 83;0x1936ffd23c3f4008020f2195753affd3L
  1; 17; 84;0x753affd33c3f4008020f2194b15effd4L
  1; 17; 85;0xb15effd43c3f4008020f2194a97bffd5L
  1; 17; 86;0xa97bffd53c3f4008020f21950d6dffd6L
  1; 17; 87;0xd6dffd63c3f4008020f21952944ffd7L
  1; 17; 88;0x2944ffd73c3f4008020f2195794effd8L
  1; 17; 89;0x794effd83c3f4008020f2194a13affd9L
  1; 17; 90;0xa13affd93c3f4008020f2194dd48ffdaL
  1; 17; 91;0xbcbcbcbc3c3f6008020f0194813bffecL
  1; 17; 92;0x813bffec3c3f6008020f01944942ffedL
  1; 17; 93;0x4942ffed3c3f6008020f0193d909ffeeL
  1; 17; 94;0xd909ffee3c3f6008020f01946102ffefL
  1; 17; 95;0x6102ffef3c3f6008020f01950142ffe0L
  1; 17; 96;0x142ffe03c3f6008020f01944535ffe1L
  1; 17; 97;0x4535ffe13c3f6008020f0195353cffe2L
  1; 17; 98;0x353cffe23c3f6008020f0195953effe3L
  1; 17; 99;0x953effe33c3f6008020f0194a964ffe4L
  1; 17;100;0xa964ffe43c3f6008020f0194957dffe5L
  1; 17;101;0x957dffe53c3f6008020f01953d71ffe6L
  1; 17;102;0x3d71ffe63c3f6008020f01951d45ffe7L
  1; 17;103;0x1d45ffe73c3f6008020f0195814effe8L
  1; 17;104;0x814effe83c3f6008020f0194a13affe9L
  1; 17;105;0xa13affe93c3f6008020f0194cd3dffeaL
  1; 17;106;0xbcbcbcbc3c3f8008020f2194713dfffcL
  1; 17;107;0x713dfffc3c3f8008020f21942d3bfffdL
  1; 17;108;0x2d3bfffd3c3f8008020f2193d102fffeL
  1; 17;109;0xd102fffe3c3f8008020f219454fcffffL
  1; 17;110;0x54fcffff3c3f8008020f2194f543fff0L
  1; 17;111;0xf543fff03c3f8008020f21942931fff1L
  1; 17;112;0x2931fff13c3f8008020f21952136fff2L
  1; 17;113;0x2136fff23c3f8008020f21957d38fff3L
  1; 17;114;0x7d38fff33c3f8008020f2194b160fff4L
  1; 17;115;0xb160fff43c3f8008020f2194b178fff5L
  1; 17;116;0xb178fff53c3f8008020f2195196efff6L
  1; 17;117;0x196efff63c3f8008020f21951d3efff7L
  1; 17;118;0x1d3efff73c3f8008020f21957144fff8L
  1; 17;119;0x7144fff83c3f8008020f2194a537fff9L
  1; 17;120;0xa537fff93c3f8008020f2194c93cfffaL
  1; 17;121;0xbcbcbcbc3c3fa008020f01946d3cffccL
  1; 17;122;0x6d3cffcc3c3fa008020f0194393bffcdL
  1; 17;123;0x393bffcd3c3fa008020f0193d509ffceL
  1; 17;124;0xd509ffce3c3fa008020f01946cfbffcfL
  1; 17;125;0x6cfbffcf3c3fa008020f0194f541ffc0L
  1; 17;126;0xf541ffc03c3fa008020f01943131ffc1L
  1; 17;127;0x3131ffc13c3fa008020f01952938ffc2L
  1; 17;128;0x2938ffc23c3fa008020f01957d3bffc3L
  1; 17;129;0x7d3bffc33c3fa008020f0194a567ffc4L
  1; 17;130;0xa567ffc43c3fa008020f0194ad75ffc5L
  1; 17;131;0xad75ffc53c3fa008020f0195196fffc6L
  1; 17;132;0x196fffc63c3fa008020f01952540ffc7L
  1; 17;133;0x2540ffc73c3fa008020f01959149ffc8L
  1; 17;134;0x9149ffc83c3fa008020f0194a93bffc9L
  1; 17;135;0xa93bffc93c3fa008020f0194c145ffcaL
  1; 17;136;0xbcbcbcbc3c3fc008020f2194593effdcL
  1; 17;137;0x593effdc3c3fc008020f21944d44ffddL
  1; 17;138;0x4d44ffdd3c3fc008020f2193cd08ffdeL
  1; 17;139;0xcd08ffde3c3fc008020f21947102ffdfL
  1; 17;140;0x7102ffdf3c3fc008020f2195053effd0L
  1; 17;141;0x53effd03c3fc008020f21943533ffd1L
  1; 17;142;0x3533ffd13c3fc008020f21952136ffd2L
  1; 17;143;0x2136ffd23c3fc008020f2195753affd3L
  1; 17;144;0x753affd33c3fc008020f2194ad5dffd4L
  1; 17;145;0xad5dffd43c3fc008020f2194b17bffd5L
  1; 17;146;0xb17bffd53c3fc008020f2195196effd6L
  1; 17;147;0x196effd63c3fc008020f21952944ffd7L
  1; 17;148;0x2944ffd73c3fc008020f21957d4dffd8L
  1; 17;149;0x7d4dffd83c3fc008020f2194a539ffd9L
  1; 17;150;0xa539ffd93c3fc008020f2194dd48ffdaL
  1; 17;151;0xbcbcbcbc3c3fe008020f01947937ffecL
  1; 17;152;0x7937ffec3c3fe008020f01944d42ffedL
  1; 17;153;0x4d42ffed3c3fe008020f0193d109ffeeL
  1; 17;154;0xd109ffee3c3fe008020f01945d02ffefL
  1; 17;155;0x5d02ffef3c3fe008020f0194ed44ffe0L
  1; 17;156;0xed44ffe03c3fe008020f01943935ffe1L
  1; 17;157;0x3935ffe13c3fe008020f01952939ffe2L
  1; 17;158;0x2939ffe23c3fe008020f0195893cffe3L
  1; 17;159;0x893cffe33c3fe008020f0194ad64ffe4L
  1; 17;160;0xad64ffe43c3fe008020f0194917bffe5L
  1; 17;161;0x917bffe53c3fe008020f0195356effe6L
  1; 17;162;0x356effe63c3fe008020f01951d45ffe7L
  1; 17;163;0x1d45ffe73c3fe008020f0195814cffe8L
  1; 17;164;0x814cffe83c3fe008020f0194a538ffe9L
  1; 17;165;0xa538ffe93c3fe008020f0194cd3dffeaL
  1; 17;166;0xbcbcbcbc3c3c0008020f2194793ffffcL
  1; 17;167;0x793ffffc3c3c0008020f2194353dfffdL
  1; 17;168;0x353dfffd3c3c0008020f2193dd06fffeL
  1; 17;169;0xdd06fffe3c3c0008020f21946501ffffL
  1; 17;170;0x6501ffff3c3c0008020f21950544fff0L
  1; 17;171;0x544fff03c3c0008020f21943534fff1L
  1; 17;172;0x3534fff13c3c0008020f21952938fff2L
  1; 17;173;0x2938fff23c3c0008020f21958d3bfff3L
  1; 17;174;0x8d3bfff33c3c0008020f2194b962fff4L
  1; 17;175;0xb962fff43c3c0008020f2194c17afff5L
  1; 17;176;0xc17afff53c3c0008020f21952571fff6L
  1; 17;177;0x2571fff63c3c0008020f21953543fff7L
  1; 17;178;0x3543fff73c3c0008020f21958147fff8L
  1; 17;179;0x8147fff83c3c0008020f2194b13cfff9L
  1; 17;180;0xb13cfff93c3c0008020f2194d53efffaL
  1; 17;181;0xbcbcbcbc3c3c2008020f01946938ffccL
  1; 17;182;0x6938ffcc3c3c2008020f0194393cffcdL
  1; 17;183;0x393cffcd3c3c2008020f0193d508ffceL
  1; 17;184;0xd508ffce3c3c2008020f019464f9ffcfL
  1; 17;185;0x64f9ffcf3c3c2008020f0194e93fffc0L
  1; 17;186;0xe93fffc03c3c2008020f01942930ffc1L
  1; 17;187;0x2930ffc13c3c2008020f01951d38ffc2L
  1; 17;188;0x1d38ffc23c3c2008020f01957139ffc3L
  1; 17;189;0x7139ffc33c3c2008020f01949964ffc4L
  1; 17;190;0x9964ffc43c3c2008020f0194ad74ffc5L
  1; 17;191;0xad74ffc53c3c2008020f0195156dffc6L
  1; 17;192;0x156dffc63c3c2008020f0195213effc7L
  1; 17;193;0x213effc73c3c2008020f01958948ffc8L
  1; 17;194;0x8948ffc83c3c2008020f0194a939ffc9L
  1; 17;195;0xa939ffc93c3c2008020f0194b545ffcaL
  1; 17;196;0xbcbcbcbc3c3c4008020f2194513dffdcL
  1; 17;197;0x513dffdc3c3c4008020f21944943ffddL
  1; 17;198;0x4943ffdd3c3c4008020f2193d909ffdeL
  1; 17;199;0xd909ffde3c3c4008020f21947900ffdfL
  1; 17;200;0x7900ffdf3c3c4008020f2195053dffd0L
  1; 17;201;0x53dffd03c3c4008020f21942d32ffd1L
  1; 17;202;0x2d32ffd13c3c4008020f21951d37ffd2L
  1; 17;203;0x1d37ffd23c3c4008020f2195753affd3L
  1; 17;204;0x753affd33c3c4008020f2194b15dffd4L
  1; 17;205;0xb15dffd43c3c4008020f2194ad7affd5L
  1; 17;206;0xad7affd53c3c4008020f21950d6fffd6L
  1; 17;207;0xd6fffd63c3c4008020f21952146ffd7L
  1; 17;208;0x2146ffd73c3c4008020f21957d4dffd8L
  1; 17;209;0x7d4dffd83c3c4008020f2194ad3affd9L
  1; 17;210;0xad3affd93c3c4008020f2194dd47ffdaL
  1; 17;211;0xbcbcbcbc3c3c6008020f0194813affecL
  1; 17;212;0x813affec3c3c6008020f01945141ffedL
  1; 17;213;0x5141ffed3c3c6008020f0193dd08ffeeL
  1; 17;214;0xdd08ffee3c3c6008020f01945902ffefL
  1; 17;215;0x5902ffef3c3c6008020f0194f944ffe0L
  1; 17;216;0xf944ffe03c3c6008020f01944937ffe1L
  1; 17;217;0x4937ffe13c3c6008020f0195393affe2L
  1; 17;218;0x393affe23c3c6008020f0195913effe3L
  1; 17;219;0x913effe33c3c6008020f0194ad65ffe4L
  1; 17;220;0xad65ffe43c3c6008020f0194997bffe5L
  1; 17;221;0x997bffe53c3c6008020f01954572ffe6L
  1; 17;222;0x4572ffe63c3c6008020f01951d46ffe7L
  1; 17;223;0x1d46ffe73c3c6008020f01958150ffe8L
  1; 17;224;0x8150ffe83c3c6008020f0194ad3bffe9L
  1; 17;225;0xad3bffe93c3c6008020f0194cd3effeaL
  1; 17;226;0xbcbcbcbc3c3c8008020f2194713afffcL
  1; 17;227;0x713afffc3c3c8008020f2194353bfffdL
  1; 17;228;0x353bfffd3c3c8008020f2193cd02fffeL
  1; 17;229;0xcd02fffe3c3c8008020f21945100ffffL
  1; 17;230;0x5100ffff3c3c8008020f2194f542fff0L
  1; 17;231;0xf542fff03c3c8008020f21942931fff1L
  1; 17;232;0x2931fff13c3c8008020f21951d35fff2L
  1; 17;233;0x1d35fff23c3c8008020f21958137fff3L
  1; 17;234;0x8137fff33c3c8008020f2194ad5ffff4L
  1; 17;235;0xad5ffff43c3c8008020f2194b174fff5L
  1; 17;236;0xb174fff53c3c8008020f2195216dfff6L
  1; 17;237;0x216dfff63c3c8008020f2195113efff7L
  1; 17;238;0x113efff73c3c8008020f21956d44fff8L
  1; 17;239;0x6d44fff83c3c8008020f2194a938fff9L
  1; 17;240;0xa938fff93c3c8008020f2194c93cfffaL
  1; 17;241;0xbcbcbcbc3c3ca008020f0194713bffccL
  1; 17;242;0x713bffcc3c3ca008020f0194393fffcdL
  1; 17;243;0x393fffcd3c3ca008020f0193d50affceL
  1; 17;244;0xd50affce3c3ca008020f019468fbffcfL
  1; 17;245;0x68fbffcf3c3ca008020f0194f943ffc0L
  1; 17;246;0xf943ffc03c3ca008020f01943933ffc1L
  1; 17;247;0x3933ffc13c3ca008020f01952937ffc2L
  1; 17;248;0x2937ffc23c3ca008020f01957d3affc3L
  1; 17;249;0x7d3affc33c3ca008020f0194a568ffc4L
  1; 17;250;0xa568ffc43c3ca008020f0194b576ffc5L
  1; 17;251;0xb576ffc53c3ca008020f01952172ffc6L
  1; 17;252;0x2172ffc63c3ca008020f01952143ffc7L
  1; 17;253;0x2143ffc73c3ca008020f0195954cffc8L
  1; 17;254;0x954cffc83c3ca008020f0194a93cffc9L
  1; 17;255;0xa93cffc93c3ca008020f0194b545ffcaL
  1; 17;256;0xbcbcbcbc3c3cc008020f2194553dffdcL
  1; 18;  1;0xbcbcbcbc3c3ec008020f2196a5a8ffdcL
  1; 18;  2;0xa5a8ffdc3c3ec008020f219659d5ffddL
  1; 18;  3;0x59d5ffdd3c3ec008020f2196f9abff9eL
  1; 18;  4;0xf9abff9e3c3ec008020f219615c1ffdfL
  1; 18;  5;0x15c1ffdf3c3ec008020f2196edc1ffd0L
  1; 18;  6;0xedc1ffd03c3ec008020f2195a9b3ffd1L
  1; 18;  7;0xa9b3ffd13c3ec008020f219655a3ffd2L
  1; 18;  8;0x55a3ffd23c3ec008020f219709e3ffd3L
  1; 18;  9;0x9e3ffd33c3ec008020f2196b9b8ffd4L
  1; 18; 10;0xb9b8ffd43c3ec008020f2196fdbbffd5L
  1; 18; 11;0xfdbbffd53c3ec008020f219715adffd6L
  1; 18; 12;0x15adffd63c3ec008020f2196d1b7ff97L
  1; 18; 13;0xd1b7ff973c3ec008020f219625abffd8L
  1; 18; 14;0x25abffd83c3ec008020f21953d91ffd9L
  1; 18; 15;0x3d91ffd93c3ec008020f2197218bffdaL
  1; 18; 16;0xbcbcbcbc3c3ee008020f019695a3ffecL
  1; 18; 17;0x95a3ffec3c3ee008020f019639ceffedL
  1; 18; 18;0x39ceffed3c3ee008020f0196f1a6ffaeL
  1; 18; 19;0xf1a6ffae3c3ee008020f0195f5b9ffefL
  1; 18; 20;0xf5b9ffef3c3ee008020f0196f1bbffe0L
  1; 18; 21;0xf1bbffe03c3ee008020f0195b9abffe1L
  1; 18; 22;0xb9abffe13c3ee008020f01961d9dffe2L
  1; 18; 23;0x1d9dffe23c3ee008020f019705ddffe3L
  1; 18; 24;0x5ddffe33c3ee008020f0196b5b7ffe4L
  1; 18; 25;0xb5b7ffe43c3ee008020f0196f1baffe5L
  1; 18; 26;0xf1baffe53c3ee008020f019715a7ffe6L
  1; 18; 27;0x15a7ffe63c3ee008020f0196b9b6ffa7L
  1; 18; 28;0xb9b6ffa73c3ee008020f019615a1ffe8L
  1; 18; 29;0x15a1ffe83c3ee008020f0195198dffe9L
  1; 18; 30;0x198dffe93c3ee008020f01971d8dffeaL
  1; 18; 31;0xbcbcbcbc3c3f0008020f219691a3fffcL
  1; 18; 32;0x91a3fffc3c3f0008020f21964dd0fffdL
  1; 18; 33;0x4dd0fffd3c3f0008020f2196eda9ffbeL
  1; 18; 34;0xeda9ffbe3c3f0008020f219609b8ffffL
  1; 18; 35;0x9b8ffff3c3f0008020f2196e9bcfff0L
  1; 18; 36;0xe9bcfff03c3f0008020f2195a9adfff1L
  1; 18; 37;0xa9adfff13c3f0008020f219641a2fff2L
  1; 18; 38;0x41a2fff23c3f0008020f219711ddfff3L
  1; 18; 39;0x11ddfff33c3f0008020f2196c1bbfff4L
  1; 18; 40;0xc1bbfff43c3f0008020f219701bbfff5L
  1; 18; 41;0x1bbfff53c3f0008020f219725a6fff6L
  1; 18; 42;0x25a6fff63c3f0008020f2196c1b6ffb7L
  1; 18; 43;0xc1b6ffb73c3f0008020f219639a6fff8L
  1; 18; 44;0x39a6fff83c3f0008020f2195398efff9L
  1; 18; 45;0x398efff93c3f0008020f2197198afffaL
  1; 18; 46;0xbcbcbcbc3c3f2008020f0196a9a5ffccL
  1; 18; 47;0xa9a5ffcc3c3f2008020f01966dccffcdL
  1; 18; 48;0x6dccffcd3c3f2008020f0196f5a9ff8eL
  1; 18; 49;0xf5a9ff8e3c3f2008020f019609beffcfL
  1; 18; 50;0x9beffcf3c3f2008020f0196f5c0ffc0L
  1; 18; 51;0xf5c0ffc03c3f2008020f0195c1adffc1L
  1; 18; 52;0xc1adffc13c3f2008020f019651a7ffc2L
  1; 18; 53;0x51a7ffc23c3f2008020f019701e1ffc3L
  1; 18; 54;0x1e1ffc33c3f2008020f0196cdbbffc4L
  1; 18; 55;0xcdbbffc43c3f2008020f019701bdffc5L
  1; 18; 56;0x1bdffc53c3f2008020f019739aeffc6L
  1; 18; 57;0x39aeffc63c3f2008020f0196bdb9ff87L
  1; 18; 58;0xbdb9ff873c3f2008020f019621a6ffc8L
  1; 18; 59;0x21a6ffc83c3f2008020f0195418effc9L
  1; 18; 60;0x418effc93c3f2008020f01973590ffcaL
  1; 18; 61;0xbcbcbcbc3c3f4008020f21968da4ffdcL
  1; 18; 62;0x8da4ffdc3c3f4008020f219651d1ffddL
  1; 18; 63;0x51d1ffdd3c3f4008020f2196f1a6ff9eL
  1; 18; 64;0xf1a6ff9e3c3f4008020f21960dbeffdfL
  1; 18; 65;0xdbeffdf3c3f4008020f2196e5c0ffd0L
  1; 18; 66;0xe5c0ffd03c3f4008020f219595b0ffd1L
  1; 18; 67;0x95b0ffd13c3f4008020f219649a2ffd2L
  1; 18; 68;0x49a2ffd23c3f4008020f219701e1ffd3L
  1; 18; 69;0x1e1ffd33c3f4008020f2196b1b6ffd4L
  1; 18; 70;0xb1b6ffd43c3f4008020f2196f5b9ffd5L
  1; 18; 71;0xf5b9ffd53c3f4008020f219715acffd6L
  1; 18; 72;0x15acffd63c3f4008020f2196c9b4ff97L
  1; 18; 73;0xc9b4ff973c3f4008020f219615aaffd8L
  1; 18; 74;0x15aaffd83c3f4008020f2195358fffd9L
  1; 18; 75;0x358fffd93c3f4008020f21971989ffdaL
  1; 18; 76;0xbcbcbcbc3c3f6008020f019699a6ffecL
  1; 18; 77;0x99a6ffec3c3f6008020f019645d1ffedL
  1; 18; 78;0x45d1ffed3c3f6008020f0196f9a7ffaeL
  1; 18; 79;0xf9a7ffae3c3f6008020f0195f9baffefL
  1; 18; 80;0xf9baffef3c3f6008020f0196f9bdffe0L
  1; 18; 81;0xf9bdffe03c3f6008020f0195bdadffe1L
  1; 18; 82;0xbdadffe13c3f6008020f019631a1ffe2L
  1; 18; 83;0x31a1ffe23c3f6008020f01970ddeffe3L
  1; 18; 84;0xddeffe33c3f6008020f0196b9baffe4L
  1; 18; 85;0xb9baffe43c3f6008020f0196f5beffe5L
  1; 18; 86;0xf5beffe53c3f6008020f019721abffe6L
  1; 18; 87;0x21abffe63c3f6008020f0196c1b8ffa7L
  1; 18; 88;0xc1b8ffa73c3f6008020f019619a4ffe8L
  1; 18; 89;0x19a4ffe83c3f6008020f01951d8effe9L
  1; 18; 90;0x1d8effe93c3f6008020f01972590ffeaL
  1; 18; 91;0xbcbcbcbc3c3f8008020f21968da0fffcL
  1; 18; 92;0x8da0fffc3c3f8008020f219649cefffdL
  1; 18; 93;0x49cefffd3c3f8008020f2196e9a7ffbeL
  1; 18; 94;0xe9a7ffbe3c3f8008020f219611b3ffffL
  1; 18; 95;0x11b3ffff3c3f8008020f2196e5bbfff0L
  1; 18; 96;0xe5bbfff03c3f8008020f2195a9adfff1L
  1; 18; 97;0xa9adfff13c3f8008020f2196359efff2L
  1; 18; 98;0x359efff23c3f8008020f21970ddbfff3L
  1; 18; 99;0xddbfff33c3f8008020f2196c5bafff4L
  1; 18;100;0xc5bafff43c3f8008020f2196f9bafff5L
  1; 18;101;0xf9bafff53c3f8008020f219725a8fff6L
  1; 18;102;0x25a8fff63c3f8008020f2196b5b4ffb7L
  1; 18;103;0xb5b4ffb73c3f8008020f219629a3fff8L
  1; 18;104;0x29a3fff83c3f8008020f2195318bfff9L
  1; 18;105;0x318bfff93c3f8008020f21971588fffaL
  1; 18;106;0xbcbcbcbc3c3fa008020f0196a9a5ffccL
  1; 18;107;0xa9a5ffcc3c3fa008020f019671cdffcdL
  1; 18;108;0x71cdffcd3c3fa008020f0196f1a8ff8eL
  1; 18;109;0xf1a8ff8e3c3fa008020f01960dbfffcfL
  1; 18;110;0xdbfffcf3c3fa008020f0196f1c5ffc0L
  1; 18;111;0xf1c5ffc03c3fa008020f0195c5aaffc1L
  1; 18;112;0xc5aaffc13c3fa008020f019655a8ffc2L
  1; 18;113;0x55a8ffc23c3fa008020f019705e2ffc3L
  1; 18;114;0x5e2ffc33c3fa008020f0196cdbbffc4L
  1; 18;115;0xcdbbffc43c3fa008020f019709bcffc5L
  1; 18;116;0x9bcffc53c3fa008020f019741acffc6L
  1; 18;117;0x41acffc63c3fa008020f0196c1b9ff87L
  1; 18;118;0xc1b9ff873c3fa008020f019625a7ffc8L
  1; 18;119;0x25a7ffc83c3fa008020f0195418effc9L
  1; 18;120;0x418effc93c3fa008020f01973590ffcaL
  1; 18;121;0xbcbcbcbc3c3fc008020f219699a6ffdcL
  1; 18;122;0x99a6ffdc3c3fc008020f219655d3ffddL
  1; 18;123;0x55d3ffdd3c3fc008020f2196f5a8ff9eL
  1; 18;124;0xf5a8ff9e3c3fc008020f219619c0ffdfL
  1; 18;125;0x19c0ffdf3c3fc008020f2196edc1ffd0L
  1; 18;126;0xedc1ffd03c3fc008020f21959db1ffd1L
  1; 18;127;0x9db1ffd13c3fc008020f219659a3ffd2L
  1; 18;128;0x59a3ffd23c3fc008020f21970de1ffd3L
  1; 18;129;0xde1ffd33c3fc008020f2196b5b6ffd4L
  1; 18;130;0xb5b6ffd43c3fc008020f2196f9baffd5L
  1; 18;131;0xf9baffd53c3fc008020f21971db0ffd6L
  1; 18;132;0x1db0ffd63c3fc008020f2196d1b6ff97L
  1; 18;133;0xd1b6ff973c3fc008020f219619abffd8L
  1; 18;134;0x19abffd83c3fc008020f2195398fffd9L
  1; 18;135;0x398fffd93c3fc008020f2197218affdaL
  1; 18;136;0xbcbcbcbc3c3fe008020f019691a4ffecL
  1; 18;137;0x91a4ffec3c3fe008020f019641cdffedL
  1; 18;138;0x41cdffed3c3fe008020f0196eda6ffaeL
  1; 18;139;0xeda6ffae3c3fe008020f0195f1b8ffefL
  1; 18;140;0xf1b8ffef3c3fe008020f0196e9baffe0L
  1; 18;141;0xe9baffe03c3fe008020f0195b1a9ffe1L
  1; 18;142;0xb1a9ffe13c3fe008020f0196259cffe2L
  1; 18;143;0x259cffe23c3fe008020f019705dcffe3L
  1; 18;144;0x5dcffe33c3fe008020f0196b5b4ffe4L
  1; 18;145;0xb5b4ffe43c3fe008020f0196edbaffe5L
  1; 18;146;0xedbaffe53c3fe008020f019719a8ffe6L
  1; 18;147;0x19a8ffe63c3fe008020f0196b9b5ffa7L
  1; 18;148;0xb9b5ffa73c3fe008020f019611a2ffe8L
  1; 18;149;0x11a2ffe83c3fe008020f01950989ffe9L
  1; 18;150;0x989ffe93c3fe008020f01971d8cffeaL
  1; 18;151;0xbcbcbcbc3c3c0008020f219699a2fffcL
  1; 18;152;0x99a2fffc3c3c0008020f219651d0fffdL
  1; 18;153;0x51d0fffd3c3c0008020f2196f5a9ffbeL
  1; 18;154;0xf5a9ffbe3c3c0008020f219611b9ffffL
  1; 18;155;0x11b9ffff3c3c0008020f2196f5bcfff0L
  1; 18;156;0xf5bcfff03c3c0008020f2195a9aefff1L
  1; 18;157;0xa9aefff13c3c0008020f219639a2fff2L
  1; 18;158;0x39a2fff23c3c0008020f219709defff3L
  1; 18;159;0x9defff33c3c0008020f2196c9befff4L
  1; 18;160;0xc9befff43c3c0008020f2196fdbbfff5L
  1; 18;161;0xfdbbfff53c3c0008020f21972da7fff6L
  1; 18;162;0x2da7fff63c3c0008020f2196b1b7ffb7L
  1; 18;163;0xb1b7ffb73c3c0008020f219635a5fff8L
  1; 18;164;0x35a5fff83c3c0008020f2195358efff9L
  1; 18;165;0x358efff93c3c0008020f2197118cfffaL
  1; 18;166;0xbcbcbcbc3c3c2008020f0196a5a6ffccL
  1; 18;167;0xa5a6ffcc3c3c2008020f019671caffcdL
  1; 18;168;0x71caffcd3c3c2008020f0196e9a7ff8eL
  1; 18;169;0xe9a7ff8e3c3c2008020f01960dbeffcfL
  1; 18;170;0xdbeffcf3c3c2008020f0196edc0ffc0L
  1; 18;171;0xedc0ffc03c3c2008020f0195bda9ffc1L
  1; 18;172;0xbda9ffc13c3c2008020f019655a6ffc2L
  1; 18;173;0x55a6ffc23c3c2008020f0196fde0ffc3L
  1; 18;174;0xfde0ffc33c3c2008020f0196c9baffc4L
  1; 18;175;0xc9baffc43c3c2008020f019701bcffc5L
  1; 18;176;0x1bcffc53c3c2008020f019735abffc6L
  1; 18;177;0x35abffc63c3c2008020f0196b9b7ff87L
  1; 18;178;0xb9b7ff873c3c2008020f019619a5ffc8L
  1; 18;179;0x19a5ffc83c3c2008020f0195418dffc9L
  1; 18;180;0x418dffc93c3c2008020f0197358fffcaL
  1; 18;181;0xbcbcbcbc3c3c4008020f2196a1a5ffdcL
  1; 18;182;0xa1a5ffdc3c3c4008020f21965dd4ffddL
  1; 18;183;0x5dd4ffdd3c3c4008020f2196f5a9ff9eL
  1; 18;184;0xf5a9ff9e3c3c4008020f219619c0ffdfL
  1; 18;185;0x19c0ffdf3c3c4008020f2196e5bfffd0L
  1; 18;186;0xe5bfffd03c3c4008020f21959db2ffd1L
  1; 18;187;0x9db2ffd13c3c4008020f219655a1ffd2L
  1; 18;188;0x55a1ffd23c3c4008020f219701e2ffd3L
  1; 18;189;0x1e2ffd33c3c4008020f2196bdb8ffd4L
  1; 18;190;0xbdb8ffd43c3c4008020f2196f9baffd5L
  1; 18;191;0xf9baffd53c3c4008020f21971daeffd6L
  1; 18;192;0x1daeffd63c3c4008020f2196d1b5ff97L
  1; 18;193;0xd1b5ff973c3c4008020f219619a9ffd8L
  1; 18;194;0x19a9ffd83c3c4008020f2195418fffd9L
  1; 18;195;0x418fffd93c3c4008020f2197218bffdaL
  1; 18;196;0xbcbcbcbc3c3c6008020f01969da5ffecL
  1; 18;197;0x9da5ffec3c3c6008020f019641d1ffedL
  1; 18;198;0x41d1ffed3c3c6008020f019701a9ffaeL
  1; 18;199;0x1a9ffae3c3c6008020f019601baffefL
  1; 18;200;0x1baffef3c3c6008020f0196f5bcffe0L
  1; 18;201;0xf5bcffe03c3c6008020f0195b9adffe1L
  1; 18;202;0xb9adffe13c3c6008020f019629a0ffe2L
  1; 18;203;0x29a0ffe23c3c6008020f019709dfffe3L
  1; 18;204;0x9dfffe33c3c6008020f0196b9b8ffe4L
  1; 18;205;0xb9b8ffe43c3c6008020f0196fdbeffe5L
  1; 18;206;0xfdbeffe53c3c6008020f019721aaffe6L
  1; 18;207;0x21aaffe63c3c6008020f0196bdb8ffa7L
  1; 18;208;0xbdb8ffa73c3c6008020f019625a4ffe8L
  1; 18;209;0x25a4ffe83c3c6008020f0195258dffe9L
  1; 18;210;0x258dffe93c3c6008020f0197298effeaL
  1; 18;211;0xbcbcbcbc3c3c8008020f21968da1fffcL
  1; 18;212;0x8da1fffc3c3c8008020f219649cefffdL
  1; 18;213;0x49cefffd3c3c8008020f2196eda6ffbeL
  1; 18;214;0xeda6ffbe3c3c8008020f219609b6ffffL
  1; 18;215;0x9b6ffff3c3c8008020f2196e5bcfff0L
  1; 18;216;0xe5bcfff03c3c8008020f2195a5adfff1L
  1; 18;217;0xa5adfff13c3c8008020f21963da1fff2L
  1; 18;218;0x3da1fff23c3c8008020f219709ddfff3L
  1; 18;219;0x9ddfff33c3c8008020f2196c1bafff4L
  1; 18;220;0xc1bafff43c3c8008020f2196f9bafff5L
  1; 18;221;0xf9bafff53c3c8008020f219725a6fff6L
  1; 18;222;0x25a6fff63c3c8008020f2196b5b6ffb7L
  1; 18;223;0xb5b6ffb73c3c8008020f21962da2fff8L
  1; 18;224;0x2da2fff83c3c8008020f2195318dfff9L
  1; 18;225;0x318dfff93c3c8008020f21970d88fffaL
  1; 18;226;0xbcbcbcbc3c3ca008020f0196ada6ffccL
  1; 18;227;0xada6ffcc3c3ca008020f019671caffcdL
  1; 18;228;0x71caffcd3c3ca008020f0196f9a9ff8eL
  1; 18;229;0xf9a9ff8e3c3ca008020f01960dc1ffcfL
  1; 18;230;0xdc1ffcf3c3ca008020f0196f5c2ffc0L
  1; 18;231;0xf5c2ffc03c3ca008020f0195c5acffc1L
  1; 18;232;0xc5acffc13c3ca008020f01965da7ffc2L
  1; 18;233;0x5da7ffc23c3ca008020f019709e1ffc3L
  1; 18;234;0x9e1ffc33c3ca008020f0196cdbbffc4L
  1; 18;235;0xcdbbffc43c3ca008020f019709bdffc5L
  1; 18;236;0x9bdffc53c3ca008020f01973daeffc6L
  1; 18;237;0x3daeffc63c3ca008020f0196b5b8ff87L
  1; 18;238;0xb5b8ff873c3ca008020f019625a9ffc8L
  1; 18;239;0x25a9ffc83c3ca008020f0195398effc9L
  1; 18;240;0x398effc93c3ca008020f01973992ffcaL
  1; 18;241;0xbcbcbcbc3c3cc008020f219691a3ffdcL
  1; 18;242;0x91a3ffdc3c3cc008020f21964dd2ffddL
  1; 18;243;0x4dd2ffdd3c3cc008020f2196f5a6ff9eL
  1; 18;244;0xf5a6ff9e3c3cc008020f21960dc1ffdfL
  1; 18;245;0xdc1ffdf3c3cc008020f2196e1bfffd0L
  1; 18;246;0xe1bfffd03c3cc008020f21959daeffd1L
  1; 18;247;0x9daeffd13c3cc008020f219651a0ffd2L
  1; 18;248;0x51a0ffd23c3cc008020f219705dfffd3L
  1; 18;249;0x5dfffd33c3cc008020f2196adb5ffd4L
  1; 18;250;0xadb5ffd43c3cc008020f2196f1b9ffd5L
  1; 18;251;0xf1b9ffd53c3cc008020f219711adffd6L
  1; 18;252;0x11adffd63c3cc008020f2196cdb3ff97L
  1; 18;253;0xcdb3ff973c3cc008020f219615a8ffd8L
  1; 18;254;0x15a8ffd83c3cc008020f2195318dffd9L
  1; 18;255;0x318dffd93c3cc008020f21971587ffdaL
  1; 18;256;0xbcbcbcbc3c3ce008020f01969da4ffecL
  1; 20;  1;0x156afff03c3c0008020f21966995fff1L
  1; 20;  2;0x6995fff13c3c0008020f219679a9fff2L
  1; 20;  3;0x79a9fff23c3c0008020f2196a5affff3L
  1; 20;  4;0xa5affff33c3c0008020f21961191fff4L
  1; 20;  5;0x1191fff43c3c0008020f219615c1fff5L
  1; 20;  6;0x15c1fff53c3c0008020f21963957fff6L
  1; 20;  7;0x3957fff63c3c0008020f219651a7ffb7L
  1; 20;  8;0x51a7ffb73c3c0008020f21963955fff8L
  1; 20;  9;0x3955fff83c3c0008020f2196099afff9L
  1; 20; 10;0x99afff93c3c0008020f219615a7fffaL
  1; 20; 11;0xbcbcbcbc3c3c2008020f0195c570ffccL
  1; 20; 12;0xc570ffcc3c3c2008020f0196219bffcdL
  1; 20; 13;0x219bffcd3c3c2008020f01961175ffceL
  1; 20; 14;0x1175ffce3c3c2008020f0195a56bffcfL
  1; 20; 15;0xa56bffcf3c3c2008020f01962170ffc0L
  1; 20; 16;0x2170ffc03c3c2008020f01968d9bffc1L
  1; 20; 17;0x8d9bffc13c3c2008020f019685abffc2L
  1; 20; 18;0x85abffc23c3c2008020f019689b2ffc3L
  1; 20; 19;0x89b2ffc33c3c2008020f01962d90ffc4L
  1; 20; 20;0x2d90ffc43c3c2008020f019635c0ffc5L
  1; 20; 21;0x35c0ffc53c3c2008020f0196455affc6L
  1; 20; 22;0x455affc63c3c2008020f019651aaff87L
  1; 20; 23;0x51aaff873c3c2008020f01965558ffc8L
  1; 20; 24;0x5558ffc83c3c2008020f01961da3ffc9L
  1; 20; 25;0x1da3ffc93c3c2008020f019619a3ffcaL
  1; 20; 26;0xbcbcbcbc3c3c4008020f2195b96cffdcL
  1; 20; 27;0xb96cffdc3c3c4008020f21960d98ffddL
  1; 20; 28;0xd98ffdd3c3c4008020f21961170ffdeL
  1; 20; 29;0x1170ffde3c3c4008020f2195916effdfL
  1; 20; 30;0x916effdf3c3c4008020f21963171ffd0L
  1; 20; 31;0x3171ffd03c3c4008020f2196919affd1L
  1; 20; 32;0x919affd13c3c4008020f219691b1ffd2L
  1; 20; 33;0x91b1ffd23c3c4008020f2196a5b4ffd3L
  1; 20; 34;0xa5b4ffd33c3c4008020f21962993ffd4L
  1; 20; 35;0x2993ffd43c3c4008020f21960dc2ffd5L
  1; 20; 36;0xdc2ffd53c3c4008020f21962956ffd6L
  1; 20; 37;0x2956ffd63c3c4008020f219669a9ff97L
  1; 20; 38;0x69a9ff973c3c4008020f2196455cffd8L
  1; 20; 39;0x455cffd83c3c4008020f219609a1ffd9L
  1; 20; 40;0x9a1ffd93c3c4008020f219619a0ffdaL
  1; 20; 41;0xbcbcbcbc3c3c6008020f01958d65ffecL
  1; 20; 42;0x8d65ffec3c3c6008020f01960d97ffedL
  1; 20; 43;0xd97ffed3c3c6008020f0195f573ffeeL
  1; 20; 44;0xf573ffee3c3c6008020f0195a174ffefL
  1; 20; 45;0xa174ffef3c3c6008020f0196056bffe0L
  1; 20; 46;0x56bffe03c3c6008020f01965d97ffe1L
  1; 20; 47;0x5d97ffe13c3c6008020f019675a6ffe2L
  1; 20; 48;0x75a6ffe23c3c6008020f0196a5b3ffe3L
  1; 20; 49;0xa5b3ffe33c3c6008020f0196298dffe4L
  1; 20; 50;0x298dffe43c3c6008020f019611bfffe5L
  1; 20; 51;0x11bfffe53c3c6008020f01962158ffe6L
  1; 20; 52;0x2158ffe63c3c6008020f019655a4ffa7L
  1; 20; 53;0x55a4ffa73c3c6008020f01964962ffe8L
  1; 20; 54;0x4962ffe83c3c6008020f01960da1ffe9L
  1; 20; 55;0xda1ffe93c3c6008020f019625a6ffeaL
  1; 20; 56;0xbcbcbcbc3c3c8008020f2195a568fffcL
  1; 20; 57;0xa568fffc3c3c8008020f21961199fffdL
  1; 20; 58;0x1199fffd3c3c8008020f21960d69fffeL
  1; 20; 59;0xd69fffe3c3c8008020f21959d67ffffL
  1; 20; 60;0x9d67ffff3c3c8008020f2196216bfff0L
  1; 20; 61;0x216bfff03c3c8008020f21966597fff1L
  1; 20; 62;0x6597fff13c3c8008020f219681abfff2L
  1; 20; 63;0x81abfff23c3c8008020f2196b1b2fff3L
  1; 20; 64;0xb1b2fff33c3c8008020f21961593fff4L
  1; 20; 65;0x1593fff43c3c8008020f219619c2fff5L
  1; 20; 66;0x19c2fff53c3c8008020f21963d59fff6L
  1; 20; 67;0x3d59fff63c3c8008020f219651a9ffb7L
  1; 20; 68;0x51a9ffb73c3c8008020f21963d57fff8L
  1; 20; 69;0x3d57fff83c3c8008020f2196159ffff9L
  1; 20; 70;0x159ffff93c3c8008020f219621a7fffaL
  1; 20; 71;0xbcbcbcbc3c3ca008020f0195c16bffccL
  1; 20; 72;0xc16bffcc3c3ca008020f01961199ffcdL
  1; 20; 73;0x1199ffcd3c3ca008020f01960972ffceL
  1; 20; 74;0x972ffce3c3ca008020f0195996affcfL
  1; 20; 75;0x996affcf3c3ca008020f0196156cffc0L
  1; 20; 76;0x156cffc03c3ca008020f01967997ffc1L
  1; 20; 77;0x7997ffc13c3ca008020f019675a8ffc2L
  1; 20; 78;0x75a8ffc23c3ca008020f019685afffc3L
  1; 20; 79;0x85afffc33c3ca008020f0196218affc4L
  1; 20; 80;0x218affc43c3ca008020f019625bdffc5L
  1; 20; 81;0x25bdffc53c3ca008020f01962d5affc6L
  1; 20; 82;0x2d5affc63c3ca008020f019651a9ff87L
  1; 20; 83;0x51a9ff873c3ca008020f01964557ffc8L
  1; 20; 84;0x4557ffc83c3ca008020f019619a1ffc9L
  1; 20; 85;0x19a1ffc93c3ca008020f019611a0ffcaL
  1; 20; 86;0xbcbcbcbc3c3cc008020f2195b16bffdcL
  1; 20; 87;0xb16bffdc3c3cc008020f21960997ffddL
  1; 20; 88;0x997ffdd3c3cc008020f21960971ffdeL
  1; 20; 89;0x971ffde3c3cc008020f21958d6dffdfL
  1; 20; 90;0x8d6dffdf3c3cc008020f21962970ffd0L
  1; 20; 91;0x2970ffd03c3cc008020f21968598ffd1L
  1; 20; 92;0x8598ffd13c3cc008020f219689b0ffd2L
  1; 20; 93;0x89b0ffd23c3cc008020f219699b4ffd3L
  1; 20; 94;0x99b4ffd33c3cc008020f2196298fffd4L
  1; 20; 95;0x298fffd43c3cc008020f219611bfffd5L
  1; 20; 96;0x11bfffd53c3cc008020f21962555ffd6L
  1; 20; 97;0x2555ffd63c3cc008020f219661a8ff97L
  1; 20; 98;0x61a8ff973c3cc008020f2196455effd8L
  1; 20; 99;0x455effd83c3cc008020f2195fd9effd9L
  1; 20;100;0xfd9effd93c3cc008020f2196119dffdaL
  1; 20;101;0xbcbcbcbc3c3ce008020f01959564ffecL
  1; 20;102;0x9564ffec3c3ce008020f01961599ffedL
  1; 20;103;0x1599ffed3c3ce008020f01960575ffeeL
  1; 20;104;0x575ffee3c3ce008020f0195a572ffefL
  1; 20;105;0xa572ffef3c3ce008020f01960d6effe0L
  1; 20;106;0xd6effe03c3ce008020f0196619affe1L
  1; 20;107;0x619affe13c3ce008020f019685a6ffe2L
  1; 20;108;0x85a6ffe23c3ce008020f0196adb4ffe3L
  1; 20;109;0xadb4ffe33c3ce008020f0196318dffe4L
  1; 20;110;0x318dffe43c3ce008020f019615c2ffe5L
  1; 20;111;0x15c2ffe53c3ce008020f01962d59ffe6L
  1; 20;112;0x2d59ffe63c3ce008020f019659a7ffa7L
  1; 20;113;0x59a7ffa73c3ce008020f01965161ffe8L
  1; 20;114;0x5161ffe83c3ce008020f01960da1ffe9L
  1; 20;115;0xda1ffe93c3ce008020f019629a7ffeaL
  1; 20;116;0xbcbcbcbc3c3d0008020f21959d68fffcL
  1; 20;117;0x9d68fffc3c3d0008020f21961598fffdL
  1; 20;118;0x1598fffd3c3d0008020f21960d69fffeL
  1; 20;119;0xd69fffe3c3d0008020f2195a166ffffL
  1; 20;120;0xa166ffff3c3d0008020f2196196afff0L
  1; 20;121;0x196afff03c3d0008020f21966598fff1L
  1; 20;122;0x6598fff13c3d0008020f219679a8fff2L
  1; 20;123;0x79a8fff23c3d0008020f2196adaffff3L
  1; 20;124;0xadaffff33c3d0008020f21961593fff4L
  1; 20;125;0x1593fff43c3d0008020f219619c2fff5L
  1; 20;126;0x19c2fff53c3d0008020f21963d57fff6L
  1; 20;127;0x3d57fff63c3d0008020f219651a6ffb7L
  1; 20;128;0x51a6ffb73c3d0008020f21964558fff8L
  1; 20;129;0x4558fff83c3d0008020f2196119cfff9L
  1; 20;130;0x119cfff93c3d0008020f219619a6fffaL
  1; 20;131;0xbcbcbcbc3c3d2008020f0195c96fffccL
  1; 20;132;0xc96fffcc3c3d2008020f0196299dffcdL
  1; 20;133;0x299dffcd3c3d2008020f01962576ffceL
  1; 20;134;0x2576ffce3c3d2008020f0195a96cffcfL
  1; 20;135;0xa96cffcf3c3d2008020f01962173ffc0L
  1; 20;136;0x2173ffc03c3d2008020f0196959bffc1L
  1; 20;137;0x959bffc13c3d2008020f019689abffc2L
  1; 20;138;0x89abffc23c3d2008020f01969db3ffc3L
  1; 20;139;0x9db3ffc33c3d2008020f01963d8fffc4L
  1; 20;140;0x3d8fffc43c3d2008020f019639c1ffc5L
  1; 20;141;0x39c1ffc53c3d2008020f0196495effc6L
  1; 20;142;0x495effc63c3d2008020f019659adff87L
  1; 20;143;0x59adff873c3d2008020f01965d5cffc8L
  1; 20;144;0x5d5cffc83c3d2008020f019629a7ffc9L
  1; 20;145;0x29a7ffc93c3d2008020f019621a4ffcaL
  1; 20;146;0xbcbcbcbc3c3d4008020f2195bd6affdcL
  1; 20;147;0xbd6affdc3c3d4008020f21961199ffddL
  1; 20;148;0x1199ffdd3c3d4008020f21960d70ffdeL
  1; 20;149;0xd70ffde3c3d4008020f2195916dffdfL
  1; 20;150;0x916dffdf3c3d4008020f21962970ffd0L
  1; 20;151;0x2970ffd03c3d4008020f21968996ffd1L
  1; 20;152;0x8996ffd13c3d4008020f219691aeffd2L
  1; 20;153;0x91aeffd23c3d4008020f219695b5ffd3L
  1; 20;154;0x95b5ffd33c3d4008020f21963190ffd4L
  1; 20;155;0x3190ffd43c3d4008020f219615c1ffd5L
  1; 20;156;0x15c1ffd53c3d4008020f21962956ffd6L
  1; 20;157;0x2956ffd63c3d4008020f219665abff97L
  1; 20;158;0x65abff973c3d4008020f2196455bffd8L
  1; 20;159;0x455bffd83c3d4008020f2196099effd9L
  1; 20;160;0x99effd93c3d4008020f219619a0ffdaL
  1; 20;161;0xbcbcbcbc3c3d6008020f01958d64ffecL
  1; 20;162;0x8d64ffec3c3d6008020f01960d97ffedL
  1; 20;163;0xd97ffed3c3d6008020f0195f975ffeeL
  1; 20;164;0xf975ffee3c3d6008020f0195a574ffefL
  1; 20;165;0xa574ffef3c3d6008020f0196096cffe0L
  1; 20;166;0x96cffe03c3d6008020f01966197ffe1L
  1; 20;167;0x6197ffe13c3d6008020f019681a7ffe2L
  1; 20;168;0x81a7ffe23c3d6008020f0196b1b3ffe3L
  1; 20;169;0xb1b3ffe33c3d6008020f0196258effe4L
  1; 20;170;0x258effe43c3d6008020f019611c1ffe5L
  1; 20;171;0x11c1ffe53c3d6008020f01962958ffe6L
  1; 20;172;0x2958ffe63c3d6008020f019655a8ffa7L
  1; 20;173;0x55a8ffa73c3d6008020f01964960ffe8L
  1; 20;174;0x4960ffe83c3d6008020f01960da2ffe9L
  1; 20;175;0xda2ffe93c3d6008020f019625a5ffeaL
  1; 20;176;0xbcbcbcbc3c3d8008020f2195a56afffcL
  1; 20;177;0xa56afffc3c3d8008020f2196159afffdL
  1; 20;178;0x159afffd3c3d8008020f2196096cfffeL
  1; 20;179;0x96cfffe3c3d8008020f21959d66ffffL
  1; 20;180;0x9d66ffff3c3d8008020f2196216bfff0L
  1; 20;181;0x216bfff03c3d8008020f21967198fff1L
  1; 20;182;0x7198fff13c3d8008020f219681aafff2L
  1; 20;183;0x81aafff23c3d8008020f2196adb1fff3L
  1; 20;184;0xadb1fff33c3d8008020f21962193fff4L
  1; 20;185;0x2193fff43c3d8008020f219625c2fff5L
  1; 20;186;0x25c2fff53c3d8008020f21964559fff6L
  1; 20;187;0x4559fff63c3d8008020f219659a8ffb7L
  1; 20;188;0x59a8ffb73c3d8008020f21964959fff8L
  1; 20;189;0x4959fff83c3d8008020f2196159dfff9L
  1; 20;190;0x159dfff93c3d8008020f219621a9fffaL
  1; 20;191;0xbcbcbcbc3c3da008020f0195b96bffccL
  1; 20;192;0xb96bffcc3c3da008020f01961599ffcdL
  1; 20;193;0x1599ffcd3c3da008020f01960d72ffceL
  1; 20;194;0xd72ffce3c3da008020f0195996bffcfL
  1; 20;195;0x996bffcf3c3da008020f0196116effc0L
  1; 20;196;0x116effc03c3da008020f01968596ffc1L
  1; 20;197;0x8596ffc13c3da008020f019679a8ffc2L
  1; 20;198;0x79a8ffc23c3da008020f019689b2ffc3L
  1; 20;199;0x89b2ffc33c3da008020f0196298cffc4L
  1; 20;200;0x298cffc43c3da008020f019629bdffc5L
  1; 20;201;0x29bdffc53c3da008020f01963559ffc6L
  1; 20;202;0x3559ffc63c3da008020f01964da8ff87L
  1; 20;203;0x4da8ff873c3da008020f01964556ffc8L
  1; 20;204;0x4556ffc83c3da008020f019621a0ffc9L
  1; 20;205;0x21a0ffc93c3da008020f019615a1ffcaL
  1; 20;206;0xbcbcbcbc3c3dc008020f2195b56cffdcL
  1; 20;207;0xb56cffdc3c3dc008020f21961199ffddL
  1; 20;208;0x1199ffdd3c3dc008020f21960570ffdeL
  1; 20;209;0x570ffde3c3dc008020f2195956dffdfL
  1; 20;210;0x956dffdf3c3dc008020f2196296fffd0L
  1; 20;211;0x296fffd03c3dc008020f21968d98ffd1L
  1; 20;212;0x8d98ffd13c3dc008020f219691b0ffd2L
  1; 20;213;0x91b0ffd23c3dc008020f21969db4ffd3L
  1; 20;214;0x9db4ffd33c3dc008020f21962d8effd4L
  1; 20;215;0x2d8effd43c3dc008020f219611c1ffd5L
  1; 20;216;0x11c1ffd53c3dc008020f21962959ffd6L
  1; 20;217;0x2959ffd63c3dc008020f219665aaff97L
  1; 20;218;0x65aaff973c3dc008020f2196455bffd8L
  1; 20;219;0x455bffd83c3dc008020f2196019dffd9L
  1; 20;220;0x19dffd93c3dc008020f219619a0ffdaL
  1; 20;221;0xbcbcbcbc3c3de008020f01958d62ffecL
  1; 20;222;0x8d62ffec3c3de008020f01960996ffedL
  1; 20;223;0x996ffed3c3de008020f0195f172ffeeL
  1; 20;224;0xf172ffee3c3de008020f01959972ffefL
  1; 20;225;0x9972ffef3c3de008020f0195fd68ffe0L
  1; 20;226;0xfd68ffe03c3de008020f01965596ffe1L
  1; 20;227;0x5596ffe13c3de008020f019679a5ffe2L
  1; 20;228;0x79a5ffe23c3de008020f0196a5b1ffe3L
  1; 20;229;0xa5b1ffe33c3de008020f0196298bffe4L
  1; 20;230;0x298bffe43c3de008020f019609c1ffe5L
  1; 20;231;0x9c1ffe53c3de008020f01962158ffe6L
  1; 20;232;0x2158ffe63c3de008020f019655a5ffa7L
  1; 20;233;0x55a5ffa73c3de008020f0196455effe8L
  1; 20;234;0x455effe83c3de008020f0196099effe9L
  1; 20;235;0x99effe93c3de008020f019619a2ffeaL
  1; 20;236;0xbcbcbcbc3c3e0008020f2195a16afffcL
  1; 20;237;0xa16afffc3c3e0008020f2196199afffdL
  1; 20;238;0x199afffd3c3e0008020f2196096afffeL
  1; 20;239;0x96afffe3c3e0008020f2195a566ffffL
  1; 20;240;0xa566ffff3c3e0008020f2196196bfff0L
  1; 20;241;0x196bfff03c3e0008020f21966999fff1L
  1; 20;242;0x6999fff13c3e0008020f219681a9fff2L
  1; 20;243;0x81a9fff23c3e0008020f2196adaffff3L
  1; 20;244;0xadaffff33c3e0008020f21961992fff4L
  1; 20;245;0x1992fff43c3e0008020f219615c2fff5L
  1; 20;246;0x15c2fff53c3e0008020f21964159fff6L
  1; 20;247;0x4159fff63c3e0008020f219651a7ffb7L
  1; 20;248;0x51a7ffb73c3e0008020f21964157fff8L
  1; 20;249;0x4157fff83c3e0008020f2196159dfff9L
  1; 20;250;0x159dfff93c3e0008020f219621a7fffaL
  1; 20;251;0xbcbcbcbc3c3e2008020f0195c56fffccL
  1; 20;252;0xc56fffcc3c3e2008020f01961d9cffcdL
  1; 20;253;0x1d9cffcd3c3e2008020f01961575ffceL
  1; 20;254;0x1575ffce3c3e2008020f0195a56dffcfL
  1; 20;255;0xa56dffcf3c3e2008020f01962172ffc0L
  1; 20;256;0x2172ffc03c3e2008020f01968998ffc1L
