Link ID; Channel ID; Line; Data 
  1; 15;  1;0xbcbcbcbc3c000008020f3b1779d4ffecL
  1; 15;  2;0x79d4ffec3c000008020f3b5705cdffedL
  1; 15;  3;0x5cdffed3c000008020f3b9729d5ffeeL
  1; 15;  4;0x29d5ffee3c000008020f3bd729d6ffefL
  1; 15;  5;0x29d6ffef3c000008020f381749d4ffe0L
  1; 15;  6;0x49d4ffe03c000008020f385769e2ffe1L
  1; 15;  7;0x69e2ffe13c000008020f38976ddeffe2L
  1; 15;  8;0x6ddeffe23c000008020f38d759dbffe3L
  1; 15;  9;0x59dbffe33c000008020f391799fdffe4L
  1; 15; 10;0x99fdffe43c000008020f395709efffe5L
  1; 15; 11;0x9efffe53c000008020f3997a9f0ffe6L
  1; 15; 12;0xa9f0ffe63c000008020f39d6d5caffe7L
  1; 15; 13;0xd5caffe73c000008020f3a1779d4ffe8L
  1; 15; 14;0x79d4ffe83c000008020f3a5699dfffe9L
  1; 15; 15;0x99dfffe93c000008020f3a9769f0ffeaL
  1; 15; 16;0xbcbcbcbc3c000008020f2b1785d4fffcL
  1; 15; 17;0x85d4fffc3c000008020f2b5701cafffdL
  1; 15; 18;0x1cafffd3c000008020f2b9729cefffeL
  1; 15; 19;0x29cefffe3c000008020f2bd72dd7ffffL
  1; 15; 20;0x2dd7ffff3c000008020f001745cdfff0L
  1; 15; 21;0x45cdfff03c000008020f005759e2fff1L
  1; 15; 22;0x59e2fff13c000008020f009771defff2L
  1; 15; 23;0x71defff23c000008020f00d755d8fff3L
  1; 15; 24;0x55d8fff33c000008020f011799fcfff4L
  1; 15; 25;0x99fcfff43c000008020f015711effff5L
  1; 15; 26;0x11effff53c000008020f0197a5eefff6L
  1; 15; 27;0xa5eefff63c000008020f29d6d9cbfff7L
  1; 15; 28;0xd9cbfff73c000008020f2a1779d2fff8L
  1; 15; 29;0x79d2fff83c000008020f2a5681e0fff9L
  1; 15; 30;0x81e0fff93c000008020f2a9761edfffaL
  1; 15; 31;0xbcbcbcbc3c000008020f33178dd7ffccL
  1; 15; 32;0x8dd7ffcc3c000008020f335715ceffcdL
  1; 15; 33;0x15ceffcd3c000008020f33972dd3ffceL
  1; 15; 34;0x2dd3ffce3c000008020f33d745daffcfL
  1; 15; 35;0x45daffcf3c000008020f30174dd8ffc0L
  1; 15; 36;0x4dd8ffc03c000008020f305779e2ffc1L
  1; 15; 37;0x79e2ffc13c000008020f309775e3ffc2L
  1; 15; 38;0x75e3ffc23c000008020f30d779dfffc3L
  1; 15; 39;0x79dfffc33c000008020f3117b1fcffc4L
  1; 15; 40;0xb1fcffc43c000008020f31572defffc5L
  1; 15; 41;0x2defffc53c000008020f3197b1f0ffc6L
  1; 15; 42;0xb1f0ffc63c000008020f31d6e5cfffc7L
  1; 15; 43;0xe5cfffc73c000008020f321789d3ffc8L
  1; 15; 44;0x89d3ffc83c000008020f3256a5e2ffc9L
  1; 15; 45;0xa5e2ffc93c000008020f329779efffcaL
  1; 15; 46;0xbcbcbcbc3c000008020f3b1789d4ffdcL
  1; 15; 47;0x89d4ffdc3c000008020f3b5711d2ffddL
  1; 15; 48;0x11d2ffdd3c000008020f3b9721d1ffdeL
  1; 15; 49;0x21d1ffde3c000008020f3bd735ddffdfL
  1; 15; 50;0x35ddffdf3c000008020f381745d6ffd0L
  1; 15; 51;0x45d6ffd03c000008020f385771e6ffd1L
  1; 15; 52;0x71e6ffd13c000008020f389785e1ffd2L
  1; 15; 53;0x85e1ffd23c000008020f38d771dbffd3L
  1; 15; 54;0x71dbffd33c000008020f3917adfdffd4L
  1; 15; 55;0xadfdffd43c000008020f395735f0ffd5L
  1; 15; 56;0x35f0ffd53c000008020f3997adf1ffd6L
  1; 15; 57;0xadf1ffd63c000008020f39d6e5cbffd7L
  1; 15; 58;0xe5cbffd73c000008020f3a178dd4ffd8L
  1; 15; 59;0x8dd4ffd83c000008020f3a56b5e2ffd9L
  1; 15; 60;0xb5e2ffd93c000008020f3a976df2ffdaL
  1; 15; 61;0xbcbcbcbc3c000008020f2b1779d5ffecL
  1; 15; 62;0x79d5ffec3c000008020f2b5709ceffedL
  1; 15; 63;0x9ceffed3c000008020f2b972dd5ffeeL
  1; 15; 64;0x2dd5ffee3c000008020f2bd72dd7ffefL
  1; 15; 65;0x2dd7ffef3c000008020f001755d5ffe0L
  1; 15; 66;0x55d5ffe03c000008020f00576de2ffe1L
  1; 15; 67;0x6de2ffe13c000008020f009771e0ffe2L
  1; 15; 68;0x71e0ffe23c000008020f00d755daffe3L
  1; 15; 69;0x55daffe33c000008020f01179dfeffe4L
  1; 15; 70;0x9dfeffe43c000008020f015711efffe5L
  1; 15; 71;0x11efffe53c000008020f0197adf0ffe6L
  1; 15; 72;0xadf0ffe63c000008020f29d6d9caffe7L
  1; 15; 73;0xd9caffe73c000008020f2a177dd4ffe8L
  1; 15; 74;0x7dd4ffe83c000008020f2a5695e0ffe9L
  1; 15; 75;0x95e0ffe93c000008020f2a9765f1ffeaL
  1; 15; 76;0xbcbcbcbc3c000008020f331789d4fffcL
  1; 15; 77;0x89d4fffc3c000008020f3356f9cbfffdL
  1; 15; 78;0xf9cbfffd3c000008020f339725cefffeL
  1; 15; 79;0x25cefffe3c000008020f33d731d7ffffL
  1; 15; 80;0x31d7ffff3c000008020f301749cefff0L
  1; 15; 81;0x49cefff03c000008020f305765e3fff1L
  1; 15; 82;0x65e3fff13c000008020f309775defff2L
  1; 15; 83;0x75defff23c000008020f30d759dafff3L
  1; 15; 84;0x59dafff33c000008020f31179dfcfff4L
  1; 15; 85;0x9dfcfff43c000008020f315715effff5L
  1; 15; 86;0x15effff53c000008020f3197a1eefff6L
  1; 15; 87;0xa1eefff63c000008020f31d6d9cbfff7L
  1; 15; 88;0xd9cbfff73c000008020f321779d4fff8L
  1; 15; 89;0x79d4fff83c000008020f325681e0fff9L
  1; 15; 90;0x81e0fff93c000008020f329765eefffaL
  1; 15; 91;0xbcbcbcbc3c000008020f3b1789d5ffccL
  1; 15; 92;0x89d5ffcc3c000008020f3b570dceffcdL
  1; 15; 93;0xdceffcd3c000008020f3b972dd2ffceL
  1; 15; 94;0x2dd2ffce3c000008020f3bd73dd8ffcfL
  1; 15; 95;0x3dd8ffcf3c000008020f381741d5ffc0L
  1; 15; 96;0x41d5ffc03c000008020f385779e3ffc1L
  1; 15; 97;0x79e3ffc13c000008020f389775e1ffc2L
  1; 15; 98;0x75e1ffc23c000008020f38d771deffc3L
  1; 15; 99;0x71deffc33c000008020f3917adfcffc4L
  1; 15;100;0xadfcffc43c000008020f395729eeffc5L
  1; 15;101;0x29eeffc53c000008020f3997adefffc6L
  1; 15;102;0xadefffc63c000008020f39d6e1cbffc7L
  1; 15;103;0xe1cbffc73c000008020f3a1785d1ffc8L
  1; 15;104;0x85d1ffc83c000008020f3a56a5e0ffc9L
  1; 15;105;0xa5e0ffc93c000008020f3a9779efffcaL
  1; 15;106;0xbcbcbcbc3c000008020f2b178dd3ffdcL
  1; 15;107;0x8dd3ffdc3c000008020f2b5709d2ffddL
  1; 15;108;0x9d2ffdd3c000008020f2b9725d1ffdeL
  1; 15;109;0x25d1ffde3c000008020f2bd72dddffdfL
  1; 15;110;0x2dddffdf3c000008020f001741d6ffd0L
  1; 15;111;0x41d6ffd03c000008020f005775e6ffd1L
  1; 15;112;0x75e6ffd13c000008020f009785e2ffd2L
  1; 15;113;0x85e2ffd23c000008020f00d76ddbffd3L
  1; 15;114;0x6ddbffd33c000008020f0117a9fdffd4L
  1; 15;115;0xa9fdffd43c000008020f01572df0ffd5L
  1; 15;116;0x2df0ffd53c000008020f0197adf1ffd6L
  1; 15;117;0xadf1ffd63c000008020f29d6edccffd7L
  1; 15;118;0xedccffd73c000008020f2a178dd4ffd8L
  1; 15;119;0x8dd4ffd83c000008020f2a56b1e3ffd9L
  1; 15;120;0xb1e3ffd93c000008020f2a976df1ffdaL
  1; 15;121;0xbcbcbcbc3c000008020f33177dd5ffecL
  1; 15;122;0x7dd5ffec3c000008020f335709cfffedL
  1; 15;123;0x9cfffed3c000008020f339731d6ffeeL
  1; 15;124;0x31d6ffee3c000008020f33d731d6ffefL
  1; 15;125;0x31d6ffef3c000008020f30174dd4ffe0L
  1; 15;126;0x4dd4ffe03c000008020f305771e2ffe1L
  1; 15;127;0x71e2ffe13c000008020f309775e0ffe2L
  1; 15;128;0x75e0ffe23c000008020f30d759dbffe3L
  1; 15;129;0x59dbffe33c000008020f31179dfdffe4L
  1; 15;130;0x9dfdffe43c000008020f31571df0ffe5L
  1; 15;131;0x1df0ffe53c000008020f3197b1f1ffe6L
  1; 15;132;0xb1f1ffe63c000008020f31d6d9ccffe7L
  1; 15;133;0xd9ccffe73c000008020f321785d6ffe8L
  1; 15;134;0x85d6ffe83c000008020f3256a1e0ffe9L
  1; 15;135;0xa1e0ffe93c000008020f329771f1ffeaL
  1; 15;136;0xbcbcbcbc3c000008020f3b1789d5fffcL
  1; 15;137;0x89d5fffc3c000008020f3b5701ccfffdL
  1; 15;138;0x1ccfffd3c000008020f3b972dcffffeL
  1; 15;139;0x2dcffffe3c000008020f3bd731d7ffffL
  1; 15;140;0x31d7ffff3c000008020f381745cffff0L
  1; 15;141;0x45cffff03c000008020f38575de4fff1L
  1; 15;142;0x5de4fff13c000008020f389775defff2L
  1; 15;143;0x75defff23c000008020f38d755d9fff3L
  1; 15;144;0x55d9fff33c000008020f3917a1fcfff4L
  1; 15;145;0xa1fcfff43c000008020f395715f0fff5L
  1; 15;146;0x15f0fff53c000008020f3997a5eefff6L
  1; 15;147;0xa5eefff63c000008020f39d6d5cdfff7L
  1; 15;148;0xd5cdfff73c000008020f3a1775d4fff8L
  1; 15;149;0x75d4fff83c000008020f3a5689e1fff9L
  1; 15;150;0x89e1fff93c000008020f3a9765eefffaL
  1; 15;151;0xbcbcbcbc3c000008020f2b1789d5ffccL
  1; 15;152;0x89d5ffcc3c000008020f2b5711ccffcdL
  1; 15;153;0x11ccffcd3c000008020f2b9729d1ffceL
  1; 15;154;0x29d1ffce3c000008020f2bd741d8ffcfL
  1; 15;155;0x41d8ffcf3c000008020f001749d6ffc0L
  1; 15;156;0x49d6ffc03c000008020f005779e3ffc1L
  1; 15;157;0x79e3ffc13c000008020f00976de2ffc2L
  1; 15;158;0x6de2ffc23c000008020f00d775deffc3L
  1; 15;159;0x75deffc33c000008020f0117b1fcffc4L
  1; 15;160;0xb1fcffc43c000008020f015729efffc5L
  1; 15;161;0x29efffc53c000008020f0197a9efffc6L
  1; 15;162;0xa9efffc63c000008020f29d6e1cdffc7L
  1; 15;163;0xe1cdffc73c000008020f2a1781d1ffc8L
  1; 15;164;0x81d1ffc83c000008020f2a569de1ffc9L
  1; 15;165;0x9de1ffc93c000008020f2a9775f0ffcaL
  1; 15;166;0xbcbcbcbc3c000008020f331785d2ffdcL
  1; 15;167;0x85d2ffdc3c000008020f335701d1ffddL
  1; 15;168;0x1d1ffdd3c000008020f339719d0ffdeL
  1; 15;169;0x19d0ffde3c000008020f33d72ddcffdfL
  1; 15;170;0x2ddcffdf3c000008020f301739d4ffd0L
  1; 15;171;0x39d4ffd03c000008020f305769e6ffd1L
  1; 15;172;0x69e6ffd13c000008020f30977de0ffd2L
  1; 15;173;0x7de0ffd23c000008020f30d769daffd3L
  1; 15;174;0x69daffd33c000008020f3117a5fcffd4L
  1; 15;175;0xa5fcffd43c000008020f315725f0ffd5L
  1; 15;176;0x25f0ffd53c000008020f3197adefffd6L
  1; 15;177;0xadefffd63c000008020f31d6e1caffd7L
  1; 15;178;0xe1caffd73c000008020f321781d3ffd8L
  1; 15;179;0x81d3ffd83c000008020f3256ade1ffd9L
  1; 15;180;0xade1ffd93c000008020f329769f0ffdaL
  1; 15;181;0xbcbcbcbc3c000008020f3b1781d6ffecL
  1; 15;182;0x81d6ffec3c000008020f3b570dd1ffedL
  1; 15;183;0xdd1ffed3c000008020f3b9731d7ffeeL
  1; 15;184;0x31d7ffee3c000008020f3bd735daffefL
  1; 15;185;0x35daffef3c000008020f381755d8ffe0L
  1; 15;186;0x55d8ffe03c000008020f385775e4ffe1L
  1; 15;187;0x75e4ffe13c000008020f389775e1ffe2L
  1; 15;188;0x75e1ffe23c000008020f38d75ddbffe3L
  1; 15;189;0x5ddbffe33c000008020f3917a1ffffe4L
  1; 15;190;0xa1ffffe43c000008020f395721efffe5L
  1; 15;191;0x21efffe53c000008020f3997b1f0ffe6L
  1; 15;192;0xb1f0ffe63c000008020f39d6ddcdffe7L
  1; 15;193;0xddcdffe73c000008020f3a1789d8ffe8L
  1; 15;194;0x89d8ffe83c000008020f3a56a5e0ffe9L
  1; 15;195;0xa5e0ffe93c000008020f3a9775f2ffeaL
  1; 15;196;0xbcbcbcbc3c000008020f2b1789d6fffcL
  1; 15;197;0x89d6fffc3c000008020f2b570dccfffdL
  1; 15;198;0xdccfffd3c000008020f2b9735d1fffeL
  1; 15;199;0x35d1fffe3c000008020f2bd735d8ffffL
  1; 15;200;0x35d8ffff3c000008020f001755d1fff0L
  1; 15;201;0x55d1fff03c000008020f005769e4fff1L
  1; 15;202;0x69e4fff13c000008020f009775ddfff2L
  1; 15;203;0x75ddfff23c000008020f00d759dbfff3L
  1; 15;204;0x59dbfff33c000008020f0117a1fcfff4L
  1; 15;205;0xa1fcfff43c000008020f015719effff5L
  1; 15;206;0x19effff53c000008020f0197a5effff6L
  1; 15;207;0xa5effff63c000008020f29d6ddcdfff7L
  1; 15;208;0xddcdfff73c000008020f2a1781d5fff8L
  1; 15;209;0x81d5fff83c000008020f2a568de1fff9L
  1; 15;210;0x8de1fff93c000008020f2a976deffffaL
  1; 15;211;0xbcbcbcbc3c000008020f33178dd6ffccL
  1; 15;212;0x8dd6ffcc3c000008020f335719ceffcdL
  1; 15;213;0x19ceffcd3c000008020f33972dd3ffceL
  1; 15;214;0x2dd3ffce3c000008020f33d745d9ffcfL
  1; 15;215;0x45d9ffcf3c000008020f301745d5ffc0L
  1; 15;216;0x45d5ffc03c000008020f30577de3ffc1L
  1; 15;217;0x7de3ffc13c000008020f309771e1ffc2L
  1; 15;218;0x71e1ffc23c000008020f30d775deffc3L
  1; 15;219;0x75deffc33c000008020f3117b1fcffc4L
  1; 15;220;0xb1fcffc43c000008020f31572defffc5L
  1; 15;221;0x2defffc53c000008020f3197adf0ffc6L
  1; 15;222;0xadf0ffc63c000008020f31d6e5cdffc7L
  1; 15;223;0xe5cdffc73c000008020f321789d3ffc8L
  1; 15;224;0x89d3ffc83c000008020f3256a5e1ffc9L
  1; 15;225;0xa5e1ffc93c000008020f32977defffcaL
  1; 15;226;0xbcbcbcbc3c000008020f3b1789d1ffdcL
  1; 15;227;0x89d1ffdc3c000008020f3b5701d3ffddL
  1; 15;228;0x1d3ffdd3c000008020f3b9725d1ffdeL
  1; 15;229;0x25d1ffde3c000008020f3bd729dcffdfL
  1; 15;230;0x29dcffdf3c000008020f381741d6ffd0L
  1; 15;231;0x41d6ffd03c000008020f38576de7ffd1L
  1; 15;232;0x6de7ffd13c000008020f389781e0ffd2L
  1; 15;233;0x81e0ffd23c000008020f38d769dcffd3L
  1; 15;234;0x69dcffd33c000008020f3917a5fcffd4L
  1; 15;235;0xa5fcffd43c000008020f39572df0ffd5L
  1; 15;236;0x2df0ffd53c000008020f3997a9f0ffd6L
  1; 15;237;0xa9f0ffd63c000008020f39d6e5c8ffd7L
  1; 15;238;0xe5c8ffd73c000008020f3a1785d3ffd8L
  1; 15;239;0x85d3ffd83c000008020f3a56ade2ffd9L
  1; 15;240;0xade2ffd93c000008020f3a9765f1ffdaL
  1; 15;241;0xbcbcbcbc3c000008020f2b1779d4ffecL
  1; 15;242;0x79d4ffec3c000008020f2b5705ceffedL
  1; 15;243;0x5ceffed3c000008020f2b9725d4ffeeL
  1; 15;244;0x25d4ffee3c000008020f2bd729d6ffefL
  1; 15;245;0x29d6ffef3c000008020f001751d4ffe0L
  1; 15;246;0x51d4ffe03c000008020f005765e2ffe1L
  1; 15;247;0x65e2ffe13c000008020f00976ddeffe2L
  1; 15;248;0x6ddeffe23c000008020f00d759daffe3L
  1; 15;249;0x59daffe33c000008020f01179dfdffe4L
  1; 15;250;0x9dfdffe43c000008020f015719efffe5L
  1; 15;251;0x19efffe53c000008020f0197adefffe6L
  1; 15;252;0xadefffe63c000008020f29d6d1caffe7L
  1; 15;253;0xd1caffe73c000008020f2a177dd4ffe8L
  1; 15;254;0x7dd4ffe83c000008020f2a5691e0ffe9L
  1; 15;255;0x91e0ffe93c000008020f2a976df1ffeaL
  1; 15;256;0xbcbcbcbc3c000008020f331785d5fffcL
  1; 16;  1;0xbcbcbcbc3c000008020f331735d8fffcL
  1; 16;  2;0x35d8fffc3c000008020f3356adb0fffdL
  1; 16;  3;0xadb0fffd3c000008020f3396c9dbfffeL
  1; 16;  4;0xc9dbfffe3c000008020f33d65993ffffL
  1; 16;  5;0x5993ffff3c000008020f301675b6fff0L
  1; 16;  6;0x75b6fff03c000008020f3056f1d0fff1L
  1; 16;  7;0xf1d0fff13c000008020f309759c3fff2L
  1; 16;  8;0x59c3fff23c000008020f30d739edfff3L
  1; 16;  9;0x39edfff33c000008020f311751e6fff4L
  1; 16; 10;0x51e6fff43c000008020f31574de7fff5L
  1; 16; 11;0x4de7fff53c000008020f319769d4fff6L
  1; 16; 12;0x69d4fff63c000008020f31d715ebfff7L
  1; 16; 13;0x15ebfff73c000008020f32163d9bfff8L
  1; 16; 14;0x3d9bfff83c000008020f3256f5a9fff9L
  1; 16; 15;0xf5a9fff93c000008020f32969dbdfffaL
  1; 16; 16;0xbcbcbcbc3c000008020f3b1739e0ffccL
  1; 16; 17;0x39e0ffcc3c000008020f3b56bdb3ffcdL
  1; 16; 18;0xbdb3ffcd3c000008020f3b96ddd7ffceL
  1; 16; 19;0xddd7ffce3c000008020f3bd66192ffcfL
  1; 16; 20;0x6192ffcf3c000008020f381679b5ffc0L
  1; 16; 21;0x79b5ffc03c000008020f3856f5d2ffc1L
  1; 16; 22;0xf5d2ffc13c000008020f38975dc1ffc2L
  1; 16; 23;0x5dc1ffc23c000008020f38d749edffc3L
  1; 16; 24;0x49edffc33c000008020f391759e9ffc4L
  1; 16; 25;0x59e9ffc43c000008020f395759e9ffc5L
  1; 16; 26;0x59e9ffc53c000008020f399771daffc6L
  1; 16; 27;0x71daffc63c000008020f39d711e9ffc7L
  1; 16; 28;0x11e9ffc73c000008020f3a16619affc8L
  1; 16; 29;0x619affc83c000008020f3a5705a4ffc9L
  1; 16; 30;0x5a4ffc93c000008020f3a96b5bbffcaL
  1; 16; 31;0xbcbcbcbc3c000008020f2b1735d9ffdcL
  1; 16; 32;0x35d9ffdc3c000008020f2b56c5afffddL
  1; 16; 33;0xc5afffdd3c000008020f2b96d5daffdeL
  1; 16; 34;0xd5daffde3c000008020f2bd64d94ffdfL
  1; 16; 35;0x4d94ffdf3c000008020f001681b5ffd0L
  1; 16; 36;0x81b5ffd03c000008020f0056d5cfffd1L
  1; 16; 37;0xd5cfffd13c000008020f00976dc3ffd2L
  1; 16; 38;0x6dc3ffd23c000008020f00d741ecffd3L
  1; 16; 39;0x41ecffd33c000008020f011751e7ffd4L
  1; 16; 40;0x51e7ffd43c000008020f015745e6ff95L
  1; 16; 41;0x45e6ff953c000008020f01975dd9ffd6L
  1; 16; 42;0x5dd9ffd63c000008020f29d715e7ffd7L
  1; 16; 43;0x15e7ffd73c000008020f2a16399bffd8L
  1; 16; 44;0x399bffd83c000008020f2a56f1a9ffd9L
  1; 16; 45;0xf1a9ffd93c000008020f2a96a5bcffdaL
  1; 16; 46;0xbcbcbcbc3c000008020f33172dd9ffecL
  1; 16; 47;0x2dd9ffec3c000008020f3356b1adffedL
  1; 16; 48;0xb1adffed3c000008020f3396cdd9ffeeL
  1; 16; 49;0xcdd9ffee3c000008020f33d6498effefL
  1; 16; 50;0x498effef3c000008020f30164db1ffe0L
  1; 16; 51;0x4db1ffe03c000008020f3056d1d0ffe1L
  1; 16; 52;0xd1d0ffe13c000008020f309751bcffe2L
  1; 16; 53;0x51bcffe23c000008020f30d739eaffe3L
  1; 16; 54;0x39eaffe33c000008020f311751e6ffe4L
  1; 16; 55;0x51e6ffe43c000008020f31573de4ffe5L
  1; 16; 56;0x3de4ffe53c000008020f31976dd5ffe6L
  1; 16; 57;0x6dd5ffe63c000008020f31d709e6ffe7L
  1; 16; 58;0x9e6ffe73c000008020f32164998ffe8L
  1; 16; 59;0x4998ffe83c000008020f3256dda0ffe9L
  1; 16; 60;0xdda0ffe93c000008020f3296adb8ffeaL
  1; 16; 61;0xbcbcbcbc3c000008020f3b1731d8fffcL
  1; 16; 62;0x31d8fffc3c000008020f3b56a5abfffdL
  1; 16; 63;0xa5abfffd3c000008020f3b96b9d8fffeL
  1; 16; 64;0xb9d8fffe3c000008020f3bd64991ffffL
  1; 16; 65;0x4991ffff3c000008020f381661b4fff0L
  1; 16; 66;0x61b4fff03c000008020f3856e5ccfff1L
  1; 16; 67;0xe5ccfff13c000008020f389755c2fff2L
  1; 16; 68;0x55c2fff23c000008020f38d735ecfff3L
  1; 16; 69;0x35ecfff33c000008020f391751e5fff4L
  1; 16; 70;0x51e5fff43c000008020f395745e4fff5L
  1; 16; 71;0x45e4fff53c000008020f399769d2fff6L
  1; 16; 72;0x69d2fff63c000008020f39d70de8fff7L
  1; 16; 73;0xde8fff73c000008020f3a163597fff8L
  1; 16; 74;0x3597fff83c000008020f3a56e9a8fff9L
  1; 16; 75;0xe9a8fff93c000008020f3a96a1bafffaL
  1; 16; 76;0xbcbcbcbc3c000008020f2b173de0ffccL
  1; 16; 77;0x3de0ffcc3c000008020f2b56bdb2ffcdL
  1; 16; 78;0xbdb2ffcd3c000008020f2b96d9d9ffceL
  1; 16; 79;0xd9d9ffce3c000008020f2bd66592ffcfL
  1; 16; 80;0x6592ffcf3c000008020f001675b5ffc0L
  1; 16; 81;0x75b5ffc03c000008020f0056f1d1ffc1L
  1; 16; 82;0xf1d1ffc13c000008020f00975dc2ffc2L
  1; 16; 83;0x5dc2ffc23c000008020f00d745edffc3L
  1; 16; 84;0x45edffc33c000008020f011751e8ffc4L
  1; 16; 85;0x51e8ffc43c000008020f015755e7ffc5L
  1; 16; 86;0x55e7ffc53c000008020f019765daffc6L
  1; 16; 87;0x65daffc63c000008020f29d711eaffc7L
  1; 16; 88;0x11eaffc73c000008020f2a165599ffc8L
  1; 16; 89;0x5599ffc83c000008020f2a5701a4ffc9L
  1; 16; 90;0x1a4ffc93c000008020f2a96b5bbffcaL
  1; 16; 91;0xbcbcbcbc3c000008020f331739daffdcL
  1; 16; 92;0x39daffdc3c000008020f3356bdb0ffddL
  1; 16; 93;0xbdb0ffdd3c000008020f3396d1daffdeL
  1; 16; 94;0xd1daffde3c000008020f33d65595ffdfL
  1; 16; 95;0x5595ffdf3c000008020f301685b6ffd0L
  1; 16; 96;0x85b6ffd03c000008020f3056d5d2ffd1L
  1; 16; 97;0xd5d2ffd13c000008020f30976dc4ffd2L
  1; 16; 98;0x6dc4ffd23c000008020f30d741edffd3L
  1; 16; 99;0x41edffd33c000008020f31174de7ffd4L
  1; 16;100;0x4de7ffd43c000008020f315749e5ff95L
  1; 16;101;0x49e5ff953c000008020f319765d9ffd6L
  1; 16;102;0x65d9ffd63c000008020f31d715e8ffd7L
  1; 16;103;0x15e8ffd73c000008020f3216419affd8L
  1; 16;104;0x419affd83c000008020f3256fda8ffd9L
  1; 16;105;0xfda8ffd93c000008020f3296b1bdffdaL
  1; 16;106;0xbcbcbcbc3c000008020f3b172dd8ffecL
  1; 16;107;0x2dd8ffec3c000008020f3b56b5afffedL
  1; 16;108;0xb5afffed3c000008020f3b96d1daffeeL
  1; 16;109;0xd1daffee3c000008020f3bd65190ffefL
  1; 16;110;0x5190ffef3c000008020f38164db2ffe0L
  1; 16;111;0x4db2ffe03c000008020f3856d1d1ffe1L
  1; 16;112;0xd1d1ffe13c000008020f389755beffe2L
  1; 16;113;0x55beffe23c000008020f38d739eaffe3L
  1; 16;114;0x39eaffe33c000008020f391759e6ffe4L
  1; 16;115;0x59e6ffe43c000008020f395745e4ffe5L
  1; 16;116;0x45e4ffe53c000008020f39976dd7ffe6L
  1; 16;117;0x6dd7ffe63c000008020f39d70de8ffe7L
  1; 16;118;0xde8ffe73c000008020f3a16459bffe8L
  1; 16;119;0x459bffe83c000008020f3a56dda0ffe9L
  1; 16;120;0xdda0ffe93c000008020f3a96a5b8ffeaL
  1; 16;121;0xbcbcbcbc3c000008020f2b172dd7fffcL
  1; 16;122;0x2dd7fffc3c000008020f2b56adadfffdL
  1; 16;123;0xadadfffd3c000008020f2b96c9d9fffeL
  1; 16;124;0xc9d9fffe3c000008020f2bd65194ffffL
  1; 16;125;0x5194ffff3c000008020f001669b5fff0L
  1; 16;126;0x69b5fff03c000008020f0056e5cdfff1L
  1; 16;127;0xe5cdfff13c000008020f009751c2fff2L
  1; 16;128;0x51c2fff23c000008020f00d735edfff3L
  1; 16;129;0x35edfff33c000008020f01174de5fff4L
  1; 16;130;0x4de5fff43c000008020f015749e5ffb5L
  1; 16;131;0x49e5ffb53c000008020f019769d2fff6L
  1; 16;132;0x69d2fff63c000008020f29d711e9fff7L
  1; 16;133;0x11e9fff73c000008020f2a16399bfff8L
  1; 16;134;0x399bfff83c000008020f2a56eda7fff9L
  1; 16;135;0xeda7fff93c000008020f2a96a5bbfffaL
  1; 16;136;0xbcbcbcbc3c000008020f331739dbffccL
  1; 16;137;0x39dbffcc3c000008020f3356b1b1ffcdL
  1; 16;138;0xb1b1ffcd3c000008020f3396d5d7ffceL
  1; 16;139;0xd5d7ffce3c000008020f33d65590ffcfL
  1; 16;140;0x5590ffcf3c000008020f301671b3ffc0L
  1; 16;141;0x71b3ffc03c000008020f3056edd0ffc1L
  1; 16;142;0xedd0ffc13c000008020f309759bfffc2L
  1; 16;143;0x59bfffc23c000008020f30d739ecffc3L
  1; 16;144;0x39ecffc33c000008020f311751e8ffc4L
  1; 16;145;0x51e8ffc43c000008020f315751e7ff85L
  1; 16;146;0x51e7ff853c000008020f319765d9ffc6L
  1; 16;147;0x65d9ffc63c000008020f31d705e8ffc7L
  1; 16;148;0x5e8ffc73c000008020f3216519affc8L
  1; 16;149;0x519affc83c000008020f3256f5a1ffc9L
  1; 16;150;0xf5a1ffc93c000008020f3296b1baffcaL
  1; 16;151;0xbcbcbcbc3c000008020f3b1741dbffdcL
  1; 16;152;0x41dbffdc3c000008020f3b56bdb2ffddL
  1; 16;153;0xbdb2ffdd3c000008020f3b96d5daffdeL
  1; 16;154;0xd5daffde3c000008020f3bd65996ffdfL
  1; 16;155;0x5996ffdf3c000008020f381679b4ffd0L
  1; 16;156;0x79b4ffd03c000008020f3856d1d2ffd1L
  1; 16;157;0xd1d2ffd13c000008020f38976dc4ffd2L
  1; 16;158;0x6dc4ffd23c000008020f38d735ecffd3L
  1; 16;159;0x35ecffd33c000008020f391755e6ffd4L
  1; 16;160;0x55e6ffd43c000008020f395749e5ff95L
  1; 16;161;0x49e5ff953c000008020f399765daffd6L
  1; 16;162;0x65daffd63c000008020f39d715e7ffd7L
  1; 16;163;0x15e7ffd73c000008020f3a163d9bffd8L
  1; 16;164;0x3d9bffd83c000008020f3a56f9a9ffd9L
  1; 16;165;0xf9a9ffd93c000008020f3a96b1beffdaL
  1; 16;166;0xbcbcbcbc3c000008020f2b1735dbffecL
  1; 16;167;0x35dbffec3c000008020f2b56b5b3ffedL
  1; 16;168;0xb5b3ffed3c000008020f2b96d5dbffeeL
  1; 16;169;0xd5dbffee3c000008020f2bd65590ffefL
  1; 16;170;0x5590ffef3c000008020f001655b5ffe0L
  1; 16;171;0x55b5ffe03c000008020f0056d9d4ffe1L
  1; 16;172;0xd9d4ffe13c000008020f009755bfffe2L
  1; 16;173;0x55bfffe23c000008020f00d749ebffe3L
  1; 16;174;0x49ebffe33c000008020f01175de8ffe4L
  1; 16;175;0x5de8ffe43c000008020f015749e6ffa5L
  1; 16;176;0x49e6ffa53c000008020f019771d8ffe6L
  1; 16;177;0x71d8ffe63c000008020f29d719e9ffe7L
  1; 16;178;0x19e9ffe73c000008020f2a16499affe8L
  1; 16;179;0x499affe83c000008020f2a56e5a2ffe9L
  1; 16;180;0xe5a2ffe93c000008020f2a96b5baffeaL
  1; 16;181;0xbcbcbcbc3c000008020f331731d9fffcL
  1; 16;182;0x31d9fffc3c000008020f3356a5aefffdL
  1; 16;183;0xa5aefffd3c000008020f3396c1d9fffeL
  1; 16;184;0xc1d9fffe3c000008020f33d65592ffffL
  1; 16;185;0x5592ffff3c000008020f301669b4fff0L
  1; 16;186;0x69b4fff03c000008020f3056e5cefff1L
  1; 16;187;0xe5cefff13c000008020f309759c3fff2L
  1; 16;188;0x59c3fff23c000008020f30d739ecfff3L
  1; 16;189;0x39ecfff33c000008020f311749e5fff4L
  1; 16;190;0x49e5fff43c000008020f315749e5ffb5L
  1; 16;191;0x49e5ffb53c000008020f319765d4fff6L
  1; 16;192;0x65d4fff63c000008020f31d715e9fff7L
  1; 16;193;0x15e9fff73c000008020f3216399afff8L
  1; 16;194;0x399afff83c000008020f3256eda6fff9L
  1; 16;195;0xeda6fff93c000008020f3296a1bbfffaL
  1; 16;196;0xbcbcbcbc3c000008020f3b1741deffccL
  1; 16;197;0x41deffcc3c000008020f3b56b5b1ffcdL
  1; 16;198;0xb5b1ffcd3c000008020f3b96d1d8ffceL
  1; 16;199;0xd1d8ffce3c000008020f3bd65990ffcfL
  1; 16;200;0x5990ffcf3c000008020f38166db4ffc0L
  1; 16;201;0x6db4ffc03c000008020f3856edcfffc1L
  1; 16;202;0xedcfffc13c000008020f389755bfffc2L
  1; 16;203;0x55bfffc23c000008020f38d741ecffc3L
  1; 16;204;0x41ecffc33c000008020f391759e9ffc4L
  1; 16;205;0x59e9ffc43c000008020f39574de8ff85L
  1; 16;206;0x4de8ff853c000008020f399769d9ffc6L
  1; 16;207;0x69d9ffc63c000008020f39d701e9ffc7L
  1; 16;208;0x1e9ffc73c000008020f3a164d9affc8L
  1; 16;209;0x4d9affc83c000008020f3a5701a2ffc9L
  1; 16;210;0x1a2ffc93c000008020f3a96b1b9ffcaL
  1; 16;211;0xbcbcbcbc3c000008020f2b1739d9ffdcL
  1; 16;212;0x39d9ffdc3c000008020f2b56bdafffddL
  1; 16;213;0xbdafffdd3c000008020f2b96c9d8ffdeL
  1; 16;214;0xc9d8ffde3c000008020f2bd64993ffdfL
  1; 16;215;0x4993ffdf3c000008020f001681b2ffd0L
  1; 16;216;0x81b2ffd03c000008020f0056d5d0ffd1L
  1; 16;217;0xd5d0ffd13c000008020f009765c2ffd2L
  1; 16;218;0x65c2ffd23c000008020f00d735ebffd3L
  1; 16;219;0x35ebffd33c000008020f01174de5ffd4L
  1; 16;220;0x4de5ffd43c000008020f015745e4ffd5L
  1; 16;221;0x45e4ffd53c000008020f01975ddaffd6L
  1; 16;222;0x5ddaffd63c000008020f29d70de6ffd7L
  1; 16;223;0xde6ffd73c000008020f2a16399affd8L
  1; 16;224;0x399affd83c000008020f2a56eda9ffd9L
  1; 16;225;0xeda9ffd93c000008020f2a96a5bcffdaL
  1; 16;226;0xbcbcbcbc3c000008020f331735dbffecL
  1; 16;227;0x35dbffec3c000008020f3356b9b1ffedL
  1; 16;228;0xb9b1ffed3c000008020f3396d9dcffeeL
  1; 16;229;0xd9dcffee3c000008020f33d65992ffefL
  1; 16;230;0x5992ffef3c000008020f301659b4ffe0L
  1; 16;231;0x59b4ffe03c000008020f3056d5d4ffe1L
  1; 16;232;0xd5d4ffe13c000008020f30975dbeffe2L
  1; 16;233;0x5dbeffe23c000008020f30d745ecffe3L
  1; 16;234;0x45ecffe33c000008020f31175de8ffe4L
  1; 16;235;0x5de8ffe43c000008020f31574de4ffe5L
  1; 16;236;0x4de4ffe53c000008020f31976dd8ffe6L
  1; 16;237;0x6dd8ffe63c000008020f31d719e9ffe7L
  1; 16;238;0x19e9ffe73c000008020f3216499affe8L
  1; 16;239;0x499affe83c000008020f3256e9a3ffe9L
  1; 16;240;0xe9a3ffe93c000008020f3296adbbffeaL
  1; 16;241;0xbcbcbcbc3c000008020f3b1735d9fffcL
  1; 16;242;0x35d9fffc3c000008020f3b56b1adfffdL
  1; 16;243;0xb1adfffd3c000008020f3b96c5d9fffeL
  1; 16;244;0xc5d9fffe3c000008020f3bd65d95ffffL
  1; 16;245;0x5d95ffff3c000008020f381675b4fff0L
  1; 16;246;0x75b4fff03c000008020f3856edd1fff1L
  1; 16;247;0xedd1fff13c000008020f389759c6fff2L
  1; 16;248;0x59c6fff23c000008020f38d739edfff3L
  1; 16;249;0x39edfff33c000008020f391751e6fff4L
  1; 16;250;0x51e6fff43c000008020f39574de6ffb5L
  1; 16;251;0x4de6ffb53c000008020f39976dd4fff6L
  1; 16;252;0x6dd4fff63c000008020f39d715e9fff7L
  1; 16;253;0x15e9fff73c000008020f3a16399bfff8L
  1; 16;254;0x399bfff83c000008020f3a56f1a9fff9L
  1; 16;255;0xf1a9fff93c000008020f3a96a9bdfffaL
  1; 16;256;0xbcbcbcbc3c000008020f2b1739ddffccL
  1; 17;  1;0xbcbcbcbc3c000008020f2b16bdd1ffdcL
  1; 17;  2;0xbdd1ffdc3c000008020f2b56b5d8ffddL
  1; 17;  3;0xb5d8ffdd3c000008020f2b9659a9ffdeL
  1; 17;  4;0x59a9ffde3c000008020f2bd6eda2ffdfL
  1; 17;  5;0xeda2ffdf3c000008020f001765d0ffd0L
  1; 17;  6;0x65d0ffd03c000008020f0056a9c9ffd1L
  1; 17;  7;0xa9c9ffd13c000008020f009769d1ffd2L
  1; 17;  8;0x69d1ffd23c000008020f00d7a5d2ffd3L
  1; 17;  9;0xa5d2ffd33c000008020f011731e6ffd4L
  1; 17; 10;0x31e6ffd43c000008020f0156fdf0ffd5L
  1; 17; 11;0xfdf0ffd53c000008020f01977df6ffd6L
  1; 17; 12;0x7df6ffd63c000008020f29d7a9ebffd7L
  1; 17; 13;0xa9ebffd73c000008020f2a1775d6ffd8L
  1; 17; 14;0x75d6ffd83c000008020f2a571dd4ffd9L
  1; 17; 15;0x1dd4ffd93c000008020f2a9739e2ffdaL
  1; 17; 16;0xbcbcbcbc3c000008020f3316e1cfffecL
  1; 17; 17;0xe1cfffec3c000008020f3356b5d8ffedL
  1; 17; 18;0xb5d8ffed3c000008020f339665aaffeeL
  1; 17; 19;0x65aaffee3c000008020f33d6e1a4ffefL
  1; 17; 20;0xe1a4ffef3c000008020f30175dd6ffe0L
  1; 17; 21;0x5dd6ffe03c000008020f3056c9cbffe1L
  1; 17; 22;0xc9cbffe13c000008020f30977dd6ffe2L
  1; 17; 23;0x7dd6ffe23c000008020f30d7b5d6ffe3L
  1; 17; 24;0xb5d6ffe33c000008020f311739e9ffe4L
  1; 17; 25;0x39e9ffe43c000008020f3156f1efffe5L
  1; 17; 26;0xf1efffe53c000008020f3197a1f8ffe6L
  1; 17; 27;0xa1f8ffe63c000008020f31d7a5ecffe7L
  1; 17; 28;0xa5ecffe73c000008020f321785d6ffe8L
  1; 17; 29;0x85d6ffe83c000008020f325731d7ffe9L
  1; 17; 30;0x31d7ffe93c000008020f329735dcffeaL
  1; 17; 31;0xbcbcbcbc3c000008020f3b16d9d0fffcL
  1; 17; 32;0xd9d0fffc3c000008020f3b568dd4fffdL
  1; 17; 33;0x8dd4fffd3c000008020f3b9659a4fffeL
  1; 17; 34;0x59a4fffe3c000008020f3bd6d9a3ffffL
  1; 17; 35;0xd9a3ffff3c000008020f381769d5fff0L
  1; 17; 36;0x69d5fff03c000008020f3856adc8fff1L
  1; 17; 37;0xadc8fff13c000008020f389771cffff2L
  1; 17; 38;0x71cffff23c000008020f38d7add3fff3L
  1; 17; 39;0xadd3fff33c000008020f391735e7fff4L
  1; 17; 40;0x35e7fff43c000008020f39570deefff5L
  1; 17; 41;0xdeefff53c000008020f39978df7fff6L
  1; 17; 42;0x8df7fff63c000008020f39d7a9e7fff7L
  1; 17; 43;0xa9e7fff73c000008020f3a177dd1fff8L
  1; 17; 44;0x7dd1fff83c000008020f3a5731d6fff9L
  1; 17; 45;0x31d6fff93c000008020f3a9729dcfffaL
  1; 17; 46;0xbcbcbcbc3c000008020f2b16cdd0ffccL
  1; 17; 47;0xcdd0ffcc3c000008020f2b56a5d4ffcdL
  1; 17; 48;0xa5d4ffcd3c000008020f2b9661a8ffceL
  1; 17; 49;0x61a8ffce3c000008020f2bd6e99effcfL
  1; 17; 50;0xe99effcf3c000008020f001759d4ffc0L
  1; 17; 51;0x59d4ffc03c000008020f0056b9c9ffc1L
  1; 17; 52;0xb9c9ffc13c000008020f009771d0ffc2L
  1; 17; 53;0x71d0ffc23c000008020f00d7add4ffc3L
  1; 17; 54;0xadd4ffc33c000008020f011729eaffc4L
  1; 17; 55;0x29eaffc43c000008020f015701eeffc5L
  1; 17; 56;0x1eeffc53c000008020f019785f7ffc6L
  1; 17; 57;0x85f7ffc63c000008020f29d7a5e7ffc7L
  1; 17; 58;0xa5e7ffc73c000008020f2a1789d2ffc8L
  1; 17; 59;0x89d2ffc83c000008020f2a572dd6ffc9L
  1; 17; 60;0x2dd6ffc93c000008020f2a9721e1ffcaL
  1; 17; 61;0xbcbcbcbc3c000008020f3316b1cfffdcL
  1; 17; 62;0xb1cfffdc3c000008020f3356add8ffddL
  1; 17; 63;0xadd8ffdd3c000008020f339659a6ffdeL
  1; 17; 64;0x59a6ffde3c000008020f33d6eda2ffdfL
  1; 17; 65;0xeda2ffdf3c000008020f301761d0ffd0L
  1; 17; 66;0x61d0ffd03c000008020f3056a9c8ffd1L
  1; 17; 67;0xa9c8ffd13c000008020f309769cfffd2L
  1; 17; 68;0x69cfffd23c000008020f30d7a1d3ffd3L
  1; 17; 69;0xa1d3ffd33c000008020f311731e5ffd4L
  1; 17; 70;0x31e5ffd43c000008020f3156f9eeffd5L
  1; 17; 71;0xf9eeffd53c000008020f319781f6ffd6L
  1; 17; 72;0x81f6ffd63c000008020f31d7a5e9ffd7L
  1; 17; 73;0xa5e9ffd73c000008020f321775d5ffd8L
  1; 17; 74;0x75d5ffd83c000008020f325729d4ffd9L
  1; 17; 75;0x29d4ffd93c000008020f329739e1ffdaL
  1; 17; 76;0xbcbcbcbc3c000008020f3b16d1cdffecL
  1; 17; 77;0xd1cdffec3c000008020f3b56a9d6ffedL
  1; 17; 78;0xa9d6ffed3c000008020f3b9659a6ffeeL
  1; 17; 79;0x59a6ffee3c000008020f3bd6d1a3ffefL
  1; 17; 80;0xd1a3ffef3c000008020f381755d3ffe0L
  1; 17; 81;0x55d3ffe03c000008020f3856b1c8ffe1L
  1; 17; 82;0xb1c8ffe13c000008020f389775d3ffe2L
  1; 17; 83;0x75d3ffe23c000008020f38d7add4ffe3L
  1; 17; 84;0xadd4ffe33c000008020f391725e8ffe4L
  1; 17; 85;0x25e8ffe43c000008020f3956e1efffe5L
  1; 17; 86;0xe1efffe53c000008020f399795f7ffe6L
  1; 17; 87;0x95f7ffe63c000008020f39d7a1eaffe7L
  1; 17; 88;0xa1eaffe73c000008020f3a1779d5ffe8L
  1; 17; 89;0x79d5ffe83c000008020f3a5721d4ffe9L
  1; 17; 90;0x21d4ffe93c000008020f3a972ddaffeaL
  1; 17; 91;0xbcbcbcbc3c000008020f2b16d5d1fffcL
  1; 17; 92;0xd5d1fffc3c000008020f2b5691d4fffdL
  1; 17; 93;0x91d4fffd3c000008020f2b9665a1fffeL
  1; 17; 94;0x65a1fffe3c000008020f2bd6d5a2ffffL
  1; 17; 95;0xd5a2ffff3c000008020f001761d4fff0L
  1; 17; 96;0x61d4fff03c000008020f0056a9c8fff1L
  1; 17; 97;0xa9c8fff13c000008020f00976dd0fff2L
  1; 17; 98;0x6dd0fff23c000008020f00d7b1d2fff3L
  1; 17; 99;0xb1d2fff33c000008020f011731e7fff4L
  1; 17;100;0x31e7fff43c000008020f015701effff5L
  1; 17;101;0x1effff53c000008020f019785f6fff6L
  1; 17;102;0x85f6fff63c000008020f29d7a5e8fff7L
  1; 17;103;0xa5e8fff73c000008020f2a1779cffff8L
  1; 17;104;0x79cffff83c000008020f2a572dd4fff9L
  1; 17;105;0x2dd4fff93c000008020f2a9731dbfffaL
  1; 17;106;0xbcbcbcbc3c000008020f3316d5d2ffccL
  1; 17;107;0xd5d2ffcc3c000008020f3356a9d6ffcdL
  1; 17;108;0xa9d6ffcd3c000008020f339665acffceL
  1; 17;109;0x65acffce3c000008020f33d6eda2ffcfL
  1; 17;110;0xeda2ffcf3c000008020f301761d6ffc0L
  1; 17;111;0x61d6ffc03c000008020f3056bdc9ffc1L
  1; 17;112;0xbdc9ffc13c000008020f309775d2ffc2L
  1; 17;113;0x75d2ffc23c000008020f30d7b1d6ffc3L
  1; 17;114;0xb1d6ffc33c000008020f31172deaffc4L
  1; 17;115;0x2deaffc43c000008020f315709eeffc5L
  1; 17;116;0x9eeffc53c000008020f319785f9ffc6L
  1; 17;117;0x85f9ffc63c000008020f31d7ade9ffc7L
  1; 17;118;0xade9ffc73c000008020f321789d3ffc8L
  1; 17;119;0x89d3ffc83c000008020f325731d8ffc9L
  1; 17;120;0x31d8ffc93c000008020f329729e2ffcaL
  1; 17;121;0xbcbcbcbc3c000008020f3b16bdd1ffdcL
  1; 17;122;0xbdd1ffdc3c000008020f3b56bdd9ffddL
  1; 17;123;0xbdd9ffdd3c000008020f3b9661a9ffdeL
  1; 17;124;0x61a9ffde3c000008020f3bd6f5a4ffdfL
  1; 17;125;0xf5a4ffdf3c000008020f381769cfffd0L
  1; 17;126;0x69cfffd03c000008020f3856adc9ffd1L
  1; 17;127;0xadc9ffd13c000008020f389771d1ffd2L
  1; 17;128;0x71d1ffd23c000008020f38d7add3ffd3L
  1; 17;129;0xadd3ffd33c000008020f391739e6ffd4L
  1; 17;130;0x39e6ffd43c000008020f3956fdefffd5L
  1; 17;131;0xfdefffd53c000008020f399781f7ffd6L
  1; 17;132;0x81f7ffd63c000008020f39d7adebffd7L
  1; 17;133;0xadebffd73c000008020f3a177dd5ffd8L
  1; 17;134;0x7dd5ffd83c000008020f3a5731d4ffd9L
  1; 17;135;0x31d4ffd93c000008020f3a9745e3ffdaL
  1; 17;136;0xbcbcbcbc3c000008020f2b16d5cdffecL
  1; 17;137;0xd5cdffec3c000008020f2b56add7ffedL
  1; 17;138;0xadd7ffed3c000008020f2b9659a6ffeeL
  1; 17;139;0x59a6ffee3c000008020f2bd6d1a4ffefL
  1; 17;140;0xd1a4ffef3c000008020f001759d5ffe0L
  1; 17;141;0x59d5ffe03c000008020f0056c1c9ffe1L
  1; 17;142;0xc1c9ffe13c000008020f009775d1ffe2L
  1; 17;143;0x75d1ffe23c000008020f00d7b1d4ffe3L
  1; 17;144;0xb1d4ffe33c000008020f01172de8ffe4L
  1; 17;145;0x2de8ffe43c000008020f0156e5eeffe5L
  1; 17;146;0xe5eeffe53c000008020f019795f6ffe6L
  1; 17;147;0x95f6ffe63c000008020f29d7a1ebffe7L
  1; 17;148;0xa1ebffe73c000008020f2a1781d5ffe8L
  1; 17;149;0x81d5ffe83c000008020f2a5729d6ffe9L
  1; 17;150;0x29d6ffe93c000008020f2a972ddaffeaL
  1; 17;151;0xbcbcbcbc3c000008020f3316d5cffffcL
  1; 17;152;0xd5cffffc3c000008020f335691d2fffdL
  1; 17;153;0x91d2fffd3c000008020f339655a2fffeL
  1; 17;154;0x55a2fffe3c000008020f33d6cda0ffffL
  1; 17;155;0xcda0ffff3c000008020f30175dd2fff0L
  1; 17;156;0x5dd2fff03c000008020f3056a5c8fff1L
  1; 17;157;0xa5c8fff13c000008020f309761cefff2L
  1; 17;158;0x61cefff23c000008020f30d7b1cffff3L
  1; 17;159;0xb1cffff33c000008020f31172de6fff4L
  1; 17;160;0x2de6fff43c000008020f315701effff5L
  1; 17;161;0x1effff53c000008020f319781f6fff6L
  1; 17;162;0x81f6fff63c000008020f31d7a5e6fff7L
  1; 17;163;0xa5e6fff73c000008020f321775cefff8L
  1; 17;164;0x75cefff83c000008020f325729d5fff9L
  1; 17;165;0x29d5fff93c000008020f329725dafffaL
  1; 17;166;0xbcbcbcbc3c000008020f3b16cdd1ffccL
  1; 17;167;0xcdd1ffcc3c000008020f3b56a5d6ffcdL
  1; 17;168;0xa5d6ffcd3c000008020f3b9661a8ffceL
  1; 17;169;0x61a8ffce3c000008020f3bd6e9a0ffcfL
  1; 17;170;0xe9a0ffcf3c000008020f381761d4ffc0L
  1; 17;171;0x61d4ffc03c000008020f3856b5c8ffc1L
  1; 17;172;0xb5c8ffc13c000008020f38976dd1ffc2L
  1; 17;173;0x6dd1ffc23c000008020f38d7b1d5ffc3L
  1; 17;174;0xb1d5ffc33c000008020f39172deaffc4L
  1; 17;175;0x2deaffc43c000008020f395701eeffc5L
  1; 17;176;0x1eeffc53c000008020f399789f8ffc6L
  1; 17;177;0x89f8ffc63c000008020f39d7a9e8ffc7L
  1; 17;178;0xa9e8ffc73c000008020f3a1789d4ffc8L
  1; 17;179;0x89d4ffc83c000008020f3a572dd7ffc9L
  1; 17;180;0x2dd7ffc93c000008020f3a9725e1ffcaL
  1; 17;181;0xbcbcbcbc3c000008020f2b16b5d2ffdcL
  1; 17;182;0xb5d2ffdc3c000008020f2b56add8ffddL
  1; 17;183;0xadd8ffdd3c000008020f2b9661a7ffdeL
  1; 17;184;0x61a7ffde3c000008020f2bd6eda1ffdfL
  1; 17;185;0xeda1ffdf3c000008020f001769ceffd0L
  1; 17;186;0x69ceffd03c000008020f0056b1c7ffd1L
  1; 17;187;0xb1c7ffd13c000008020f009769d0ffd2L
  1; 17;188;0x69d0ffd23c000008020f00d7a9d3ffd3L
  1; 17;189;0xa9d3ffd33c000008020f011731e5ffd4L
  1; 17;190;0x31e5ffd43c000008020f015701efffd5L
  1; 17;191;0x1efffd53c000008020f019779f6ffd6L
  1; 17;192;0x79f6ffd63c000008020f29d7a1ebffd7L
  1; 17;193;0xa1ebffd73c000008020f2a1781d6ffd8L
  1; 17;194;0x81d6ffd83c000008020f2a5725d4ffd9L
  1; 17;195;0x25d4ffd93c000008020f2a9741e3ffdaL
  1; 17;196;0xbcbcbcbc3c000008020f3316ddceffecL
  1; 17;197;0xddceffec3c000008020f3356b1d7ffedL
  1; 17;198;0xb1d7ffed3c000008020f339665a8ffeeL
  1; 17;199;0x65a8ffee3c000008020f33d6dda4ffefL
  1; 17;200;0xdda4ffef3c000008020f301761d6ffe0L
  1; 17;201;0x61d6ffe03c000008020f3056c1ccffe1L
  1; 17;202;0xc1ccffe13c000008020f309779d4ffe2L
  1; 17;203;0x79d4ffe23c000008020f30d7b1d5ffe3L
  1; 17;204;0xb1d5ffe33c000008020f311731e9ffe4L
  1; 17;205;0x31e9ffe43c000008020f3156edf0ffe5L
  1; 17;206;0xedf0ffe53c000008020f319795f6ffe6L
  1; 17;207;0x95f6ffe63c000008020f31d7a1e9ffe7L
  1; 17;208;0xa1e9ffe73c000008020f321781d6ffe8L
  1; 17;209;0x81d6ffe83c000008020f325729d6ffe9L
  1; 17;210;0x29d6ffe93c000008020f32972ddbffeaL
  1; 17;211;0xbcbcbcbc3c000008020f3b16d1cffffcL
  1; 17;212;0xd1cffffc3c000008020f3b568dd3fffdL
  1; 17;213;0x8dd3fffd3c000008020f3b9655a2fffeL
  1; 17;214;0x55a2fffe3c000008020f3bd6cd9effffL
  1; 17;215;0xcd9effff3c000008020f381759d1fff0L
  1; 17;216;0x59d1fff03c000008020f3856a9c7fff1L
  1; 17;217;0xa9c7fff13c000008020f389761cdfff2L
  1; 17;218;0x61cdfff23c000008020f38d7add0fff3L
  1; 17;219;0xadd0fff33c000008020f39172de6fff4L
  1; 17;220;0x2de6fff43c000008020f395701eefff5L
  1; 17;221;0x1eefff53c000008020f399779f7fff6L
  1; 17;222;0x79f7fff63c000008020f39d79de5fff7L
  1; 17;223;0x9de5fff73c000008020f3a1771cefff8L
  1; 17;224;0x71cefff83c000008020f3a5725d4fff9L
  1; 17;225;0x25d4fff93c000008020f3a9729dafffaL
  1; 17;226;0xbcbcbcbc3c000008020f2b16cdd1ffccL
  1; 17;227;0xcdd1ffcc3c000008020f2b56a1d4ffcdL
  1; 17;228;0xa1d4ffcd3c000008020f2b9655a6ffceL
  1; 17;229;0x55a6ffce3c000008020f2bd6e59dffcfL
  1; 17;230;0xe59dffcf3c000008020f00175dd3ffc0L
  1; 17;231;0x5dd3ffc03c000008020f0056b5c8ffc1L
  1; 17;232;0xb5c8ffc13c000008020f00976dceffc2L
  1; 17;233;0x6dceffc23c000008020f00d7a9d4ffc3L
  1; 17;234;0xa9d4ffc33c000008020f011725e9ffc4L
  1; 17;235;0x25e9ffc43c000008020f015705efffc5L
  1; 17;236;0x5efffc53c000008020f019785f6ffc6L
  1; 17;237;0x85f6ffc63c000008020f29d7a9e8ffc7L
  1; 17;238;0xa9e8ffc73c000008020f2a1785d1ffc8L
  1; 17;239;0x85d1ffc83c000008020f2a5731d4ffc9L
  1; 17;240;0x31d4ffc93c000008020f2a971ddfffcaL
  1; 17;241;0xbcbcbcbc3c000008020f3316bdd3ffdcL
  1; 17;242;0xbdd3ffdc3c000008020f3356bddaffddL
  1; 17;243;0xbddaffdd3c000008020f33965da9ffdeL
  1; 17;244;0x5da9ffde3c000008020f33d6f1a4ffdfL
  1; 17;245;0xf1a4ffdf3c000008020f301765cfffd0L
  1; 17;246;0x65cfffd03c000008020f3056b5caffd1L
  1; 17;247;0xb5caffd13c000008020f309769d3ffd2L
  1; 17;248;0x69d3ffd23c000008020f30d7a9d5ffd3L
  1; 17;249;0xa9d5ffd33c000008020f311739e7ffd4L
  1; 17;250;0x39e7ffd43c000008020f315705efffd5L
  1; 17;251;0x5efffd53c000008020f319785f7ffd6L
  1; 17;252;0x85f7ffd63c000008020f31d7a5ecffd7L
  1; 17;253;0xa5ecffd73c000008020f321779d7ffd8L
  1; 17;254;0x79d7ffd83c000008020f325729d6ffd9L
  1; 17;255;0x29d6ffd93c000008020f329749e3ffdaL
  1; 17;256;0xbcbcbcbc3c000008020f3b16ddccffecL
  1; 18;  1;0xbcbcbcbc3c000008020f3b17c5edffccL
  1; 18;  2;0xc5edffcc3c000008020f3b57ddfaffcdL
  1; 18;  3;0xddfaffcd3c000008020f3b97fdffff8eL
  1; 18;  4;0xfdffff8e3c000008020f3bd7a9f9ffcfL
  1; 18;  5;0xa9f9ffcf3c000008020f3817edfbffc0L
  1; 18;  6;0xedfbffc03c000008020f385779edffc1L
  1; 18;  7;0x79edffc13c000008020f3897d1f6ffc2L
  1; 18;  8;0xd1f6ffc23c000008020f38d7f5ffffc3L
  1; 18;  9;0xf5ffffc33c000008020f3917fdffffc4L
  1; 18; 10;0xfdffffc43c000008020f3957c1efffc5L
  1; 18; 11;0xc1efffc53c000008020f3997f1faffc6L
  1; 18; 12;0xf1faffc63c000008020f39d7d5f5ff87L
  1; 18; 13;0xd5f5ff873c000008020f3a17bdf3ffc8L
  1; 18; 14;0xbdf3ffc83c000008020f3a56f5ecffc9L
  1; 18; 15;0xf5ecffc93c000008020f3a97e9edffcaL
  1; 18; 16;0xbcbcbcbc3c000008020f2b17c5eeffdcL
  1; 18; 17;0xc5eeffdc3c000008020f2b57d9fbffddL
  1; 18; 18;0xd9fbffdd3c000008020f2b97fdffff9eL
  1; 18; 19;0xfdffff9e3c000008020f2bd7b1f9ffdfL
  1; 18; 20;0xb1f9ffdf3c000008020f0017e9fbffd0L
  1; 18; 21;0xe9fbffd03c000008020f005769efffd1L
  1; 18; 22;0x69efffd13c000008020f0097d1f5ffd2L
  1; 18; 23;0xd1f5ffd23c000008020f00d7f5ffffd3L
  1; 18; 24;0xf5ffffd33c000008020f0117fdffffd4L
  1; 18; 25;0xfdffffd43c000008020f0157c1efffd5L
  1; 18; 26;0xc1efffd53c000008020f0197edfaffd6L
  1; 18; 27;0xedfaffd63c000008020f29d7d9f5ff97L
  1; 18; 28;0xd9f5ff973c000008020f2a17c1f3ffd8L
  1; 18; 29;0xc1f3ffd83c000008020f2a56f5ecffd9L
  1; 18; 30;0xf5ecffd93c000008020f2a97e5eaffdaL
  1; 18; 31;0xbcbcbcbc3c000008020f3317c5edffecL
  1; 18; 32;0xc5edffec3c000008020f3357d5fbffedL
  1; 18; 33;0xd5fbffed3c000008020f3397fdffffaeL
  1; 18; 34;0xfdffffae3c000008020f33d7a1f8ffefL
  1; 18; 35;0xa1f8ffef3c000008020f3017edfbffe0L
  1; 18; 36;0xedfbffe03c000008020f305771efffe1L
  1; 18; 37;0x71efffe13c000008020f3097c1f5ffe2L
  1; 18; 38;0xc1f5ffe23c000008020f30d7f9ffffe3L
  1; 18; 39;0xf9ffffe33c000008020f3117fdffffe4L
  1; 18; 40;0xfdffffe43c000008020f3157bdefffe5L
  1; 18; 41;0xbdefffe53c000008020f3197edf9ffe6L
  1; 18; 42;0xedf9ffe63c000008020f31d7d5f5ffa7L
  1; 18; 43;0xd5f5ffa73c000008020f3217bdf1ffe8L
  1; 18; 44;0xbdf1ffe83c000008020f3256d9ebffe9L
  1; 18; 45;0xd9ebffe93c000008020f3297e9ecffeaL
  1; 18; 46;0xbcbcbcbc3c000008020f3b17c5ecfffcL
  1; 18; 47;0xc5ecfffc3c000008020f3b57d5fbfffdL
  1; 18; 48;0xd5fbfffd3c000008020f3b97fdffffbeL
  1; 18; 49;0xfdffffbe3c000008020f3bd7a5f8ffffL
  1; 18; 50;0xa5f8ffff3c000008020f3817e9fafff0L
  1; 18; 51;0xe9fafff03c000008020f385765eefff1L
  1; 18; 52;0x65eefff13c000008020f3897cdf5fff2L
  1; 18; 53;0xcdf5fff23c000008020f38d7f5fffff3L
  1; 18; 54;0xf5fffff33c000008020f3917fdfffff4L
  1; 18; 55;0xfdfffff43c000008020f3957c1f0fff5L
  1; 18; 56;0xc1f0fff53c000008020f3997edf9fff6L
  1; 18; 57;0xedf9fff63c000008020f39d7d5f5ffb7L
  1; 18; 58;0xd5f5ffb73c000008020f3a17c5f1fff8L
  1; 18; 59;0xc5f1fff83c000008020f3a56edecfff9L
  1; 18; 60;0xedecfff93c000008020f3a97e9e9fffaL
  1; 18; 61;0xbcbcbcbc3c000008020f2b17c5edffccL
  1; 18; 62;0xc5edffcc3c000008020f2b57ddfbffcdL
  1; 18; 63;0xddfbffcd3c000008020f2b97fdffff8eL
  1; 18; 64;0xfdffff8e3c000008020f2bd7a9f9ffcfL
  1; 18; 65;0xa9f9ffcf3c000008020f0017e9fbffc0L
  1; 18; 66;0xe9fbffc03c000008020f005779edffc1L
  1; 18; 67;0x79edffc13c000008020f0097d1f6ffc2L
  1; 18; 68;0xd1f6ffc23c000008020f00d7f9ffffc3L
  1; 18; 69;0xf9ffffc33c000008020f0117fdffffc4L
  1; 18; 70;0xfdffffc43c000008020f0157c1f0ffc5L
  1; 18; 71;0xc1f0ffc53c000008020f0197f1f9ffc6L
  1; 18; 72;0xf1f9ffc63c000008020f29d7d5f5ff87L
  1; 18; 73;0xd5f5ff873c000008020f2a17bdf3ffc8L
  1; 18; 74;0xbdf3ffc83c000008020f2a56f1ebffc9L
  1; 18; 75;0xf1ebffc93c000008020f2a97e9ecffcaL
  1; 18; 76;0xbcbcbcbc3c000008020f3317c5eeffdcL
  1; 18; 77;0xc5eeffdc3c000008020f3357d9fbffddL
  1; 18; 78;0xd9fbffdd3c000008020f3397fdffff9eL
  1; 18; 79;0xfdffff9e3c000008020f33d7adf9ffdfL
  1; 18; 80;0xadf9ffdf3c000008020f3017edfaffd0L
  1; 18; 81;0xedfaffd03c000008020f305765efffd1L
  1; 18; 82;0x65efffd13c000008020f3097d1f5ffd2L
  1; 18; 83;0xd1f5ffd23c000008020f30d7f5ffffd3L
  1; 18; 84;0xf5ffffd33c000008020f3117fdffffd4L
  1; 18; 85;0xfdffffd43c000008020f3157bdefffd5L
  1; 18; 86;0xbdefffd53c000008020f3197edfaffd6L
  1; 18; 87;0xedfaffd63c000008020f31d7d5f5ff97L
  1; 18; 88;0xd5f5ff973c000008020f3217c1f3ffd8L
  1; 18; 89;0xc1f3ffd83c000008020f3256e9edffd9L
  1; 18; 90;0xe9edffd93c000008020f3297e5ebffdaL
  1; 18; 91;0xbcbcbcbc3c000008020f3b17c5eeffecL
  1; 18; 92;0xc5eeffec3c000008020f3b57d5fbffedL
  1; 18; 93;0xd5fbffed3c000008020f3b97fdffffaeL
  1; 18; 94;0xfdffffae3c000008020f3bd79df8ffefL
  1; 18; 95;0x9df8ffef3c000008020f3817edfaffe0L
  1; 18; 96;0xedfaffe03c000008020f385771eeffe1L
  1; 18; 97;0x71eeffe13c000008020f3897c1f5ffe2L
  1; 18; 98;0xc1f5ffe23c000008020f38d7f5ffffe3L
  1; 18; 99;0xf5ffffe33c000008020f3917fdffffe4L
  1; 18;100;0xfdffffe43c000008020f3957c1f0ffe5L
  1; 18;101;0xc1f0ffe53c000008020f3997edf9ffe6L
  1; 18;102;0xedf9ffe63c000008020f39d7d5f6ffa7L
  1; 18;103;0xd5f6ffa73c000008020f3a17bdf1ffe8L
  1; 18;104;0xbdf1ffe83c000008020f3a56e1ecffe9L
  1; 18;105;0xe1ecffe93c000008020f3a97e9eeffeaL
  1; 18;106;0xbcbcbcbc3c000008020f2b17c5ecfffcL
  1; 18;107;0xc5ecfffc3c000008020f2b57d5fbfffdL
  1; 18;108;0xd5fbfffd3c000008020f2b97fdffffbeL
  1; 18;109;0xfdffffbe3c000008020f2bd7adf8ffffL
  1; 18;110;0xadf8ffff3c000008020f0017e9fafff0L
  1; 18;111;0xe9fafff03c000008020f005765eefff1L
  1; 18;112;0x65eefff13c000008020f0097c9f6fff2L
  1; 18;113;0xc9f6fff23c000008020f00d7f5fffff3L
  1; 18;114;0xf5fffff33c000008020f0117fdfffff4L
  1; 18;115;0xfdfffff43c000008020f0157c1effff5L
  1; 18;116;0xc1effff53c000008020f0197f1f9fff6L
  1; 18;117;0xf1f9fff63c000008020f29d7d5f5ffb7L
  1; 18;118;0xd5f5ffb73c000008020f2a17c5f1fff8L
  1; 18;119;0xc5f1fff83c000008020f2a56e9ecfff9L
  1; 18;120;0xe9ecfff93c000008020f2a97e9eafffaL
  1; 18;121;0xbcbcbcbc3c000008020f3317c5edffccL
  1; 18;122;0xc5edffcc3c000008020f3357d9faffcdL
  1; 18;123;0xd9faffcd3c000008020f3397fdffff8eL
  1; 18;124;0xfdffff8e3c000008020f33d7a9f9ffcfL
  1; 18;125;0xa9f9ffcf3c000008020f3017edfbffc0L
  1; 18;126;0xedfbffc03c000008020f305775eeffc1L
  1; 18;127;0x75eeffc13c000008020f3097d5f5ffc2L
  1; 18;128;0xd5f5ffc23c000008020f30d7f5ffffc3L
  1; 18;129;0xf5ffffc33c000008020f3117fdffffc4L
  1; 18;130;0xfdffffc43c000008020f3157c1f0ffc5L
  1; 18;131;0xc1f0ffc53c000008020f3197f1f9ffc6L
  1; 18;132;0xf1f9ffc63c000008020f31d7d5f5ff87L
  1; 18;133;0xd5f5ff873c000008020f3217bdf3ffc8L
  1; 18;134;0xbdf3ffc83c000008020f3256edecffc9L
  1; 18;135;0xedecffc93c000008020f3297e9edffcaL
  1; 18;136;0xbcbcbcbc3c000008020f3b17c5edffdcL
  1; 18;137;0xc5edffdc3c000008020f3b57d9faffddL
  1; 18;138;0xd9faffdd3c000008020f3b97fdffff9eL
  1; 18;139;0xfdffff9e3c000008020f3bd7a9f8ffdfL
  1; 18;140;0xa9f8ffdf3c000008020f3817e9fbffd0L
  1; 18;141;0xe9fbffd03c000008020f385761eeffd1L
  1; 18;142;0x61eeffd13c000008020f3897d1f4ffd2L
  1; 18;143;0xd1f4ffd23c000008020f38d7f5ffffd3L
  1; 18;144;0xf5ffffd33c000008020f3917fdffffd4L
  1; 18;145;0xfdffffd43c000008020f3957c1efffd5L
  1; 18;146;0xc1efffd53c000008020f3997edfaffd6L
  1; 18;147;0xedfaffd63c000008020f39d7d5f5ff97L
  1; 18;148;0xd5f5ff973c000008020f3a17bdf3ffd8L
  1; 18;149;0xbdf3ffd83c000008020f3a56ededffd9L
  1; 18;150;0xededffd93c000008020f3a97e9e9ffdaL
  1; 18;151;0xbcbcbcbc3c000008020f2b17c5edffecL
  1; 18;152;0xc5edffec3c000008020f2b57d5fbffedL
  1; 18;153;0xd5fbffed3c000008020f2b97fdffffaeL
  1; 18;154;0xfdffffae3c000008020f2bd7a5f9ffefL
  1; 18;155;0xa5f9ffef3c000008020f0017edfaffe0L
  1; 18;156;0xedfaffe03c000008020f005775eeffe1L
  1; 18;157;0x75eeffe13c000008020f0097c5f5ffe2L
  1; 18;158;0xc5f5ffe23c000008020f00d7f9ffffe3L
  1; 18;159;0xf9ffffe33c000008020f0117fdffffe4L
  1; 18;160;0xfdffffe43c000008020f0157c1efffe5L
  1; 18;161;0xc1efffe53c000008020f0197f1f9ffe6L
  1; 18;162;0xf1f9ffe63c000008020f29d7d5f6ffa7L
  1; 18;163;0xd5f6ffa73c000008020f2a17b9f1ffe8L
  1; 18;164;0xb9f1ffe83c000008020f2a56e1ecffe9L
  1; 18;165;0xe1ecffe93c000008020f2a97e9edffeaL
  1; 18;166;0xbcbcbcbc3c000008020f3317c1ecfffcL
  1; 18;167;0xc1ecfffc3c000008020f3357d9fbfffdL
  1; 18;168;0xd9fbfffd3c000008020f3397fdffffbeL
  1; 18;169;0xfdffffbe3c000008020f33d7b1f8ffffL
  1; 18;170;0xb1f8ffff3c000008020f3017e9fbfff0L
  1; 18;171;0xe9fbfff03c000008020f305769effff1L
  1; 18;172;0x69effff13c000008020f3097c9f5fff2L
  1; 18;173;0xc9f5fff23c000008020f30d7f5fffff3L
  1; 18;174;0xf5fffff33c000008020f3117fdfffff4L
  1; 18;175;0xfdfffff43c000008020f3157c1effff5L
  1; 18;176;0xc1effff53c000008020f3197f1f9fff6L
  1; 18;177;0xf1f9fff63c000008020f31d7d5f5ffb7L
  1; 18;178;0xd5f5ffb73c000008020f3217c5f2fff8L
  1; 18;179;0xc5f2fff83c000008020f3256edecfff9L
  1; 18;180;0xedecfff93c000008020f3297e9eafffaL
  1; 18;181;0xbcbcbcbc3c000008020f3b17c5edffccL
  1; 18;182;0xc5edffcc3c000008020f3b57ddfaffcdL
  1; 18;183;0xddfaffcd3c000008020f3b97fdffff8eL
  1; 18;184;0xfdffff8e3c000008020f3bd7adf9ffcfL
  1; 18;185;0xadf9ffcf3c000008020f3817edfbffc0L
  1; 18;186;0xedfbffc03c000008020f385779eeffc1L
  1; 18;187;0x79eeffc13c000008020f3897d1f6ffc2L
  1; 18;188;0xd1f6ffc23c000008020f38d7f5ffffc3L
  1; 18;189;0xf5ffffc33c000008020f3917fdffffc4L
  1; 18;190;0xfdffffc43c000008020f3957c1f0ffc5L
  1; 18;191;0xc1f0ffc53c000008020f3997f1faffc6L
  1; 18;192;0xf1faffc63c000008020f39d7d5f5ff87L
  1; 18;193;0xd5f5ff873c000008020f3a17c1f3ffc8L
  1; 18;194;0xc1f3ffc83c000008020f3a56f5edffc9L
  1; 18;195;0xf5edffc93c000008020f3a97e9eeffcaL
  1; 18;196;0xbcbcbcbc3c000008020f2b17c5edffdcL
  1; 18;197;0xc5edffdc3c000008020f2b57d9fbffddL
  1; 18;198;0xd9fbffdd3c000008020f2b97fdffff9eL
  1; 18;199;0xfdffff9e3c000008020f2bd7adf9ffdfL
  1; 18;200;0xadf9ffdf3c000008020f0017e9fbffd0L
  1; 18;201;0xe9fbffd03c000008020f00575defffd1L
  1; 18;202;0x5defffd13c000008020f0097d1f5ffd2L
  1; 18;203;0xd1f5ffd23c000008020f00d7f9ffffd3L
  1; 18;204;0xf9ffffd33c000008020f0117fdffffd4L
  1; 18;205;0xfdffffd43c000008020f0157c1efffd5L
  1; 18;206;0xc1efffd53c000008020f0197edfaffd6L
  1; 18;207;0xedfaffd63c000008020f29d7d5f5ff97L
  1; 18;208;0xd5f5ff973c000008020f2a17bdf3ffd8L
  1; 18;209;0xbdf3ffd83c000008020f2a56e5ecffd9L
  1; 18;210;0xe5ecffd93c000008020f2a97e9e9ffdaL
  1; 18;211;0xbcbcbcbc3c000008020f3317c5edffecL
  1; 18;212;0xc5edffec3c000008020f3357d1fbffedL
  1; 18;213;0xd1fbffed3c000008020f3397fdffffaeL
  1; 18;214;0xfdffffae3c000008020f33d7a1f8ffefL
  1; 18;215;0xa1f8ffef3c000008020f3017edfbffe0L
  1; 18;216;0xedfbffe03c000008020f305771eeffe1L
  1; 18;217;0x71eeffe13c000008020f3097c1f4ffe2L
  1; 18;218;0xc1f4ffe23c000008020f30d7f5ffffe3L
  1; 18;219;0xf5ffffe33c000008020f3117fdffffe4L
  1; 18;220;0xfdffffe43c000008020f3157c1f0ffe5L
  1; 18;221;0xc1f0ffe53c000008020f3197edf9ffe6L
  1; 18;222;0xedf9ffe63c000008020f31d7d5f5ffa7L
  1; 18;223;0xd5f5ffa73c000008020f3217bdf1ffe8L
  1; 18;224;0xbdf1ffe83c000008020f3256d5ecffe9L
  1; 18;225;0xd5ecffe93c000008020f3297e9edffeaL
  1; 18;226;0xbcbcbcbc3c000008020f3b17c5edfffcL
  1; 18;227;0xc5edfffc3c000008020f3b57d5fafffdL
  1; 18;228;0xd5fafffd3c000008020f3b97fdffffbeL
  1; 18;229;0xfdffffbe3c000008020f3bd7adf7ffffL
  1; 18;230;0xadf7ffff3c000008020f3817e9fafff0L
  1; 18;231;0xe9fafff03c000008020f38576deefff1L
  1; 18;232;0x6deefff13c000008020f3897cdf5fff2L
  1; 18;233;0xcdf5fff23c000008020f38d7f5fffff3L
  1; 18;234;0xf5fffff33c000008020f3917fdfffff4L
  1; 18;235;0xfdfffff43c000008020f3957c1f0fff5L
  1; 18;236;0xc1f0fff53c000008020f3997edf9fff6L
  1; 18;237;0xedf9fff63c000008020f39d7d5f5ffb7L
  1; 18;238;0xd5f5ffb73c000008020f3a17c1f2fff8L
  1; 18;239;0xc1f2fff83c000008020f3a56edecfff9L
  1; 18;240;0xedecfff93c000008020f3a97e9eafffaL
  1; 18;241;0xbcbcbcbc3c000008020f2b17c5eeffccL
  1; 18;242;0xc5eeffcc3c000008020f2b57e1faffcdL
  1; 18;243;0xe1faffcd3c000008020f2b97fdffff8eL
  1; 18;244;0xfdffff8e3c000008020f2bd7adf9ffcfL
  1; 18;245;0xadf9ffcf3c000008020f0017edfbffc0L
  1; 18;246;0xedfbffc03c000008020f005779eeffc1L
  1; 18;247;0x79eeffc13c000008020f0097d5f7ffc2L
  1; 18;248;0xd5f7ffc23c000008020f00d7f5ffffc3L
  1; 18;249;0xf5ffffc33c000008020f0117fdffffc4L
  1; 18;250;0xfdffffc43c000008020f0157c5f0ffc5L
  1; 18;251;0xc5f0ffc53c000008020f0197f1faffc6L
  1; 18;252;0xf1faffc63c000008020f29d7d5f6ff87L
  1; 18;253;0xd5f6ff873c000008020f2a17c1f3ffc8L
  1; 18;254;0xc1f3ffc83c000008020f2a56f9ecffc9L
  1; 18;255;0xf9ecffc93c000008020f2a97e9eeffcaL
  1; 18;256;0xbcbcbcbc3c000008020f3317c5edffdcL
  1; 20;  1;0xbcbcbcbc3c000008020f2b171dc9ffecL
  1; 20;  2;0x1dc9ffec3c000008020f2b5781e5ffedL
  1; 20;  3;0x81e5ffed3c000008020f2b976ddaffeeL
  1; 20;  4;0x6ddaffee3c000008020f2bd761deffefL
  1; 20;  5;0x61deffef3c000008020f001771d2ffe0L
  1; 20;  6;0x71d2ffe03c000008020f0057b5eeffe1L
  1; 20;  7;0xb5eeffe13c000008020f0097a5eaffe2L
  1; 20;  8;0xa5eaffe23c000008020f00d7bdf2ffe3L
  1; 20;  9;0xbdf2ffe33c000008020f011795edffe4L
  1; 20; 10;0x95edffe43c000008020f015791f3ffe5L
  1; 20; 11;0x91f3ffe53c000008020f019799c9ffe6L
  1; 20; 12;0x99c9ffe63c000008020f29d7f5ffffa7L
  1; 20; 13;0xf5ffffa73c000008020f2a17b9c6ffe8L
  1; 20; 14;0xb9c6ffe83c000008020f2a5799f6ffe9L
  1; 20; 15;0x99f6ffe93c000008020f2a9775e6ffeaL
  1; 20; 16;0xbcbcbcbc3c000008020f331729cdfffcL
  1; 20; 17;0x29cdfffc3c000008020f33578de6fffdL
  1; 20; 18;0x8de6fffd3c000008020f339779d3fffeL
  1; 20; 19;0x79d3fffe3c000008020f33d759d6ffffL
  1; 20; 20;0x59d6ffff3c000008020f301781d4fff0L
  1; 20; 21;0x81d4fff03c000008020f3057b9eefff1L
  1; 20; 22;0xb9eefff13c000008020f3097a9ebfff2L
  1; 20; 23;0xa9ebfff23c000008020f30d7c1f1fff3L
  1; 20; 24;0xc1f1fff33c000008020f31178df1fff4L
  1; 20; 25;0x8df1fff43c000008020f315799f4fff5L
  1; 20; 26;0x99f4fff53c000008020f3197a5ccfff6L
  1; 20; 27;0xa5ccfff63c000008020f31d7f9ffffb7L
  1; 20; 28;0xf9ffffb73c000008020f3217b1befff8L
  1; 20; 29;0xb1befff83c000008020f3257a1f3fff9L
  1; 20; 30;0xa1f3fff93c000008020f329771e6fffaL
  1; 20; 31;0xbcbcbcbc3c000008020f3b1745d2ffccL
  1; 20; 32;0x45d2ffcc3c000008020f3b5791e7ffcdL
  1; 20; 33;0x91e7ffcd3c000008020f3b9781dcffceL
  1; 20; 34;0x81dcffce3c000008020f3bd765d8ffcfL
  1; 20; 35;0x65d8ffcf3c000008020f381781d6ffc0L
  1; 20; 36;0x81d6ffc03c000008020f3857c9eeffc1L
  1; 20; 37;0xc9eeffc13c000008020f3897a5ebffc2L
  1; 20; 38;0xa5ebffc23c000008020f38d7b5f2ffc3L
  1; 20; 39;0xb5f2ffc33c000008020f3917a1efffc4L
  1; 20; 40;0xa1efffc43c000008020f3957a9f3ffc5L
  1; 20; 41;0xa9f3ffc53c000008020f39979dceffc6L
  1; 20; 42;0x9dceffc63c000008020f39d7fdffff87L
  1; 20; 43;0xfdffff873c000008020f3a17b9c1ffc8L
  1; 20; 44;0xb9c1ffc83c000008020f3a57a9f5ffc9L
  1; 20; 45;0xa9f5ffc93c000008020f3a9771e5ffcaL
  1; 20; 46;0xbcbcbcbc3c000008020f2b1735ceffdcL
  1; 20; 47;0x35ceffdc3c000008020f2b5781e6ffddL
  1; 20; 48;0x81e6ffdd3c000008020f2b976dd6ffdeL
  1; 20; 49;0x6dd6ffde3c000008020f2bd749dcffdfL
  1; 20; 50;0x49dcffdf3c000008020f001785d7ffd0L
  1; 20; 51;0x85d7ffd03c000008020f0057c5edffd1L
  1; 20; 52;0xc5edffd13c000008020f0097a9ecffd2L
  1; 20; 53;0xa9ecffd23c000008020f00d7b5f2ffd3L
  1; 20; 54;0xb5f2ffd33c000008020f011799efffd4L
  1; 20; 55;0x99efffd43c000008020f015791f4ffd5L
  1; 20; 56;0x91f4ffd53c000008020f019799c9ffd6L
  1; 20; 57;0x99c9ffd63c000008020f29d7fdffff97L
  1; 20; 58;0xfdffff973c000008020f2a17b1c4ffd8L
  1; 20; 59;0xb1c4ffd83c000008020f2a5791f4ffd9L
  1; 20; 60;0x91f4ffd93c000008020f2a976de4ffdaL
  1; 20; 61;0xbcbcbcbc3c000008020f33170dc6ffecL
  1; 20; 62;0xdc6ffec3c000008020f33577de5ffedL
  1; 20; 63;0x7de5ffed3c000008020f33975dd9ffeeL
  1; 20; 64;0x5dd9ffee3c000008020f33d759deffefL
  1; 20; 65;0x59deffef3c000008020f301771d1ffe0L
  1; 20; 66;0x71d1ffe03c000008020f3057b1edffe1L
  1; 20; 67;0xb1edffe13c000008020f3097a5eaffe2L
  1; 20; 68;0xa5eaffe23c000008020f30d7b9f1ffe3L
  1; 20; 69;0xb9f1ffe33c000008020f31178dedffe4L
  1; 20; 70;0x8dedffe43c000008020f315789f3ffe5L
  1; 20; 71;0x89f3ffe53c000008020f319795c9ffe6L
  1; 20; 72;0x95c9ffe63c000008020f31d7f5ffffa7L
  1; 20; 73;0xf5ffffa73c000008020f3217b1c6ffe8L
  1; 20; 74;0xb1c6ffe83c000008020f325791f4ffe9L
  1; 20; 75;0x91f4ffe93c000008020f329771e5ffeaL
  1; 20; 76;0xbcbcbcbc3c000008020f3b1725ccfffcL
  1; 20; 77;0x25ccfffc3c000008020f3b5781e4fffdL
  1; 20; 78;0x81e4fffd3c000008020f3b976dd1fffeL
  1; 20; 79;0x6dd1fffe3c000008020f3bd751d4ffffL
  1; 20; 80;0x51d4ffff3c000008020f381781d1fff0L
  1; 20; 81;0x81d1fff03c000008020f3857b5ecfff1L
  1; 20; 82;0xb5ecfff13c000008020f3897a5ebfff2L
  1; 20; 83;0xa5ebfff23c000008020f38d7bdf1fff3L
  1; 20; 84;0xbdf1fff33c000008020f391779f0fff4L
  1; 20; 85;0x79f0fff43c000008020f395795f3fff5L
  1; 20; 86;0x95f3fff53c000008020f3997a1c8fff6L
  1; 20; 87;0xa1c8fff63c000008020f39d7f1ffffb7L
  1; 20; 88;0xf1ffffb73c000008020f3a17a9befff8L
  1; 20; 89;0xa9befff83c000008020f3a5799f3fff9L
  1; 20; 90;0x99f3fff93c000008020f3a976de6fffaL
  1; 20; 91;0xbcbcbcbc3c000008020f2b1749d3ffccL
  1; 20; 92;0x49d3ffcc3c000008020f2b5791e8ffcdL
  1; 20; 93;0x91e8ffcd3c000008020f2b977ddcffceL
  1; 20; 94;0x7ddcffce3c000008020f2bd761daffcfL
  1; 20; 95;0x61daffcf3c000008020f001785d6ffc0L
  1; 20; 96;0x85d6ffc03c000008020f0057c9eeffc1L
  1; 20; 97;0xc9eeffc13c000008020f0097a9ecffc2L
  1; 20; 98;0xa9ecffc23c000008020f00d7b5f2ffc3L
  1; 20; 99;0xb5f2ffc33c000008020f01179deeffc4L
  1; 20;100;0x9deeffc43c000008020f0157a5f3ffc5L
  1; 20;101;0xa5f3ffc53c000008020f0197a5ceffc6L
  1; 20;102;0xa5ceffc63c000008020f29d7fdffff87L
  1; 20;103;0xfdffff873c000008020f2a17c1c4ffc8L
  1; 20;104;0xc1c4ffc83c000008020f2a57a9f5ffc9L
  1; 20;105;0xa9f5ffc93c000008020f2a976de5ffcaL
  1; 20;106;0xbcbcbcbc3c000008020f331739d0ffdcL
  1; 20;107;0x39d0ffdc3c000008020f335785e5ffddL
  1; 20;108;0x85e5ffdd3c000008020f339775d6ffdeL
  1; 20;109;0x75d6ffde3c000008020f33d751ddffdfL
  1; 20;110;0x51ddffdf3c000008020f301789d8ffd0L
  1; 20;111;0x89d8ffd03c000008020f3057c9eeffd1L
  1; 20;112;0xc9eeffd13c000008020f3097a9ecffd2L
  1; 20;113;0xa9ecffd23c000008020f30d7b9f2ffd3L
  1; 20;114;0xb9f2ffd33c000008020f311799f0ffd4L
  1; 20;115;0x99f0ffd43c000008020f315799f3ffd5L
  1; 20;116;0x99f3ffd53c000008020f31979dc9ffd6L
  1; 20;117;0x9dc9ffd63c000008020f31d7fdffff97L
  1; 20;118;0xfdffff973c000008020f3217b1c5ffd8L
  1; 20;119;0xb1c5ffd83c000008020f325795f5ffd9L
  1; 20;120;0x95f5ffd93c000008020f32976de5ffdaL
  1; 20;121;0xbcbcbcbc3c000008020f3b1719caffecL
  1; 20;122;0x19caffec3c000008020f3b5785e6ffedL
  1; 20;123;0x85e6ffed3c000008020f3b976ddaffeeL
  1; 20;124;0x6ddaffee3c000008020f3bd75de0ffefL
  1; 20;125;0x5de0ffef3c000008020f381775d4ffe0L
  1; 20;126;0x75d4ffe03c000008020f3857b9eeffe1L
  1; 20;127;0xb9eeffe13c000008020f3897a9ebffe2L
  1; 20;128;0xa9ebffe23c000008020f38d7bdf2ffe3L
  1; 20;129;0xbdf2ffe33c000008020f391799edffe4L
  1; 20;130;0x99edffe43c000008020f395795f4ffe5L
  1; 20;131;0x95f4ffe53c000008020f39979dcbffe6L
  1; 20;132;0x9dcbffe63c000008020f39d7f9ffffa7L
  1; 20;133;0xf9ffffa73c000008020f3a17b1c9ffe8L
  1; 20;134;0xb1c9ffe83c000008020f3a5799f5ffe9L
  1; 20;135;0x99f5ffe93c000008020f3a9775e6ffeaL
  1; 20;136;0xbcbcbcbc3c000008020f2b1725cbfffcL
  1; 20;137;0x25cbfffc3c000008020f2b5785e4fffdL
  1; 20;138;0x85e4fffd3c000008020f2b976dcefffeL
  1; 20;139;0x6dcefffe3c000008020f2bd751d3ffffL
  1; 20;140;0x51d3ffff3c000008020f001779d1fff0L
  1; 20;141;0x79d1fff03c000008020f0057b9ecfff1L
  1; 20;142;0xb9ecfff13c000008020f0097a5ebfff2L
  1; 20;143;0xa5ebfff23c000008020f00d7b9f1fff3L
  1; 20;144;0xb9f1fff33c000008020f011781effff4L
  1; 20;145;0x81effff43c000008020f015791f3fff5L
  1; 20;146;0x91f3fff53c000008020f0197a1c9fff6L
  1; 20;147;0xa1c9fff63c000008020f29d7f5ffffb7L
  1; 20;148;0xf5ffffb73c000008020f2a17a5bdfff8L
  1; 20;149;0xa5bdfff83c000008020f2a5795f2fff9L
  1; 20;150;0x95f2fff93c000008020f2a9765e5fffaL
  1; 20;151;0xbcbcbcbc3c000008020f331741cfffccL
  1; 20;152;0x41cfffcc3c000008020f335789e6ffcdL
  1; 20;153;0x89e6ffcd3c000008020f339775d8ffceL
  1; 20;154;0x75d8ffce3c000008020f33d759d7ffcfL
  1; 20;155;0x59d7ffcf3c000008020f301779d6ffc0L
  1; 20;156;0x79d6ffc03c000008020f3057c5eeffc1L
  1; 20;157;0xc5eeffc13c000008020f3097a5ebffc2L
  1; 20;158;0xa5ebffc23c000008020f30d7b1f2ffc3L
  1; 20;159;0xb1f2ffc33c000008020f311795edffc4L
  1; 20;160;0x95edffc43c000008020f3157a1f3ffc5L
  1; 20;161;0xa1f3ffc53c000008020f3197a1cdffc6L
  1; 20;162;0xa1cdffc63c000008020f31d7f5ffff87L
  1; 20;163;0xf5ffff873c000008020f3217b5c1ffc8L
  1; 20;164;0xb5c1ffc83c000008020f3257a5f5ffc9L
  1; 20;165;0xa5f5ffc93c000008020f329769e5ffcaL
  1; 20;166;0xbcbcbcbc3c000008020f3b173dd0ffdcL
  1; 20;167;0x3dd0ffdc3c000008020f3b5785e6ffddL
  1; 20;168;0x85e6ffdd3c000008020f3b9775d7ffdeL
  1; 20;169;0x75d7ffde3c000008020f3bd751dcffdfL
  1; 20;170;0x51dcffdf3c000008020f381789d5ffd0L
  1; 20;171;0x89d5ffd03c000008020f3857c9edffd1L
  1; 20;172;0xc9edffd13c000008020f3897a9ecffd2L
  1; 20;173;0xa9ecffd23c000008020f38d7b9f2ffd3L
  1; 20;174;0xb9f2ffd33c000008020f39179df0ffd4L
  1; 20;175;0x9df0ffd43c000008020f395799f4ffd5L
  1; 20;176;0x99f4ffd53c000008020f39979dcaffd6L
  1; 20;177;0x9dcaffd63c000008020f39d7fdffff97L
  1; 20;178;0xfdffff973c000008020f3a17b1c3ffd8L
  1; 20;179;0xb1c3ffd83c000008020f3a5795f4ffd9L
  1; 20;180;0x95f4ffd93c000008020f3a976de5ffdaL
  1; 20;181;0xbcbcbcbc3c000008020f2b1721caffecL
  1; 20;182;0x21caffec3c000008020f2b5785e6ffedL
  1; 20;183;0x85e6ffed3c000008020f2b976ddbffeeL
  1; 20;184;0x6ddbffee3c000008020f2bd75de0ffefL
  1; 20;185;0x5de0ffef3c000008020f001771d3ffe0L
  1; 20;186;0x71d3ffe03c000008020f0057b9eeffe1L
  1; 20;187;0xb9eeffe13c000008020f0097a9ebffe2L
  1; 20;188;0xa9ebffe23c000008020f00d7bdf2ffe3L
  1; 20;189;0xbdf2ffe33c000008020f011799eeffe4L
  1; 20;190;0x99eeffe43c000008020f015791f4ffe5L
  1; 20;191;0x91f4ffe53c000008020f019799ccffe6L
  1; 20;192;0x99ccffe63c000008020f29d7fdffffa7L
  1; 20;193;0xfdffffa73c000008020f2a17b1c8ffe8L
  1; 20;194;0xb1c8ffe83c000008020f2a5799f5ffe9L
  1; 20;195;0x99f5ffe93c000008020f2a9779e6ffeaL
  1; 20;196;0xbcbcbcbc3c000008020f331721ccfffcL
  1; 20;197;0x21ccfffc3c000008020f335785e6fffdL
  1; 20;198;0x85e6fffd3c000008020f339775d3fffeL
  1; 20;199;0x75d3fffe3c000008020f33d759d5ffffL
  1; 20;200;0x59d5ffff3c000008020f30177dd3fff0L
  1; 20;201;0x7dd3fff03c000008020f3057b9edfff1L
  1; 20;202;0xb9edfff13c000008020f3097a5ebfff2L
  1; 20;203;0xa5ebfff23c000008020f30d7bdf1fff3L
  1; 20;204;0xbdf1fff33c000008020f311785f0fff4L
  1; 20;205;0x85f0fff43c000008020f315795f4fff5L
  1; 20;206;0x95f4fff53c000008020f3197a5cafff6L
  1; 20;207;0xa5cafff63c000008020f31d7f9ffffb7L
  1; 20;208;0xf9ffffb73c000008020f3217adbffff8L
  1; 20;209;0xadbffff83c000008020f325795f2fff9L
  1; 20;210;0x95f2fff93c000008020f329769e6fffaL
  1; 20;211;0xbcbcbcbc3c000008020f3b1741d1ffccL
  1; 20;212;0x41d1ffcc3c000008020f3b578de6ffcdL
  1; 20;213;0x8de6ffcd3c000008020f3b9779daffceL
  1; 20;214;0x79daffce3c000008020f3bd759d9ffcfL
  1; 20;215;0x59d9ffcf3c000008020f381781d6ffc0L
  1; 20;216;0x81d6ffc03c000008020f3857c5eeffc1L
  1; 20;217;0xc5eeffc13c000008020f3897a5ecffc2L
  1; 20;218;0xa5ecffc23c000008020f38d7b5f2ffc3L
  1; 20;219;0xb5f2ffc33c000008020f391799eeffc4L
  1; 20;220;0x99eeffc43c000008020f3957a5f4ffc5L
  1; 20;221;0xa5f4ffc53c000008020f3997a1cdffc6L
  1; 20;222;0xa1cdffc63c000008020f39d7f5ffff87L
  1; 20;223;0xf5ffff873c000008020f3a17b1c3ffc8L
  1; 20;224;0xb1c3ffc83c000008020f3a57a5f5ffc9L
  1; 20;225;0xa5f5ffc93c000008020f3a976de5ffcaL
  1; 20;226;0xbcbcbcbc3c000008020f2b1739d0ffdcL
  1; 20;227;0x39d0ffdc3c000008020f2b5785e6ffddL
  1; 20;228;0x85e6ffdd3c000008020f2b9771d7ffdeL
  1; 20;229;0x71d7ffde3c000008020f2bd74ddbffdfL
  1; 20;230;0x4ddbffdf3c000008020f001789d6ffd0L
  1; 20;231;0x89d6ffd03c000008020f0057c5edffd1L
  1; 20;232;0xc5edffd13c000008020f0097a9ebffd2L
  1; 20;233;0xa9ebffd23c000008020f00d7b9f1ffd3L
  1; 20;234;0xb9f1ffd33c000008020f011799eeffd4L
  1; 20;235;0x99eeffd43c000008020f015791f4ffd5L
  1; 20;236;0x91f4ffd53c000008020f019795c9ffd6L
  1; 20;237;0x95c9ffd63c000008020f29d7fdffff97L
  1; 20;238;0xfdffff973c000008020f2a17b1c3ffd8L
  1; 20;239;0xb1c3ffd83c000008020f2a5795f4ffd9L
  1; 20;240;0x95f4ffd93c000008020f2a976de5ffdaL
  1; 20;241;0xbcbcbcbc3c000008020f331719c9ffecL
  1; 20;242;0x19c9ffec3c000008020f335789e6ffedL
  1; 20;243;0x89e6ffed3c000008020f339765dcffeeL
  1; 20;244;0x65dcffee3c000008020f33d761dfffefL
  1; 20;245;0x61dfffef3c000008020f301775d4ffe0L
  1; 20;246;0x75d4ffe03c000008020f3057b9eeffe1L
  1; 20;247;0xb9eeffe13c000008020f3097a9ebffe2L
  1; 20;248;0xa9ebffe23c000008020f30d7bdf2ffe3L
  1; 20;249;0xbdf2ffe33c000008020f31179dedffe4L
  1; 20;250;0x9dedffe43c000008020f315799f3ffe5L
  1; 20;251;0x99f3ffe53c000008020f319799caffe6L
  1; 20;252;0x99caffe63c000008020f31d7fdffffa7L
  1; 20;253;0xfdffffa73c000008020f3217b5c8ffe8L
  1; 20;254;0xb5c8ffe83c000008020f325799f5ffe9L
  1; 20;255;0x99f5ffe93c000008020f329779e6ffeaL
  1; 20;256;0xbcbcbcbc3c000008020f3b1729cffffcL
