Link ID; Channel ID; Line; Data 
  1; 15;  1;0x3c002008020f1a9725e8ffdaL
  1; 15;  2;0x3c002008020f1ad725e7ffdbL
  1; 15;  3;0x3c002008020f1b1759c4ffdcL
  1; 15;  4;0x3c002008020f1b56c5c5ffddL
  1; 15;  5;0x3c002008020f1b96ddc1ffdeL
  1; 15;  6;0x3c002008020f1bd6e9d0ffdfL
  1; 15;  7;0x3c002008020f3016fdc4ffd0L
  1; 15;  8;0x3c002008020f305725d8ffd1L
  1; 15;  9;0x3c002008020f18974dd5ffd2L
  1; 15; 10;0x3c002008020f18d729cbffd3L
  1; 15; 11;0x3c002008020f19176df6ffd4L
  1; 15; 12;0x3c002008020f1956f5eaffd5L
  1; 15; 13;0x3c002008020f19977de9ffd6L
  1; 15; 14;0x3c002008020f19d6a5bbffd7L
  1; 15; 15;0x3c002008020f1a1751c1ffd8L
  1; 15; 16;0x3c004008020f12972de2fffaL
  1; 15; 17;0x3c004008020f12d721e6fffbL
  1; 15; 18;0x3c004008020f13174dc5fffcL
  1; 15; 19;0x3c004008020f1356b1bcfffdL
  1; 15; 20;0x3c004008020f1396e5bdfffeL
  1; 15; 21;0x3c004008020f13d6e9c9ffffL
  1; 15; 22;0x3c004008020f1016f9bcfff0L
  1; 15; 23;0x3c004008020f105719d5fff1L
  1; 15; 24;0x3c004008020f109731d0fff2L
  1; 15; 25;0x3c004008020f10d709c9fff3L
  1; 15; 26;0x3c004008020f111765f3fff4L
  1; 15; 27;0x3c004008020f1156c9e8fff5L
  1; 15; 28;0x3c004008020f119775e4fff6L
  1; 15; 29;0x3c004008020f11d689bbfff7L
  1; 15; 30;0x3c004008020f121741c3fff8L
  1; 15; 31;0x3c006008020f32972de8ffdaL
  1; 15; 32;0x3c006008020f32d729e7ffdbL
  1; 15; 33;0x3c006008020f331761c5ffdcL
  1; 15; 34;0x3c006008020f3356c9c6ffddL
  1; 15; 35;0x3c006008020f3396e1c1ffdeL
  1; 15; 36;0x3c006008020f33d6e5d2ffdfL
  1; 15; 37;0x3c006008020f301701c4ffd0L
  1; 15; 38;0x3c006008020f305735daffd1L
  1; 15; 39;0x3c006008020f30974dd6ffd2L
  1; 15; 40;0x3c006008020f30d72dcdffd3L
  1; 15; 41;0x3c006008020f31177df6ffd4L
  1; 15; 42;0x3c006008020f3156f5eaffd5L
  1; 15; 43;0x3c006008020f319785e9ffd6L
  1; 15; 44;0x3c006008020f31d69dbcffd7L
  1; 15; 45;0x3c006008020f321751c2ffd8L
  1; 15; 46;0x3c008008020f12972de3fffaL
  1; 15; 47;0x3c008008020f12d721e6fffbL
  1; 15; 48;0x3c008008020f131755c5fffcL
  1; 15; 49;0x3c008008020f1356bdbefffdL
  1; 15; 50;0x3c008008020f1396f1befffeL
  1; 15; 51;0x3c008008020f13d6edcaffffL
  1; 15; 52;0x3c008008020f101705bdfff0L
  1; 15; 53;0x3c008008020f105721d5fff1L
  1; 15; 54;0x3c008008020f10973dd3fff2L
  1; 15; 55;0x3c008008020f10d715cafff3L
  1; 15; 56;0x3c008008020f111765f3fff4L
  1; 15; 57;0x3c008008020f1156cde9fff5L
  1; 15; 58;0x3c008008020f119775e5fff6L
  1; 15; 59;0x3c008008020f11d691bdfff7L
  1; 15; 60;0x3c008008020f121741c3fff8L
  1; 15; 61;0x3c00a008020f329731e7ffdaL
  1; 15; 62;0x3c00a008020f32d721e7ffdbL
  1; 15; 63;0x3c00a008020f33175dc4ffdcL
  1; 15; 64;0x3c00a008020f3356c1c4ffddL
  1; 15; 65;0x3c00a008020f3396d5bfffdeL
  1; 15; 66;0x3c00a008020f33d6e5d0ffdfL
  1; 15; 67;0x3c00a008020f3016f9c4ffd0L
  1; 15; 68;0x3c00a008020f30572dd8ffd1L
  1; 15; 69;0x3c00a008020f309745d5ffd2L
  1; 15; 70;0x3c00a008020f30d72dcbffd3L
  1; 15; 71;0x3c00a008020f311771f5ffd4L
  1; 15; 72;0x3c00a008020f3156e9eaffd5L
  1; 15; 73;0x3c00a008020f31977de8ffd6L
  1; 15; 74;0x3c00a008020f31d6a1bbffd7L
  1; 15; 75;0x3c00a008020f321745c1ffd8L
  1; 15; 76;0x3c00c008020f129729e3fffaL
  1; 15; 77;0x3c00c008020f12d725e6fffbL
  1; 15; 78;0x3c00c008020f13175dc7fffcL
  1; 15; 79;0x3c00c008020f1356b9befffdL
  1; 15; 80;0x3c00c008020f1396edbffffeL
  1; 15; 81;0x3c00c008020f13d6edcbffffL
  1; 15; 82;0x3c00c008020f101709befff0L
  1; 15; 83;0x3c00c008020f10571dd5fff1L
  1; 15; 84;0x3c00c008020f10973dd2fff2L
  1; 15; 85;0x3c00c008020f10d719c9fff3L
  1; 15; 86;0x3c00c008020f111765f4fff4L
  1; 15; 87;0x3c00c008020f1156d1eafff5L
  1; 15; 88;0x3c00c008020f119775e4fff6L
  1; 15; 89;0x3c00c008020f11d691bdfff7L
  1; 15; 90;0x3c00c008020f121741c4fff8L
  1; 15; 91;0x3c00e008020f329725e5ffdaL
  1; 15; 92;0x3c00e008020f32d719e5ffdbL
  1; 15; 93;0x3c00e008020f331755c1ffdcL
  1; 15; 94;0x3c00e008020f3356bdc3ffddL
  1; 15; 95;0x3c00e008020f3396d9beffdeL
  1; 15; 96;0x3c00e008020f33d6e1cfffdfL
  1; 15; 97;0x3c00e008020f3016f5c2ffd0L
  1; 15; 98;0x3c00e008020f305725d6ffd1L
  1; 15; 99;0x3c00e008020f309745d5ffd2L
  1; 15;100;0x3c00e008020f30d725caffd3L
  1; 15;101;0x3c00e008020f31176df5ffd4L
  1; 15;102;0x3c00e008020f3156e5eaffd5L
  1; 15;103;0x3c00e008020f319781e7ffd6L
  1; 15;104;0x3c00e008020f31d691b8ffd7L
  1; 15;105;0x3c00e008020f32174dc1ffd8L
  1; 15;106;0x3c010008020f12972de4fffaL
  1; 15;107;0x3c010008020f12d725e6fffbL
  1; 15;108;0x3c010008020f13175dc7fffcL
  1; 15;109;0x3c010008020f1356c5c1fffdL
  1; 15;110;0x3c010008020f1396edc3fffeL
  1; 15;111;0x3c010008020f13d6edcdffffL
  1; 15;112;0x3c010008020f10170dbcfff0L
  1; 15;113;0x3c010008020f105725d6fff1L
  1; 15;114;0x3c010008020f10973dd3fff2L
  1; 15;115;0x3c010008020f10d719cafff3L
  1; 15;116;0x3c010008020f11176df5fff4L
  1; 15;117;0x3c010008020f1156d5eafff5L
  1; 15;118;0x3c010008020f119779e7fff6L
  1; 15;119;0x3c010008020f11d691bdfff7L
  1; 15;120;0x3c010008020f121749c4fff8L
  1; 15;121;0x3c012008020f329729e5ffdaL
  1; 15;122;0x3c012008020f32d721e5ffdbL
  1; 15;123;0x3c012008020f331755c3ffdcL
  1; 15;124;0x3c012008020f3356b9c4ffddL
  1; 15;125;0x3c012008020f3396d9beffdeL
  1; 15;126;0x3c012008020f33d6e1d1ffdfL
  1; 15;127;0x3c012008020f3016fdc3ffd0L
  1; 15;128;0x3c012008020f305725d8ffd1L
  1; 15;129;0x3c012008020f309749d5ffd2L
  1; 15;130;0x3c012008020f30d729cbffd3L
  1; 15;131;0x3c012008020f311771f5ffd4L
  1; 15;132;0x3c012008020f3156ede9ffd5L
  1; 15;133;0x3c012008020f319781e7ffd6L
  1; 15;134;0x3c012008020f31d699b9ffd7L
  1; 15;135;0x3c012008020f32174dc1ffd8L
  1; 15;136;0x3c014008020f12972de4fffaL
  1; 15;137;0x3c014008020f12d729e8fffbL
  1; 15;138;0x3c014008020f131761c7fffcL
  1; 15;139;0x3c014008020f1356c9c1fffdL
  1; 15;140;0x3c014008020f1396f1c1fffeL
  1; 15;141;0x3c014008020f13d6f5ccffffL
  1; 15;142;0x3c014008020f101709bffff0L
  1; 15;143;0x3c014008020f105721d8fff1L
  1; 15;144;0x3c014008020f109741d5fff2L
  1; 15;145;0x3c014008020f10d719cbfff3L
  1; 15;146;0x3c014008020f111771f5fff4L
  1; 15;147;0x3c014008020f1156d1ebfff5L
  1; 15;148;0x3c014008020f119775e8fff6L
  1; 15;149;0x3c014008020f11d695c0fff7L
  1; 15;150;0x3c014008020f121749c3fff8L
  1; 15;151;0x3c016008020f329725e7ffdaL
  1; 15;152;0x3c016008020f32d725e6ffdbL
  1; 15;153;0x3c016008020f331761c5ffdcL
  1; 15;154;0x3c016008020f3356c1c6ffddL
  1; 15;155;0x3c016008020f3396ddc2ffdeL
  1; 15;156;0x3c016008020f33d6e5d1ffdfL
  1; 15;157;0x3c016008020f301701c4ffd0L
  1; 15;158;0x3c016008020f305731d9ffd1L
  1; 15;159;0x3c016008020f30974dd6ffd2L
  1; 15;160;0x3c016008020f30d731cbffd3L
  1; 15;161;0x3c016008020f311771f6ffd4L
  1; 15;162;0x3c016008020f3156f5eaffd5L
  1; 15;163;0x3c016008020f319785e8ffd6L
  1; 15;164;0x3c016008020f31d6a1bbffd7L
  1; 15;165;0x3c016008020f321751c5ffd8L
  1; 15;166;0x3c018008020f12972de2fffaL
  1; 15;167;0x3c018008020f12d71de6fffbL
  1; 15;168;0x3c018008020f131755c5fffcL
  1; 15;169;0x3c018008020f1356b5bdfffdL
  1; 15;170;0x3c018008020f1396e5befffeL
  1; 15;171;0x3c018008020f13d6e9c8ffffL
  1; 15;172;0x3c018008020f101705bdfff0L
  1; 15;173;0x3c018008020f10571dd4fff1L
  1; 15;174;0x3c018008020f109739d2fff2L
  1; 15;175;0x3c018008020f10d715c9fff3L
  1; 15;176;0x3c018008020f111759f3fff4L
  1; 15;177;0x3c018008020f1156c9e9fff5L
  1; 15;178;0x3c018008020f119775e4fff6L
  1; 15;179;0x3c018008020f11d68dbcfff7L
  1; 15;180;0x3c018008020f121741c2fff8L
  1; 15;181;0x3c01a008020f329731e8ffdaL
  1; 15;182;0x3c01a008020f32d72de8ffdbL
  1; 15;183;0x3c01a008020f331761c5ffdcL
  1; 15;184;0x3c01a008020f3356c9c6ffddL
  1; 15;185;0x3c01a008020f3396e1c2ffdeL
  1; 15;186;0x3c01a008020f33d6e5d2ffdfL
  1; 15;187;0x3c01a008020f301701c4ffd0L
  1; 15;188;0x3c01a008020f305731dbffd1L
  1; 15;189;0x3c01a008020f30974dd6ffd2L
  1; 15;190;0x3c01a008020f30d735cdffd3L
  1; 15;191;0x3c01a008020f311771f5ffd4L
  1; 15;192;0x3c01a008020f3156f1ebffd5L
  1; 15;193;0x3c01a008020f319789e9ffd6L
  1; 15;194;0x3c01a008020f31d6a5bbffd7L
  1; 15;195;0x3c01a008020f321751c2ffd8L
  1; 15;196;0x3c01c008020f129725e2fffaL
  1; 15;197;0x3c01c008020f12d729e6fffbL
  1; 15;198;0x3c01c008020f131759c5fffcL
  1; 15;199;0x3c01c008020f1356c1bcfffdL
  1; 15;200;0x3c01c008020f1396e9bffffeL
  1; 15;201;0x3c01c008020f13d6edcbffffL
  1; 15;202;0x3c01c008020f101705bdfff0L
  1; 15;203;0x3c01c008020f10571dd7fff1L
  1; 15;204;0x3c01c008020f109739d3fff2L
  1; 15;205;0x3c01c008020f10d711c8fff3L
  1; 15;206;0x3c01c008020f111765f4fff4L
  1; 15;207;0x3c01c008020f1156c9e8fff5L
  1; 15;208;0x3c01c008020f119771e4fff6L
  1; 15;209;0x3c01c008020f11d68dbefff7L
  1; 15;210;0x3c01c008020f121745c3fff8L
  1; 15;211;0x3c01e008020f32972de7ffdaL
  1; 15;212;0x3c01e008020f32d725e7ffdbL
  1; 15;213;0x3c01e008020f33175dc4ffdcL
  1; 15;214;0x3c01e008020f3356bdc6ffddL
  1; 15;215;0x3c01e008020f3396e1c1ffdeL
  1; 15;216;0x3c01e008020f33d6edd1ffdfL
  1; 15;217;0x3c01e008020f3016fdc4ffd0L
  1; 15;218;0x3c01e008020f30572ddaffd1L
  1; 15;219;0x3c01e008020f30974dd7ffd2L
  1; 15;220;0x3c01e008020f30d72dccffd3L
  1; 15;221;0x3c01e008020f311775f6ffd4L
  1; 15;222;0x3c01e008020f3156f1eaffd5L
  1; 15;223;0x3c01e008020f319785e8ffd6L
  1; 15;224;0x3c01e008020f31d69dbcffd7L
  1; 15;225;0x3c01e008020f321751c2ffd8L
  1; 15;226;0x3c020008020f12972de4fffaL
  1; 15;227;0x3c020008020f12d729e6fffbL
  1; 15;228;0x3c020008020f13175dc7fffcL
  1; 15;229;0x3c020008020f1356bdbefffdL
  1; 15;230;0x3c020008020f1396f1c1fffeL
  1; 15;231;0x3c020008020f13d6f1cbffffL
  1; 15;232;0x3c020008020f101705bdfff0L
  1; 15;233;0x3c020008020f105721d6fff1L
  1; 15;234;0x3c020008020f10973dd3fff2L
  1; 15;235;0x3c020008020f10d719cafff3L
  1; 15;236;0x3c020008020f111765f4fff4L
  1; 15;237;0x3c020008020f1156cde9fff5L
  1; 15;238;0x3c020008020f119779e6fff6L
  1; 15;239;0x3c020008020f11d68dc0fff7L
  1; 15;240;0x3c020008020f121741c4fff8L
  1; 15;241;0x3c022008020f32972de7ffdaL
  1; 15;242;0x3c022008020f32d715e4ffdbL
  1; 15;243;0x3c022008020f331755c1ffdcL
  1; 15;244;0x3c022008020f3356bdc6ffddL
  1; 15;245;0x3c022008020f3396ddc1ffdeL
  1; 15;246;0x3c022008020f33d6ddceffdfL
  1; 15;247;0x3c022008020f3016fdc2ffd0L
  1; 15;248;0x3c022008020f305729d6ffd1L
  1; 15;249;0x3c022008020f309745d5ffd2L
  1; 15;250;0x3c022008020f30d729c9ffd3L
  1; 15;251;0x3c022008020f31176df4ffd4L
  1; 15;252;0x3c022008020f3156e5eaffd5L
  1; 15;253;0x3c022008020f319779e8ffd6L
  1; 15;254;0x3c022008020f31d695b9ffd7L
  1; 15;255;0x3c022008020f32174dc1ffd8L
  1; 15;256;0x3c024008020f12972de3fffaL
  1; 16;  1;0x3c002008020f1a964da7ffdaL
  1; 16;  2;0x3c002008020f1ad6959effdbL
  1; 16;  3;0x3c002008020f1b16e9c8ffdcL
  1; 16;  4;0x3c002008020f1b566d99ffddL
  1; 16;  5;0x3c002008020f1b9681c8ffdeL
  1; 16;  6;0x3c002008020f1bd5e97effdfL
  1; 16;  7;0x3c002008020f3016159dffd0L
  1; 16;  8;0x3c002008020f305671beffd1L
  1; 16;  9;0x3c002008020f18971db0ffd2L
  1; 16; 10;0x3c002008020f18d6ede1ffd3L
  1; 16; 11;0x3c002008020f191709d8ffd4L
  1; 16; 12;0x3c002008020f1956e5d3ff95L
  1; 16; 13;0x3c002008020f19971dc7ffd6L
  1; 16; 14;0x3c002008020f19d6b5d6ffd7L
  1; 16; 15;0x3c002008020f1a15e185ffd8L
  1; 16; 16;0x3c004008020f129641a8fffaL
  1; 16; 17;0x3c004008020f12d6859afffbL
  1; 16; 18;0x3c004008020f1316d5c4fffcL
  1; 16; 19;0x3c004008020f13565194fffdL
  1; 16; 20;0x3c004008020f139669c7fffeL
  1; 16; 21;0x3c004008020f13d5ed7dffffL
  1; 16; 22;0x3c004008020f1016059cfff0L
  1; 16; 23;0x3c004008020f105689befff1L
  1; 16; 24;0x3c004008020f1096fdaefff2L
  1; 16; 25;0x3c004008020f10d6e9defff3L
  1; 16; 26;0x3c004008020f111701d6fff4L
  1; 16; 27;0x3c004008020f1156e1d2ffb5L
  1; 16; 28;0x3c004008020f119721bdfff6L
  1; 16; 29;0x3c004008020f11d6b9dafff7L
  1; 16; 30;0x3c004008020f1215dd85fff8L
  1; 16; 31;0x3c006008020f329661aaffdaL
  1; 16; 32;0x3c006008020f32d695a3ffdbL
  1; 16; 33;0x3c006008020f3316f1c9ffdcL
  1; 16; 34;0x3c006008020f3356719affddL
  1; 16; 35;0x3c006008020f339689caffdeL
  1; 16; 36;0x3c006008020f33d5f581ffdfL
  1; 16; 37;0x3c006008020f301625a0ffd0L
  1; 16; 38;0x3c006008020f305685c1ffd1L
  1; 16; 39;0x3c006008020f309729b1ffd2L
  1; 16; 40;0x3c006008020f30d6f1e2ffd3L
  1; 16; 41;0x3c006008020f311711dbffd4L
  1; 16; 42;0x3c006008020f3156edd5ff95L
  1; 16; 43;0x3c006008020f31971dc8ffd6L
  1; 16; 44;0x3c006008020f31d6c1d9ffd7L
  1; 16; 45;0x3c006008020f3215e587ffd8L
  1; 16; 46;0x3c008008020f129649a7fffaL
  1; 16; 47;0x3c008008020f12d6859afffbL
  1; 16; 48;0x3c008008020f1316d5c5fffcL
  1; 16; 49;0x3c008008020f13564995fffdL
  1; 16; 50;0x3c008008020f139669c7fffeL
  1; 16; 51;0x3c008008020f13d5e97affffL
  1; 16; 52;0x3c008008020f1016059dfff0L
  1; 16; 53;0x3c008008020f10568dbcfff1L
  1; 16; 54;0x3c008008020f1096fdb1fff2L
  1; 16; 55;0x3c008008020f10d6dde1fff3L
  1; 16; 56;0x3c008008020f111709d7fff4L
  1; 16; 57;0x3c008008020f1156ddd3ffb5L
  1; 16; 58;0x3c008008020f11971dbefff6L
  1; 16; 59;0x3c008008020f11d6b5d9fff7L
  1; 16; 60;0x3c008008020f1215dd84fff8L
  1; 16; 61;0x3c00a008020f329659aaffdaL
  1; 16; 62;0x3c00a008020f32d691a2ffdbL
  1; 16; 63;0x3c00a008020f3316f1c8ffdcL
  1; 16; 64;0x3c00a008020f33566999ffddL
  1; 16; 65;0x3c00a008020f33968dcbffdeL
  1; 16; 66;0x3c00a008020f33d5f581ffdfL
  1; 16; 67;0x3c00a008020f30161da1ffd0L
  1; 16; 68;0x3c00a008020f305679c1ffd1L
  1; 16; 69;0x3c00a008020f309725b1ffd2L
  1; 16; 70;0x3c00a008020f30d6f1e3ffd3L
  1; 16; 71;0x3c00a008020f311715d9ffd4L
  1; 16; 72;0x3c00a008020f3156e9d5ffd5L
  1; 16; 73;0x3c00a008020f31971dc7ffd6L
  1; 16; 74;0x3c00a008020f31d6bddaffd7L
  1; 16; 75;0x3c00a008020f3215ed89ffd8L
  1; 16; 76;0x3c00c008020f129649a6fffaL
  1; 16; 77;0x3c00c008020f12d6859bfffbL
  1; 16; 78;0x3c00c008020f1316d9c5fffcL
  1; 16; 79;0x3c00c008020f13564d95fffdL
  1; 16; 80;0x3c00c008020f139671c7fffeL
  1; 16; 81;0x3c00c008020f13d5e97cffffL
  1; 16; 82;0x3c00c008020f1016019dfff0L
  1; 16; 83;0x3c00c008020f105689bcfff1L
  1; 16; 84;0x3c00c008020f109705b4fff2L
  1; 16; 85;0x3c00c008020f10d6d5defff3L
  1; 16; 86;0x3c00c008020f111705d8fff4L
  1; 16; 87;0x3c00c008020f1156e5d3fff5L
  1; 16; 88;0x3c00c008020f11971dc0fff6L
  1; 16; 89;0x3c00c008020f11d6b5dafff7L
  1; 16; 90;0x3c00c008020f1215d585fff8L
  1; 16; 91;0x3c00e008020f329649a6ffdaL
  1; 16; 92;0x3c00e008020f32d6819cffdbL
  1; 16; 93;0x3c00e008020f3316e1c7ffdcL
  1; 16; 94;0x3c00e008020f33566196ffddL
  1; 16; 95;0x3c00e008020f339675c9ffdeL
  1; 16; 96;0x3c00e008020f33d5e97bffdfL
  1; 16; 97;0x3c00e008020f3016199bffd0L
  1; 16; 98;0x3c00e008020f305669bcffd1L
  1; 16; 99;0x3c00e008020f309711afffd2L
  1; 16;100;0x3c00e008020f30d6e5dfffd3L
  1; 16;101;0x3c00e008020f31170dd8ffd4L
  1; 16;102;0x3c00e008020f3156ddd1ff95L
  1; 16;103;0x3c00e008020f31970dc4ffd6L
  1; 16;104;0x3c00e008020f31d6b1d6ffd7L
  1; 16;105;0x3c00e008020f3215dd85ffd8L
  1; 16;106;0x3c010008020f129655abfffaL
  1; 16;107;0x3c010008020f12d68d9dfffbL
  1; 16;108;0x3c010008020f1316e1c8fffcL
  1; 16;109;0x3c010008020f13565998fffdL
  1; 16;110;0x3c010008020f139679cafffeL
  1; 16;111;0x3c010008020f13d5f57effffL
  1; 16;112;0x3c010008020f101611a0fff0L
  1; 16;113;0x3c010008020f105699befff1L
  1; 16;114;0x3c010008020f10970db4fff2L
  1; 16;115;0x3c010008020f10d6f1e3fff3L
  1; 16;116;0x3c010008020f111711d9fff4L
  1; 16;117;0x3c010008020f1156e9d4ffb5L
  1; 16;118;0x3c010008020f119721bffff6L
  1; 16;119;0x3c010008020f11d6c1dcfff7L
  1; 16;120;0x3c010008020f1215e589fff8L
  1; 16;121;0x3c012008020f32964da8ffdaL
  1; 16;122;0x3c012008020f32d6899fffdbL
  1; 16;123;0x3c012008020f3316e5c5ffdcL
  1; 16;124;0x3c012008020f33565995ffddL
  1; 16;125;0x3c012008020f339681c8ffdeL
  1; 16;126;0x3c012008020f33d5ed7bffdfL
  1; 16;127;0x3c012008020f3016119effd0L
  1; 16;128;0x3c012008020f305669c0ffd1L
  1; 16;129;0x3c012008020f309719afffd2L
  1; 16;130;0x3c012008020f30d6e5e1ffd3L
  1; 16;131;0x3c012008020f31170dd9ffd4L
  1; 16;132;0x3c012008020f3156e5d3ff95L
  1; 16;133;0x3c012008020f319719c5ffd6L
  1; 16;134;0x3c012008020f31d6b1d7ffd7L
  1; 16;135;0x3c012008020f3215d985ffd8L
  1; 16;136;0x3c014008020f12964da9fffaL
  1; 16;137;0x3c014008020f12d6919dfffbL
  1; 16;138;0x3c014008020f1316e5c9fffcL
  1; 16;139;0x3c014008020f13565995fffdL
  1; 16;140;0x3c014008020f139679cbfffeL
  1; 16;141;0x3c014008020f13d5f57dffffL
  1; 16;142;0x3c014008020f101611a1fff0L
  1; 16;143;0x3c014008020f105695bdfff1L
  1; 16;144;0x3c014008020f10970db2fff2L
  1; 16;145;0x3c014008020f10d6f1e2fff3L
  1; 16;146;0x3c014008020f111709d9fff4L
  1; 16;147;0x3c014008020f1156e5d5fff5L
  1; 16;148;0x3c014008020f119729c1fff6L
  1; 16;149;0x3c014008020f11d6c1dafff7L
  1; 16;150;0x3c014008020f1215e988fff8L
  1; 16;151;0x3c016008020f32964da6ffdaL
  1; 16;152;0x3c016008020f32d68d9cffdbL
  1; 16;153;0x3c016008020f3316e1c7ffdcL
  1; 16;154;0x3c016008020f33566197ffddL
  1; 16;155;0x3c016008020f339681c8ffdeL
  1; 16;156;0x3c016008020f33d5e97dffdfL
  1; 16;157;0x3c016008020f3016219cffd0L
  1; 16;158;0x3c016008020f30566dbcffd1L
  1; 16;159;0x3c016008020f309719afffd2L
  1; 16;160;0x3c016008020f30d6e9e1ffd3L
  1; 16;161;0x3c016008020f311705d9ffd4L
  1; 16;162;0x3c016008020f3156e5d5ff95L
  1; 16;163;0x3c016008020f319715c5ffd6L
  1; 16;164;0x3c016008020f31d6b1d7ffd7L
  1; 16;165;0x3c016008020f3215e185ffd8L
  1; 16;166;0x3c018008020f129641a6fffaL
  1; 16;167;0x3c018008020f12d6859afffbL
  1; 16;168;0x3c018008020f1316d1c6fffcL
  1; 16;169;0x3c018008020f13564d93fffdL
  1; 16;170;0x3c018008020f139665c7fffeL
  1; 16;171;0x3c018008020f13d5e97affffL
  1; 16;172;0x3c018008020f1016019cfff0L
  1; 16;173;0x3c018008020f105689bdfff1L
  1; 16;174;0x3c018008020f1096f9affff2L
  1; 16;175;0x3c018008020f10d6e5e1fff3L
  1; 16;176;0x3c018008020f111709d6fff4L
  1; 16;177;0x3c018008020f1156ddd3ffb5L
  1; 16;178;0x3c018008020f119719bffff6L
  1; 16;179;0x3c018008020f11d6b5d9fff7L
  1; 16;180;0x3c018008020f1215d985fff8L
  1; 16;181;0x3c01a008020f329655aaffdaL
  1; 16;182;0x3c01a008020f32d689a1ffdbL
  1; 16;183;0x3c01a008020f3316e9c8ffdcL
  1; 16;184;0x3c01a008020f33566598ffddL
  1; 16;185;0x3c01a008020f339681c9ffdeL
  1; 16;186;0x3c01a008020f33d5f17dffdfL
  1; 16;187;0x3c01a008020f30161d9effd0L
  1; 16;188;0x3c01a008020f305675bfffd1L
  1; 16;189;0x3c01a008020f309729b1ffd2L
  1; 16;190;0x3c01a008020f30d6ede1ffd3L
  1; 16;191;0x3c01a008020f311709dbffd4L
  1; 16;192;0x3c01a008020f3156e5d3ffd5L
  1; 16;193;0x3c01a008020f319719c7ffd6L
  1; 16;194;0x3c01a008020f31d6bdd6ffd7L
  1; 16;195;0x3c01a008020f3215e586ffd8L
  1; 16;196;0x3c01c008020f12963da6fffaL
  1; 16;197;0x3c01c008020f12d6859bfffbL
  1; 16;198;0x3c01c008020f1316d5c5fffcL
  1; 16;199;0x3c01c008020f13564194fffdL
  1; 16;200;0x3c01c008020f139669c7fffeL
  1; 16;201;0x3c01c008020f13d5f57bffffL
  1; 16;202;0x3c01c008020f1015fd9efff0L
  1; 16;203;0x3c01c008020f105689bdfff1L
  1; 16;204;0x3c01c008020f1096fdb0fff2L
  1; 16;205;0x3c01c008020f10d6e5e1fff3L
  1; 16;206;0x3c01c008020f111709d6fff4L
  1; 16;207;0x3c01c008020f1156ddd4fff5L
  1; 16;208;0x3c01c008020f119721befff6L
  1; 16;209;0x3c01c008020f11d6b9dafff7L
  1; 16;210;0x3c01c008020f1215dd86fff8L
  1; 16;211;0x3c01e008020f329659aaffdaL
  1; 16;212;0x3c01e008020f32d699a2ffdbL
  1; 16;213;0x3c01e008020f3316f1caffdcL
  1; 16;214;0x3c01e008020f33566d9cffddL
  1; 16;215;0x3c01e008020f339689caffdeL
  1; 16;216;0x3c01e008020f33d5f17effdfL
  1; 16;217;0x3c01e008020f301625a0ffd0L
  1; 16;218;0x3c01e008020f30567dc2ffd1L
  1; 16;219;0x3c01e008020f309729b4ffd2L
  1; 16;220;0x3c01e008020f30d6f5e3ffd3L
  1; 16;221;0x3c01e008020f311715daffd4L
  1; 16;222;0x3c01e008020f3156e9d6ff95L
  1; 16;223;0x3c01e008020f319721c7ffd6L
  1; 16;224;0x3c01e008020f31d6c5daffd7L
  1; 16;225;0x3c01e008020f3215ed88ffd8L
  1; 16;226;0x3c020008020f12964da7fffaL
  1; 16;227;0x3c020008020f12d6819afffbL
  1; 16;228;0x3c020008020f1316e5c7fffcL
  1; 16;229;0x3c020008020f13564d94fffdL
  1; 16;230;0x3c020008020f139669c9fffeL
  1; 16;231;0x3c020008020f13d5f57cffffL
  1; 16;232;0x3c020008020f1016059efff0L
  1; 16;233;0x3c020008020f105685bcfff1L
  1; 16;234;0x3c020008020f109709b0fff2L
  1; 16;235;0x3c020008020f10d6e5e0fff3L
  1; 16;236;0x3c020008020f111709d7fff4L
  1; 16;237;0x3c020008020f1156e9d5ffb5L
  1; 16;238;0x3c020008020f119721bdfff6L
  1; 16;239;0x3c020008020f11d6b5dafff7L
  1; 16;240;0x3c020008020f1215dd85fff8L
  1; 16;241;0x3c022008020f329655a9ffdaL
  1; 16;242;0x3c022008020f32d691a0ffdbL
  1; 16;243;0x3c022008020f3316e9c8ffdcL
  1; 16;244;0x3c022008020f33566598ffddL
  1; 16;245;0x3c022008020f339685c8ffdeL
  1; 16;246;0x3c022008020f33d5ed7fffdfL
  1; 16;247;0x3c022008020f30161d9effd0L
  1; 16;248;0x3c022008020f305675c1ffd1L
  1; 16;249;0x3c022008020f309721b1ffd2L
  1; 16;250;0x3c022008020f30d6ede2ffd3L
  1; 16;251;0x3c022008020f311709d8ffd4L
  1; 16;252;0x3c022008020f3156e5d2ff95L
  1; 16;253;0x3c022008020f319715c5ffd6L
  1; 16;254;0x3c022008020f31d6b9d9ffd7L
  1; 16;255;0x3c022008020f3215e186ffd8L
  1; 16;256;0x3c024008020f129651aafffaL
  1; 17;  1;0x3c002008020f1a96e9d0ffdaL
  1; 17;  2;0x3c002008020f1ad68596ffdbL
  1; 17;  3;0x3c002008020f1b165dc1ffdcL
  1; 17;  4;0x3c002008020f1b565dc3ffddL
  1; 17;  5;0x3c002008020f1b95fd91ffdeL
  1; 17;  6;0x3c002008020f1bd6958affdfL
  1; 17;  7;0x3c002008020f301719bdffd0L
  1; 17;  8;0x3c002008020f305651b3ffd1L
  1; 17;  9;0x3c002008020f189725bcffd2L
  1; 17; 10;0x3c002008020f18d76dbeffd3L
  1; 17; 11;0x3c002008020f1916ddd8ffd4L
  1; 17; 12;0x3c002008020f1956a9ebffd5L
  1; 17; 13;0x3c002008020f199735edffd6L
  1; 17; 14;0x3c002008020f19d761d8ffd7L
  1; 17; 15;0x3c002008020f1a1741c5ffd8L
  1; 17; 16;0x3c004008020f1296cdc4fffaL
  1; 17; 17;0x3c004008020f12d6858cfffbL
  1; 17; 18;0x3c004008020f131679bdfffcL
  1; 17; 19;0x3c004008020f135635bbfffdL
  1; 17; 20;0x3c004008020f1395fd86fffeL
  1; 17; 21;0x3c004008020f13d66987ffffL
  1; 17; 22;0x3c004008020f101711bffff0L
  1; 17; 23;0x3c004008020f105645b0fff1L
  1; 17; 24;0x3c004008020f109719b9fff2L
  1; 17; 25;0x3c004008020f10d775bafff3L
  1; 17; 26;0x3c004008020f1116d1d8fff4L
  1; 17; 27;0x3c004008020f1156a9e9fff5L
  1; 17; 28;0x3c004008020f11972debfff6L
  1; 17; 29;0x3c004008020f11d74dd3fff7L
  1; 17; 30;0x3c004008020f121735bdfff8L
  1; 17; 31;0x3c006008020f3296edd2ffdaL
  1; 17; 32;0x3c006008020f32d68993ffdbL
  1; 17; 33;0x3c006008020f33166dc0ffdcL
  1; 17; 34;0x3c006008020f335661c5ffddL
  1; 17; 35;0x3c006008020f3395f98fffdeL
  1; 17; 36;0x3c006008020f33d6958bffdfL
  1; 17; 37;0x3c006008020f301719bdffd0L
  1; 17; 38;0x3c006008020f305655b2ffd1L
  1; 17; 39;0x3c006008020f309721bcffd2L
  1; 17; 40;0x3c006008020f30d775bfffd3L
  1; 17; 41;0x3c006008020f3116e1d9ffd4L
  1; 17; 42;0x3c006008020f3156a9ebffd5L
  1; 17; 43;0x3c006008020f31972decffd6L
  1; 17; 44;0x3c006008020f31d761daffd7L
  1; 17; 45;0x3c006008020f321741c6ffd8L
  1; 17; 46;0x3c008008020f1296d1c4fffaL
  1; 17; 47;0x3c008008020f12d6898bfffbL
  1; 17; 48;0x3c008008020f131671bcfffcL
  1; 17; 49;0x3c008008020f135635bafffdL
  1; 17; 50;0x3c008008020f1395ed88fffeL
  1; 17; 51;0x3c008008020f13d66d87ffffL
  1; 17; 52;0x3c008008020f101709befff0L
  1; 17; 53;0x3c008008020f10563db2fff1L
  1; 17; 54;0x3c008008020f10971db6fff2L
  1; 17; 55;0x3c008008020f10d775bbfff3L
  1; 17; 56;0x3c008008020f1116d5d8fff4L
  1; 17; 57;0x3c008008020f1156ade9fff5L
  1; 17; 58;0x3c008008020f119731eafff6L
  1; 17; 59;0x3c008008020f11d751d0fff7L
  1; 17; 60;0x3c008008020f121731bbfff8L
  1; 17; 61;0x3c00a008020f3296e5cfffdaL
  1; 17; 62;0x3c00a008020f32d68196ffdbL
  1; 17; 63;0x3c00a008020f33165dc0ffdcL
  1; 17; 64;0x3c00a008020f335655c4ffddL
  1; 17; 65;0x3c00a008020f3395ed8bffdeL
  1; 17; 66;0x3c00a008020f33d69189ffdfL
  1; 17; 67;0x3c00a008020f301711baffd0L
  1; 17; 68;0x3c00a008020f305655b4ffd1L
  1; 17; 69;0x3c00a008020f309721baffd2L
  1; 17; 70;0x3c00a008020f30d769bdffd3L
  1; 17; 71;0x3c00a008020f3116d5d7ffd4L
  1; 17; 72;0x3c00a008020f3156a5eaffd5L
  1; 17; 73;0x3c00a008020f319729ebffd6L
  1; 17; 74;0x3c00a008020f31d759d5ffd7L
  1; 17; 75;0x3c00a008020f321739c2ffd8L
  1; 17; 76;0x3c00c008020f1296d1c4fffaL
  1; 17; 77;0x3c00c008020f12d6858afffbL
  1; 17; 78;0x3c00c008020f131675bdfffcL
  1; 17; 79;0x3c00c008020f13563dbafffdL
  1; 17; 80;0x3c00c008020f1395ed87fffeL
  1; 17; 81;0x3c00c008020f13d67587ffffL
  1; 17; 82;0x3c00c008020f10170dbffff0L
  1; 17; 83;0x3c00c008020f105645b2fff1L
  1; 17; 84;0x3c00c008020f109719b8fff2L
  1; 17; 85;0x3c00c008020f10d775bafff3L
  1; 17; 86;0x3c00c008020f1116d5dafff4L
  1; 17; 87;0x3c00c008020f1156a9e9fff5L
  1; 17; 88;0x3c00c008020f119731ebfff6L
  1; 17; 89;0x3c00c008020f11d751d1fff7L
  1; 17; 90;0x3c00c008020f121739bbfff8L
  1; 17; 91;0x3c00e008020f3296e1ceffdaL
  1; 17; 92;0x3c00e008020f32d67993ffdbL
  1; 17; 93;0x3c00e008020f331655bcffdcL
  1; 17; 94;0x3c00e008020f33565dc4ffddL
  1; 17; 95;0x3c00e008020f3395f18cffdeL
  1; 17; 96;0x3c00e008020f33d69189ffdfL
  1; 17; 97;0x3c00e008020f301711bbffd0L
  1; 17; 98;0x3c00e008020f305649b2ffd1L
  1; 17; 99;0x3c00e008020f309719baffd2L
  1; 17;100;0x3c00e008020f30d765bcffd3L
  1; 17;101;0x3c00e008020f3116d9d7ffd4L
  1; 17;102;0x3c00e008020f3156a1eaffd5L
  1; 17;103;0x3c00e008020f319725eaffd6L
  1; 17;104;0x3c00e008020f31d75dd8ffd7L
  1; 17;105;0x3c00e008020f321735c4ffd8L
  1; 17;106;0x3c010008020f1296ddc9fffaL
  1; 17;107;0x3c010008020f12d6958cfffbL
  1; 17;108;0x3c010008020f131685bffffcL
  1; 17;109;0x3c010008020f135645bdfffdL
  1; 17;110;0x3c010008020f1396058cfffeL
  1; 17;111;0x3c010008020f13d6758cffffL
  1; 17;112;0x3c010008020f101711c3fff0L
  1; 17;113;0x3c010008020f105651b5fff1L
  1; 17;114;0x3c010008020f109729bafff2L
  1; 17;115;0x3c010008020f10d785befff3L
  1; 17;116;0x3c010008020f1116e1dcfff4L
  1; 17;117;0x3c010008020f1156b9e9fff5L
  1; 17;118;0x3c010008020f119739edfff6L
  1; 17;119;0x3c010008020f11d765d4fff7L
  1; 17;120;0x3c010008020f121739befff8L
  1; 17;121;0x3c012008020f3296e1ceffdaL
  1; 17;122;0x3c012008020f32d67592ffdbL
  1; 17;123;0x3c012008020f331655bdffdcL
  1; 17;124;0x3c012008020f335655c3ffddL
  1; 17;125;0x3c012008020f3395ed8dffdeL
  1; 17;126;0x3c012008020f33d68588ffdfL
  1; 17;127;0x3c012008020f30170db8ffd0L
  1; 17;128;0x3c012008020f305651b1ffd1L
  1; 17;129;0x3c012008020f309719b8ffd2L
  1; 17;130;0x3c012008020f30d769bdffd3L
  1; 17;131;0x3c012008020f3116d5d6ffd4L
  1; 17;132;0x3c012008020f315699eaffd5L
  1; 17;133;0x3c012008020f319725eaffd6L
  1; 17;134;0x3c012008020f31d751d5ffd7L
  1; 17;135;0x3c012008020f321735c3ffd8L
  1; 17;136;0x3c014008020f1296d9c8fffaL
  1; 17;137;0x3c014008020f12d68d8dfffbL
  1; 17;138;0x3c014008020f131681bbfffcL
  1; 17;139;0x3c014008020f135639befffdL
  1; 17;140;0x3c014008020f1395f989fffeL
  1; 17;141;0x3c014008020f13d6758affffL
  1; 17;142;0x3c014008020f101719c0fff0L
  1; 17;143;0x3c014008020f105641b5fff1L
  1; 17;144;0x3c014008020f109725bafff2L
  1; 17;145;0x3c014008020f10d779bdfff3L
  1; 17;146;0x3c014008020f1116e1dafff4L
  1; 17;147;0x3c014008020f1156b5e9fff5L
  1; 17;148;0x3c014008020f11972decfff6L
  1; 17;149;0x3c014008020f11d75dd2fff7L
  1; 17;150;0x3c014008020f121735bdfff8L
  1; 17;151;0x3c016008020f3296e9d1ffdaL
  1; 17;152;0x3c016008020f32d68194ffdbL
  1; 17;153;0x3c016008020f331659bfffdcL
  1; 17;154;0x3c016008020f33565dc5ffddL
  1; 17;155;0x3c016008020f3395f991ffdeL
  1; 17;156;0x3c016008020f33d6918affdfL
  1; 17;157;0x3c016008020f30171dbdffd0L
  1; 17;158;0x3c016008020f30564db4ffd1L
  1; 17;159;0x3c016008020f309725bcffd2L
  1; 17;160;0x3c016008020f30d771bdffd3L
  1; 17;161;0x3c016008020f3116d9d8ffd4L
  1; 17;162;0x3c016008020f3156a5eaffd5L
  1; 17;163;0x3c016008020f319731ecffd6L
  1; 17;164;0x3c016008020f31d75dd8ffd7L
  1; 17;165;0x3c016008020f321741c4ffd8L
  1; 17;166;0x3c018008020f1296cdc4fffaL
  1; 17;167;0x3c018008020f12d6858bfffbL
  1; 17;168;0x3c018008020f131675bdfffcL
  1; 17;169;0x3c018008020f135635bbfffdL
  1; 17;170;0x3c018008020f1395ed88fffeL
  1; 17;171;0x3c018008020f13d66986ffffL
  1; 17;172;0x3c018008020f10170dbffff0L
  1; 17;173;0x3c018008020f105645b3fff1L
  1; 17;174;0x3c018008020f109719b9fff2L
  1; 17;175;0x3c018008020f10d771b8fff3L
  1; 17;176;0x3c018008020f1116d9d9fff4L
  1; 17;177;0x3c018008020f1156a9e7fff5L
  1; 17;178;0x3c018008020f11972deafff6L
  1; 17;179;0x3c018008020f11d751d0fff7L
  1; 17;180;0x3c018008020f121731bcfff8L
  1; 17;181;0x3c01a008020f3296e5d2ffdaL
  1; 17;182;0x3c01a008020f32d68d95ffdbL
  1; 17;183;0x3c01a008020f331661bfffdcL
  1; 17;184;0x3c01a008020f335661c5ffddL
  1; 17;185;0x3c01a008020f3395f98fffdeL
  1; 17;186;0x3c01a008020f33d6958cffdfL
  1; 17;187;0x3c01a008020f30171dbeffd0L
  1; 17;188;0x3c01a008020f305651b4ffd1L
  1; 17;189;0x3c01a008020f309721bdffd2L
  1; 17;190;0x3c01a008020f30d76dbeffd3L
  1; 17;191;0x3c01a008020f3116d9d8ffd4L
  1; 17;192;0x3c01a008020f3156a9ebffd5L
  1; 17;193;0x3c01a008020f319735ebffd6L
  1; 17;194;0x3c01a008020f31d761d7ffd7L
  1; 17;195;0x3c01a008020f321739c6ffd8L
  1; 17;196;0x3c01c008020f1296d5c4fffaL
  1; 17;197;0x3c01c008020f12d69589fffbL
  1; 17;198;0x3c01c008020f131675bdfffcL
  1; 17;199;0x3c01c008020f135639bbfffdL
  1; 17;200;0x3c01c008020f1395f58afffeL
  1; 17;201;0x3c01c008020f13d67188ffffL
  1; 17;202;0x3c01c008020f101711c1fff0L
  1; 17;203;0x3c01c008020f105641b1fff1L
  1; 17;204;0x3c01c008020f109719b9fff2L
  1; 17;205;0x3c01c008020f10d771bcfff3L
  1; 17;206;0x3c01c008020f1116d5dafff4L
  1; 17;207;0x3c01c008020f1156b5e9fff5L
  1; 17;208;0x3c01c008020f119739ebfff6L
  1; 17;209;0x3c01c008020f11d755d2fff7L
  1; 17;210;0x3c01c008020f121731bdfff8L
  1; 17;211;0x3c01e008020f3296edd2ffdaL
  1; 17;212;0x3c01e008020f32d68196ffdbL
  1; 17;213;0x3c01e008020f33165dc0ffdcL
  1; 17;214;0x3c01e008020f335655c4ffddL
  1; 17;215;0x3c01e008020f3395f58fffdeL
  1; 17;216;0x3c01e008020f33d6898bffdfL
  1; 17;217;0x3c01e008020f30171dbdffd0L
  1; 17;218;0x3c01e008020f305655b5ffd1L
  1; 17;219;0x3c01e008020f309725baffd2L
  1; 17;220;0x3c01e008020f30d76dbfffd3L
  1; 17;221;0x3c01e008020f3116d9d8ffd4L
  1; 17;222;0x3c01e008020f3156a9ecffd5L
  1; 17;223;0x3c01e008020f319731edffd6L
  1; 17;224;0x3c01e008020f31d759d7ffd7L
  1; 17;225;0x3c01e008020f321741c7ffd8L
  1; 17;226;0x3c020008020f1296d5c4fffaL
  1; 17;227;0x3c020008020f12d68d8cfffbL
  1; 17;228;0x3c020008020f13167dbefffcL
  1; 17;229;0x3c020008020f135639befffdL
  1; 17;230;0x3c020008020f1395f58afffeL
  1; 17;231;0x3c020008020f13d66d88ffffL
  1; 17;232;0x3c020008020f10170dbffff0L
  1; 17;233;0x3c020008020f105649b2fff1L
  1; 17;234;0x3c020008020f109721b9fff2L
  1; 17;235;0x3c020008020f10d77dbcfff3L
  1; 17;236;0x3c020008020f1116e1dafff4L
  1; 17;237;0x3c020008020f1156b1e8fff5L
  1; 17;238;0x3c020008020f11972debfff6L
  1; 17;239;0x3c020008020f11d755d3fff7L
  1; 17;240;0x3c020008020f121735befff8L
  1; 17;241;0x3c022008020f3296ddceffdaL
  1; 17;242;0x3c022008020f32d67993ffdbL
  1; 17;243;0x3c022008020f331651bcffdcL
  1; 17;244;0x3c022008020f33565dc1ffddL
  1; 17;245;0x3c022008020f3395f18cffdeL
  1; 17;246;0x3c022008020f33d68588ffdfL
  1; 17;247;0x3c022008020f301711baffd0L
  1; 17;248;0x3c022008020f305649b2ffd1L
  1; 17;249;0x3c022008020f309721b9ffd2L
  1; 17;250;0x3c022008020f30d769bcffd3L
  1; 17;251;0x3c022008020f3116d1d7ffd4L
  1; 17;252;0x3c022008020f31569de9ffd5L
  1; 17;253;0x3c022008020f319725eaffd6L
  1; 17;254;0x3c022008020f31d755d7ffd7L
  1; 17;255;0x3c022008020f321735c5ffd8L
  1; 17;256;0x3c024008020f1296d9c7fffaL
  1; 18;  1;0x3c002008020f1a97e5dbffdaL
  1; 18;  2;0x3c002008020f1ad799e3ffdbL
  1; 18;  3;0x3c002008020f1b17bde6ffdcL
  1; 18;  4;0x3c002008020f1b57c1fbffddL
  1; 18;  5;0x3c002008020f1b97f5f9ff9eL
  1; 18;  6;0x3c002008020f1bd781f8ffdfL
  1; 18;  7;0x3c002008020f3017e5faffd0L
  1; 18;  8;0x3c002008020f30572dedffd1L
  1; 18;  9;0x3c002008020f1897b1eeffd2L
  1; 18; 10;0x3c002008020f18d7edffffd3L
  1; 18; 11;0x3c002008020f1917fdfeffd4L
  1; 18; 12;0x3c002008020f1957bdefffd5L
  1; 18; 13;0x3c002008020f1997edf7ffd6L
  1; 18; 14;0x3c002008020f19d7d5f5ff97L
  1; 18; 15;0x3c002008020f1a1795edffd8L
  1; 18; 16;0x3c004008020f1297e5ddfffaL
  1; 18; 17;0x3c004008020f12d791e4fffbL
  1; 18; 18;0x3c004008020f1317b9e4fffcL
  1; 18; 19;0x3c004008020f1357b5fbfffdL
  1; 18; 20;0x3c004008020f1397f5f9ffbeL
  1; 18; 21;0x3c004008020f13d775f5ffffL
  1; 18; 22;0x3c004008020f1017e5f9fff0L
  1; 18; 23;0x3c004008020f105731ecfff1L
  1; 18; 24;0x3c004008020f1097a1eefff2L
  1; 18; 25;0x3c004008020f10d7e9fffff3L
  1; 18; 26;0x3c004008020f1117fdfffff4L
  1; 18; 27;0x3c004008020f1157c1effff5L
  1; 18; 28;0x3c004008020f1197e9f4fff6L
  1; 18; 29;0x3c004008020f11d7d5f4ffb7L
  1; 18; 30;0x3c004008020f1217a1e8fff8L
  1; 18; 31;0x3c006008020f3297e9ddffdaL
  1; 18; 32;0x3c006008020f32d7a1e4ffdbL
  1; 18; 33;0x3c006008020f3317bde8ffdcL
  1; 18; 34;0x3c006008020f3357c5fbffddL
  1; 18; 35;0x3c006008020f3397f5f9ff9eL
  1; 18; 36;0x3c006008020f33d77df7ffdfL
  1; 18; 37;0x3c006008020f3017e5f9ffd0L
  1; 18; 38;0x3c006008020f305731eeffd1L
  1; 18; 39;0x3c006008020f3097b9efffd2L
  1; 18; 40;0x3c006008020f30d7f1ffffd3L
  1; 18; 41;0x3c006008020f3117fdffffd4L
  1; 18; 42;0x3c006008020f3157c1efffd5L
  1; 18; 43;0x3c006008020f3197edf8ffd6L
  1; 18; 44;0x3c006008020f31d7d5f4ff97L
  1; 18; 45;0x3c006008020f321791edffd8L
  1; 18; 46;0x3c008008020f1297e5dcfffaL
  1; 18; 47;0x3c008008020f12d789e5fffbL
  1; 18; 48;0x3c008008020f1317b9e5fffcL
  1; 18; 49;0x3c008008020f1357b9fafffdL
  1; 18; 50;0x3c008008020f1397f1f7ffbeL
  1; 18; 51;0x3c008008020f13d771f5ffffL
  1; 18; 52;0x3c008008020f1017e1f8fff0L
  1; 18; 53;0x3c008008020f10572debfff1L
  1; 18; 54;0x3c008008020f10979deefff2L
  1; 18; 55;0x3c008008020f10d7edfffff3L
  1; 18; 56;0x3c008008020f1117fdfffff4L
  1; 18; 57;0x3c008008020f1157c1effff5L
  1; 18; 58;0x3c008008020f1197e9f4fff6L
  1; 18; 59;0x3c008008020f11d7cdf4ffb7L
  1; 18; 60;0x3c008008020f121795e8fff8L
  1; 18; 61;0x3c00a008020f3297e9deffdaL
  1; 18; 62;0x3c00a008020f32d79de4ffdbL
  1; 18; 63;0x3c00a008020f3317bde7ffdcL
  1; 18; 64;0x3c00a008020f3357c1fbffddL
  1; 18; 65;0x3c00a008020f3397f5faff9eL
  1; 18; 66;0x3c00a008020f33d781f8ffdfL
  1; 18; 67;0x3c00a008020f3017e5f9ffd0L
  1; 18; 68;0x3c00a008020f30572dedffd1L
  1; 18; 69;0x3c00a008020f3097adefffd2L
  1; 18; 70;0x3c00a008020f30d7f1ffffd3L
  1; 18; 71;0x3c00a008020f3117fdffffd4L
  1; 18; 72;0x3c00a008020f3157bdefffd5L
  1; 18; 73;0x3c00a008020f3197e9f6ffd6L
  1; 18; 74;0x3c00a008020f31d7d5f4ff97L
  1; 18; 75;0x3c00a008020f321795eeffd8L
  1; 18; 76;0x3c00c008020f1297e5ddfffaL
  1; 18; 77;0x3c00c008020f12d789e5fffbL
  1; 18; 78;0x3c00c008020f1317b9e4fffcL
  1; 18; 79;0x3c00c008020f1357bdfbfffdL
  1; 18; 80;0x3c00c008020f1397f5f9ffbeL
  1; 18; 81;0x3c00c008020f13d775f5ffffL
  1; 18; 82;0x3c00c008020f1017e5f9fff0L
  1; 18; 83;0x3c00c008020f105731ecfff1L
  1; 18; 84;0x3c00c008020f10979dedfff2L
  1; 18; 85;0x3c00c008020f10d7edfffff3L
  1; 18; 86;0x3c00c008020f1117fdfffff4L
  1; 18; 87;0x3c00c008020f1157c1effff5L
  1; 18; 88;0x3c00c008020f1197e9f4fff6L
  1; 18; 89;0x3c00c008020f11d7d5f5ffb7L
  1; 18; 90;0x3c00c008020f1217a1eafff8L
  1; 18; 91;0x3c00e008020f3297e5dcffdaL
  1; 18; 92;0x3c00e008020f32d799e3ffdbL
  1; 18; 93;0x3c00e008020f3317bde5ffdcL
  1; 18; 94;0x3c00e008020f3357b9fbffddL
  1; 18; 95;0x3c00e008020f3397f5f9ff9eL
  1; 18; 96;0x3c00e008020f33d779f7ffdfL
  1; 18; 97;0x3c00e008020f3017e5f9ffd0L
  1; 18; 98;0x3c00e008020f305729edffd1L
  1; 18; 99;0x3c00e008020f3097adefffd2L
  1; 18;100;0x3c00e008020f30d7e9ffffd3L
  1; 18;101;0x3c00e008020f3117fdfeffd4L
  1; 18;102;0x3c00e008020f3157c1efffd5L
  1; 18;103;0x3c00e008020f3197e9f5ffd6L
  1; 18;104;0x3c00e008020f31d7d5f4ff97L
  1; 18;105;0x3c00e008020f321791ebffd8L
  1; 18;106;0x3c010008020f1297e5ddfffaL
  1; 18;107;0x3c010008020f12d791e5fffbL
  1; 18;108;0x3c010008020f1317bde6fffcL
  1; 18;109;0x3c010008020f1357c1fafffdL
  1; 18;110;0x3c010008020f1397f5f9ffbeL
  1; 18;111;0x3c010008020f13d77df6ffffL
  1; 18;112;0x3c010008020f1017e5fafff0L
  1; 18;113;0x3c010008020f105739edfff1L
  1; 18;114;0x3c010008020f1097a5effff2L
  1; 18;115;0x3c010008020f10d7edfffff3L
  1; 18;116;0x3c010008020f1117fdfffff4L
  1; 18;117;0x3c010008020f1157c5f0fff5L
  1; 18;118;0x3c010008020f1197e9f4fff6L
  1; 18;119;0x3c010008020f11d7d1f5ffb7L
  1; 18;120;0x3c010008020f1217a1e8fff8L
  1; 18;121;0x3c012008020f3297e5dbffdaL
  1; 18;122;0x3c012008020f32d799e2ffdbL
  1; 18;123;0x3c012008020f3317b9e6ffdcL
  1; 18;124;0x3c012008020f3357b9fbffddL
  1; 18;125;0x3c012008020f3397f5f8ff9eL
  1; 18;126;0x3c012008020f33d771f8ffdfL
  1; 18;127;0x3c012008020f3017e1f8ffd0L
  1; 18;128;0x3c012008020f305721ecffd1L
  1; 18;129;0x3c012008020f3097a9eeffd2L
  1; 18;130;0x3c012008020f30d7e9ffffd3L
  1; 18;131;0x3c012008020f3117f9feffd4L
  1; 18;132;0x3c012008020f3157c1efffd5L
  1; 18;133;0x3c012008020f3197e9f6ffd6L
  1; 18;134;0x3c012008020f31d7d1f4ff97L
  1; 18;135;0x3c012008020f321791ebffd8L
  1; 18;136;0x3c014008020f1297e5ddfffaL
  1; 18;137;0x3c014008020f12d791e6fffbL
  1; 18;138;0x3c014008020f1317b9e6fffcL
  1; 18;139;0x3c014008020f1357c1fbfffdL
  1; 18;140;0x3c014008020f1397f5faffbeL
  1; 18;141;0x3c014008020f13d77df6ffffL
  1; 18;142;0x3c014008020f1017e5f9fff0L
  1; 18;143;0x3c014008020f105735ecfff1L
  1; 18;144;0x3c014008020f1097a5effff2L
  1; 18;145;0x3c014008020f10d7edfffff3L
  1; 18;146;0x3c014008020f1117fdfffff4L
  1; 18;147;0x3c014008020f1157c1effff5L
  1; 18;148;0x3c014008020f1197e9f4fff6L
  1; 18;149;0x3c014008020f11d7d1f5ffb7L
  1; 18;150;0x3c014008020f1217a1eafff8L
  1; 18;151;0x3c016008020f3297e5dcffdaL
  1; 18;152;0x3c016008020f32d79de3ffdbL
  1; 18;153;0x3c016008020f3317bde7ffdcL
  1; 18;154;0x3c016008020f3357c1fbffddL
  1; 18;155;0x3c016008020f3397f5f9ff9eL
  1; 18;156;0x3c016008020f33d779f7ffdfL
  1; 18;157;0x3c016008020f3017e5faffd0L
  1; 18;158;0x3c016008020f305721edffd1L
  1; 18;159;0x3c016008020f3097b1edffd2L
  1; 18;160;0x3c016008020f30d7e9ffffd3L
  1; 18;161;0x3c016008020f3117fdfeffd4L
  1; 18;162;0x3c016008020f3157c1efffd5L
  1; 18;163;0x3c016008020f3197e9f6ffd6L
  1; 18;164;0x3c016008020f31d7d5f4ff97L
  1; 18;165;0x3c016008020f321791ebffd8L
  1; 18;166;0x3c018008020f1297e5dcfffaL
  1; 18;167;0x3c018008020f12d78de4fffbL
  1; 18;168;0x3c018008020f1317b9e4fffcL
  1; 18;169;0x3c018008020f1357b9fbfffdL
  1; 18;170;0x3c018008020f1397f5faffbeL
  1; 18;171;0x3c018008020f13d775f5ffffL
  1; 18;172;0x3c018008020f1017e1f8fff0L
  1; 18;173;0x3c018008020f10572debfff1L
  1; 18;174;0x3c018008020f1097a1edfff2L
  1; 18;175;0x3c018008020f10d7edfffff3L
  1; 18;176;0x3c018008020f1117fdfffff4L
  1; 18;177;0x3c018008020f1157c1effff5L
  1; 18;178;0x3c018008020f1197edf3fff6L
  1; 18;179;0x3c018008020f11d7cdf4ffb7L
  1; 18;180;0x3c018008020f12179de9fff8L
  1; 18;181;0x3c01a008020f3297e9deffdaL
  1; 18;182;0x3c01a008020f32d7a1e4ffdbL
  1; 18;183;0x3c01a008020f3317bde8ffdcL
  1; 18;184;0x3c01a008020f3357c5faffddL
  1; 18;185;0x3c01a008020f3397f9faff9eL
  1; 18;186;0x3c01a008020f33d779f8ffdfL
  1; 18;187;0x3c01a008020f3017e5faffd0L
  1; 18;188;0x3c01a008020f305731edffd1L
  1; 18;189;0x3c01a008020f3097b5efffd2L
  1; 18;190;0x3c01a008020f30d7edffffd3L
  1; 18;191;0x3c01a008020f3117fdffffd4L
  1; 18;192;0x3c01a008020f3157c1efffd5L
  1; 18;193;0x3c01a008020f3197e9f7ffd6L
  1; 18;194;0x3c01a008020f31d7d5f4ff97L
  1; 18;195;0x3c01a008020f321799ecffd8L
  1; 18;196;0x3c01c008020f1297e5dcfffaL
  1; 18;197;0x3c01c008020f12d78de2fffbL
  1; 18;198;0x3c01c008020f1317b9e3fffcL
  1; 18;199;0x3c01c008020f1357b9fafffdL
  1; 18;200;0x3c01c008020f1397f1f8ffbeL
  1; 18;201;0x3c01c008020f13d779f4ffffL
  1; 18;202;0x3c01c008020f1017e5f8fff0L
  1; 18;203;0x3c01c008020f105729ebfff1L
  1; 18;204;0x3c01c008020f10979deefff2L
  1; 18;205;0x3c01c008020f10d7edfffff3L
  1; 18;206;0x3c01c008020f1117fdfffff4L
  1; 18;207;0x3c01c008020f1157c5f0fff5L
  1; 18;208;0x3c01c008020f1197e9f3fff6L
  1; 18;209;0x3c01c008020f11d7d1f4ffb7L
  1; 18;210;0x3c01c008020f121799e9fff8L
  1; 18;211;0x3c01e008020f3297e5ddffdaL
  1; 18;212;0x3c01e008020f32d7a1e4ffdbL
  1; 18;213;0x3c01e008020f3317c1e7ffdcL
  1; 18;214;0x3c01e008020f3357c1fbffddL
  1; 18;215;0x3c01e008020f3397f9fbff9eL
  1; 18;216;0x3c01e008020f33d781f8ffdfL
  1; 18;217;0x3c01e008020f3017e5faffd0L
  1; 18;218;0x3c01e008020f305731edffd1L
  1; 18;219;0x3c01e008020f3097b5eeffd2L
  1; 18;220;0x3c01e008020f30d7edffffd3L
  1; 18;221;0x3c01e008020f3117fdffffd4L
  1; 18;222;0x3c01e008020f3157bdf0ffd5L
  1; 18;223;0x3c01e008020f3197e9f7ffd6L
  1; 18;224;0x3c01e008020f31d7d5f4ff97L
  1; 18;225;0x3c01e008020f321791edffd8L
  1; 18;226;0x3c020008020f1297e1dcfffaL
  1; 18;227;0x3c020008020f12d78de5fffbL
  1; 18;228;0x3c020008020f1317bde5fffcL
  1; 18;229;0x3c020008020f1357c1fbfffdL
  1; 18;230;0x3c020008020f1397f1f9ffbeL
  1; 18;231;0x3c020008020f13d775f5ffffL
  1; 18;232;0x3c020008020f1017e5f9fff0L
  1; 18;233;0x3c020008020f105731ecfff1L
  1; 18;234;0x3c020008020f1097a1edfff2L
  1; 18;235;0x3c020008020f10d7edfffff3L
  1; 18;236;0x3c020008020f1117fdfffff4L
  1; 18;237;0x3c020008020f1157c1f0fff5L
  1; 18;238;0x3c020008020f1197edf4fff6L
  1; 18;239;0x3c020008020f11d7d1f5ffb7L
  1; 18;240;0x3c020008020f121799e9fff8L
  1; 18;241;0x3c022008020f3297e5dbffdaL
  1; 18;242;0x3c022008020f32d79de3ffdbL
  1; 18;243;0x3c022008020f3317bde7ffdcL
  1; 18;244;0x3c022008020f3357c1fbffddL
  1; 18;245;0x3c022008020f3397f9faff9eL
  1; 18;246;0x3c022008020f33d781f7ffdfL
  1; 18;247;0x3c022008020f3017e9faffd0L
  1; 18;248;0x3c022008020f30572decffd1L
  1; 18;249;0x3c022008020f3097adefffd2L
  1; 18;250;0x3c022008020f30d7edffffd3L
  1; 18;251;0x3c022008020f3117fdfeffd4L
  1; 18;252;0x3c022008020f3157c1efffd5L
  1; 18;253;0x3c022008020f3197e9f6ffd6L
  1; 18;254;0x3c022008020f31d7d1f5ff97L
  1; 18;255;0x3c022008020f321791ecffd8L
  1; 18;256;0x3c024008020f1297e5ddfffaL
  1; 20;  1;0x3c002008020f1a9741e0ffdaL
  1; 20;  2;0x3c002008020f1ad6b1c4ffdbL
  1; 20;  3;0x3c002008020f1b1701c2ffdcL
  1; 20;  4;0x3c002008020f1b575dddffddL
  1; 20;  5;0x3c002008020f1b9741c8ffdeL
  1; 20;  6;0x3c002008020f1bd711cdffdfL
  1; 20;  7;0x3c002008020f30175dc8ffd0L
  1; 20;  8;0x3c002008020f3057ade5ffd1L
  1; 20;  9;0x3c002008020f18979deaffd2L
  1; 20; 10;0x3c002008020f18d7a5f0ffd3L
  1; 20; 11;0x3c002008020f191769e5ffd4L
  1; 20; 12;0x3c002008020f195761f2ffd5L
  1; 20; 13;0x3c002008020f199775bcffd6L
  1; 20; 14;0x3c002008020f19d7e1ffff97L
  1; 20; 15;0x3c002008020f1a1789b2ffd8L
  1; 20; 16;0x3c004008020f129741e2fffaL
  1; 20; 17;0x3c004008020f12d695c3fffbL
  1; 20; 18;0x3c004008020f1316e9bdfffcL
  1; 20; 19;0x3c004008020f135755ddfffdL
  1; 20; 20;0x3c004008020f139739c2fffeL
  1; 20; 21;0x3c004008020f13d715c4ffffL
  1; 20; 22;0x3c004008020f101751c2fff0L
  1; 20; 23;0x3c004008020f105795e4fff1L
  1; 20; 24;0x3c004008020f109799e8fff2L
  1; 20; 25;0x3c004008020f10d7a9effff3L
  1; 20; 26;0x3c004008020f111751e5fff4L
  1; 20; 27;0x3c004008020f11576df3fff5L
  1; 20; 28;0x3c004008020f119781bcfff6L
  1; 20; 29;0x3c004008020f11d7d1ffffb7L
  1; 20; 30;0x3c004008020f12177dacfff8L
  1; 20; 31;0x3c006008020f329749e0ffdaL
  1; 20; 32;0x3c006008020f32d6b5c7ffdbL
  1; 20; 33;0x3c006008020f331709c3ffdcL
  1; 20; 34;0x3c006008020f33575ddeffddL
  1; 20; 35;0x3c006008020f339749c9ffdeL
  1; 20; 36;0x3c006008020f33d715ceffdfL
  1; 20; 37;0x3c006008020f301765cbffd0L
  1; 20; 38;0x3c006008020f3057ade6ffd1L
  1; 20; 39;0x3c006008020f30979debffd2L
  1; 20; 40;0x3c006008020f30d7a9f1ffd3L
  1; 20; 41;0x3c006008020f31176de5ffd4L
  1; 20; 42;0x3c006008020f31576df2ffd5L
  1; 20; 43;0x3c006008020f319779baffd6L
  1; 20; 44;0x3c006008020f31d7e5ffff97L
  1; 20; 45;0x3c006008020f32178db3ffd8L
  1; 20; 46;0x3c008008020f129741e3fffaL
  1; 20; 47;0x3c008008020f12d695c4fffbL
  1; 20; 48;0x3c008008020f1316f5c0fffcL
  1; 20; 49;0x3c008008020f135755dcfffdL
  1; 20; 50;0x3c008008020f13973dc2fffeL
  1; 20; 51;0x3c008008020f13d715c5ffffL
  1; 20; 52;0x3c008008020f101751c2fff0L
  1; 20; 53;0x3c008008020f105791e5fff1L
  1; 20; 54;0x3c008008020f109795e9fff2L
  1; 20; 55;0x3c008008020f10d7a9effff3L
  1; 20; 56;0x3c008008020f111759e5fff4L
  1; 20; 57;0x3c008008020f11576df2fff5L
  1; 20; 58;0x3c008008020f11977dbafff6L
  1; 20; 59;0x3c008008020f11d7c9feffb7L
  1; 20; 60;0x3c008008020f12177dabfff8L
  1; 20; 61;0x3c00a008020f329749e1ffdaL
  1; 20; 62;0x3c00a008020f32d6b5c3ffdbL
  1; 20; 63;0x3c00a008020f331701c5ffdcL
  1; 20; 64;0x3c00a008020f33575ddeffddL
  1; 20; 65;0x3c00a008020f339749c9ffdeL
  1; 20; 66;0x3c00a008020f33d711cdffdfL
  1; 20; 67;0x3c00a008020f301765cbffd0L
  1; 20; 68;0x3c00a008020f3057ade5ffd1L
  1; 20; 69;0x3c00a008020f30979deaffd2L
  1; 20; 70;0x3c00a008020f30d7a9f1ffd3L
  1; 20; 71;0x3c00a008020f31176de5ffd4L
  1; 20; 72;0x3c00a008020f31576df3ffd5L
  1; 20; 73;0x3c00a008020f319779bbffd6L
  1; 20; 74;0x3c00a008020f31d7e1ffff97L
  1; 20; 75;0x3c00a008020f321791b6ffd8L
  1; 20; 76;0x3c00c008020f129745e3fffaL
  1; 20; 77;0x3c00c008020f12d699c3fffbL
  1; 20; 78;0x3c00c008020f1316f1c1fffcL
  1; 20; 79;0x3c00c008020f135759ddfffdL
  1; 20; 80;0x3c00c008020f139741c4fffeL
  1; 20; 81;0x3c00c008020f13d71dc6ffffL
  1; 20; 82;0x3c00c008020f101755c4fff0L
  1; 20; 83;0x3c00c008020f105795e6fff1L
  1; 20; 84;0x3c00c008020f109799e9fff2L
  1; 20; 85;0x3c00c008020f10d7adf0fff3L
  1; 20; 86;0x3c00c008020f111755e6fff4L
  1; 20; 87;0x3c00c008020f11576df2fff5L
  1; 20; 88;0x3c00c008020f119781bbfff6L
  1; 20; 89;0x3c00c008020f11d7c9ffffb7L
  1; 20; 90;0x3c00c008020f121781aefff8L
  1; 20; 91;0x3c00e008020f329741dfffdaL
  1; 20; 92;0x3c00e008020f32d6b5c3ffdbL
  1; 20; 93;0x3c00e008020f331701c1ffdcL
  1; 20; 94;0x3c00e008020f335755ddffddL
  1; 20; 95;0x3c00e008020f339741c8ffdeL
  1; 20; 96;0x3c00e008020f33d70dcdffdfL
  1; 20; 97;0x3c00e008020f30175dc8ffd0L
  1; 20; 98;0x3c00e008020f3057a9e5ffd1L
  1; 20; 99;0x3c00e008020f30979deaffd2L
  1; 20;100;0x3c00e008020f30d7a5f0ffd3L
  1; 20;101;0x3c00e008020f311765e5ffd4L
  1; 20;102;0x3c00e008020f31575df2ffd5L
  1; 20;103;0x3c00e008020f319775baffd6L
  1; 20;104;0x3c00e008020f31d7d9ffff97L
  1; 20;105;0x3c00e008020f321785b1ffd8L
  1; 20;106;0x3c010008020f12974de3fffaL
  1; 20;107;0x3c010008020f12d699c6fffbL
  1; 20;108;0x3c010008020f1316f9c1fffcL
  1; 20;109;0x3c010008020f135765ddfffdL
  1; 20;110;0x3c010008020f139749c4fffeL
  1; 20;111;0x3c010008020f13d721c7ffffL
  1; 20;112;0x3c010008020f10175dc6fff0L
  1; 20;113;0x3c010008020f1057a1e6fff1L
  1; 20;114;0x3c010008020f109799eafff2L
  1; 20;115;0x3c010008020f10d7b1f1fff3L
  1; 20;116;0x3c010008020f111761e7fff4L
  1; 20;117;0x3c010008020f115771f3fff5L
  1; 20;118;0x3c010008020f119789c0fff6L
  1; 20;119;0x3c010008020f11d7d5ffffb7L
  1; 20;120;0x3c010008020f12178db1fff8L
  1; 20;121;0x3c012008020f329741dfffdaL
  1; 20;122;0x3c012008020f32d6b1c2ffdbL
  1; 20;123;0x3c012008020f3316f9c1ffdcL
  1; 20;124;0x3c012008020f335755deffddL
  1; 20;125;0x3c012008020f33973dc6ffdeL
  1; 20;126;0x3c012008020f33d70dccffdfL
  1; 20;127;0x3c012008020f301759c7ffd0L
  1; 20;128;0x3c012008020f3057ade5ffd1L
  1; 20;129;0x3c012008020f309799eaffd2L
  1; 20;130;0x3c012008020f30d7a5f0ffd3L
  1; 20;131;0x3c012008020f311765e4ffd4L
  1; 20;132;0x3c012008020f31575df2ffd5L
  1; 20;133;0x3c012008020f319771b8ffd6L
  1; 20;134;0x3c012008020f31d7ddffff97L
  1; 20;135;0x3c012008020f321785b2ffd8L
  1; 20;136;0x3c014008020f129755e3fffaL
  1; 20;137;0x3c014008020f12d6a5c7fffbL
  1; 20;138;0x3c014008020f1316f9c0fffcL
  1; 20;139;0x3c014008020f135765defffdL
  1; 20;140;0x3c014008020f139749c6fffeL
  1; 20;141;0x3c014008020f13d725caffffL
  1; 20;142;0x3c014008020f10175dc8fff0L
  1; 20;143;0x3c014008020f10579de7fff1L
  1; 20;144;0x3c014008020f10979deafff2L
  1; 20;145;0x3c014008020f10d7b1f0fff3L
  1; 20;146;0x3c014008020f111761e9fff4L
  1; 20;147;0x3c014008020f115775f3fff5L
  1; 20;148;0x3c014008020f11978dbefff6L
  1; 20;149;0x3c014008020f11d7d9ffffb7L
  1; 20;150;0x3c014008020f121791b1fff8L
  1; 20;151;0x3c016008020f329745dfffdaL
  1; 20;152;0x3c016008020f32d6a9c3ffdbL
  1; 20;153;0x3c016008020f3316fdc1ffdcL
  1; 20;154;0x3c016008020f335759ddffddL
  1; 20;155;0x3c016008020f339745c9ffdeL
  1; 20;156;0x3c016008020f33d711cdffdfL
  1; 20;157;0x3c016008020f30175dcaffd0L
  1; 20;158;0x3c016008020f3057a9e5ffd1L
  1; 20;159;0x3c016008020f30979debffd2L
  1; 20;160;0x3c016008020f30d7a5f1ffd3L
  1; 20;161;0x3c016008020f311769e5ffd4L
  1; 20;162;0x3c016008020f315769f2ffd5L
  1; 20;163;0x3c016008020f319771b9ffd6L
  1; 20;164;0x3c016008020f31d7ddffff97L
  1; 20;165;0x3c016008020f321789b3ffd8L
  1; 20;166;0x3c018008020f129741e2fffaL
  1; 20;167;0x3c018008020f12d699c3fffbL
  1; 20;168;0x3c018008020f1316e9bdfffcL
  1; 20;169;0x3c018008020f135755dcfffdL
  1; 20;170;0x3c018008020f13973dc3fffeL
  1; 20;171;0x3c018008020f13d70dc3ffffL
  1; 20;172;0x3c018008020f101751c3fff0L
  1; 20;173;0x3c018008020f105799e4fff1L
  1; 20;174;0x3c018008020f109795e9fff2L
  1; 20;175;0x3c018008020f10d7a9eefff3L
  1; 20;176;0x3c018008020f111751e6fff4L
  1; 20;177;0x3c018008020f11576df2fff5L
  1; 20;178;0x3c018008020f119781bafff6L
  1; 20;179;0x3c018008020f11d7cdfeffb7L
  1; 20;180;0x3c018008020f121779aefff8L
  1; 20;181;0x3c01a008020f329749e1ffdaL
  1; 20;182;0x3c01a008020f32d6b9c5ffdbL
  1; 20;183;0x3c01a008020f331701c4ffdcL
  1; 20;184;0x3c01a008020f33575ddfffddL
  1; 20;185;0x3c01a008020f33974dcaffdeL
  1; 20;186;0x3c01a008020f33d719cfffdfL
  1; 20;187;0x3c01a008020f301765cbffd0L
  1; 20;188;0x3c01a008020f3057ade6ffd1L
  1; 20;189;0x3c01a008020f3097a1eaffd2L
  1; 20;190;0x3c01a008020f30d7adf1ffd3L
  1; 20;191;0x3c01a008020f31176de6ffd4L
  1; 20;192;0x3c01a008020f31576df3ffd5L
  1; 20;193;0x3c01a008020f319779bbffd6L
  1; 20;194;0x3c01a008020f31d7e1ffff97L
  1; 20;195;0x3c01a008020f32178db5ffd8L
  1; 20;196;0x3c01c008020f129745e3fffaL
  1; 20;197;0x3c01c008020f12d68dc3fffbL
  1; 20;198;0x3c01c008020f1316f1bdfffcL
  1; 20;199;0x3c01c008020f135759defffdL
  1; 20;200;0x3c01c008020f139739c3fffeL
  1; 20;201;0x3c01c008020f13d70dc4ffffL
  1; 20;202;0x3c01c008020f101751c3fff0L
  1; 20;203;0x3c01c008020f105795e4fff1L
  1; 20;204;0x3c01c008020f109799e9fff2L
  1; 20;205;0x3c01c008020f10d7a9effff3L
  1; 20;206;0x3c01c008020f111755e4fff4L
  1; 20;207;0x3c01c008020f115765f2fff5L
  1; 20;208;0x3c01c008020f119781bbfff6L
  1; 20;209;0x3c01c008020f11d7cdffffb7L
  1; 20;210;0x3c01c008020f121779abfff8L
  1; 20;211;0x3c01e008020f32974de0ffdaL
  1; 20;212;0x3c01e008020f32d6b1c6ffdbL
  1; 20;213;0x3c01e008020f331709c3ffdcL
  1; 20;214;0x3c01e008020f335765e0ffddL
  1; 20;215;0x3c01e008020f33974dcbffdeL
  1; 20;216;0x3c01e008020f33d711d0ffdfL
  1; 20;217;0x3c01e008020f301765cbffd0L
  1; 20;218;0x3c01e008020f3057b5e7ffd1L
  1; 20;219;0x3c01e008020f30979debffd2L
  1; 20;220;0x3c01e008020f30d7adf1ffd3L
  1; 20;221;0x3c01e008020f311771e5ffd4L
  1; 20;222;0x3c01e008020f315769f3ffd5L
  1; 20;223;0x3c01e008020f319779bcffd6L
  1; 20;224;0x3c01e008020f31d7e1ffff97L
  1; 20;225;0x3c01e008020f321791b4ffd8L
  1; 20;226;0x3c020008020f129749e3fffaL
  1; 20;227;0x3c020008020f12d699c4fffbL
  1; 20;228;0x3c020008020f1316edc0fffcL
  1; 20;229;0x3c020008020f135759defffdL
  1; 20;230;0x3c020008020f13974dc4fffeL
  1; 20;231;0x3c020008020f13d719c5ffffL
  1; 20;232;0x3c020008020f101759c5fff0L
  1; 20;233;0x3c020008020f10579de5fff1L
  1; 20;234;0x3c020008020f109799e9fff2L
  1; 20;235;0x3c020008020f10d7adeffff3L
  1; 20;236;0x3c020008020f111759e6fff4L
  1; 20;237;0x3c020008020f11576df2fff5L
  1; 20;238;0x3c020008020f119781bdfff6L
  1; 20;239;0x3c020008020f11d7d1ffffb7L
  1; 20;240;0x3c020008020f121789adfff8L
  1; 20;241;0x3c022008020f329749e1ffdaL
  1; 20;242;0x3c022008020f32d6b1c3ffdbL
  1; 20;243;0x3c022008020f331701c4ffdcL
  1; 20;244;0x3c022008020f335759ddffddL
  1; 20;245;0x3c022008020f339741c8ffdeL
  1; 20;246;0x3c022008020f33d711cdffdfL
  1; 20;247;0x3c022008020f301761ccffd0L
  1; 20;248;0x3c022008020f3057ade5ffd1L
  1; 20;249;0x3c022008020f30979deaffd2L
  1; 20;250;0x3c022008020f30d7a9f0ffd3L
  1; 20;251;0x3c022008020f311769e4ffd4L
  1; 20;252;0x3c022008020f315765f2ffd5L
  1; 20;253;0x3c022008020f319775b9ffd6L
  1; 20;254;0x3c022008020f31d7e5ffff97L
  1; 20;255;0x3c022008020f321789b4ffd8L
  1; 20;256;0x3c024008020f12974de4fffaL
