Link ID; Channel ID; Line; Data 
  1; 15;  1;0xb1fcffc43c000008020f015725f0ffc5L
  1; 15;  2;0x25f0ffc53c000008020f0197adf0ffc6L
  1; 15;  3;0xadf0ffc63c000008020f29d6e1ceffc7L
  1; 15;  4;0xe1ceffc73c000008020f2a1785d1ffc8L
  1; 15;  5;0x85d1ffc83c000008020f2a56a5e1ffc9L
  1; 15;  6;0xa5e1ffc93c000008020f2a9779f0ffcaL
  1; 15;  7;0xbcbcbcbc3c000008020f33178dd2ffdcL
  1; 15;  8;0x8dd2ffdc3c000008020f335701d2ffddL
  1; 15;  9;0x1d2ffdd3c000008020f33971dd0ffdeL
  1; 15; 10;0x1dd0ffde3c000008020f33d731ddffdfL
  1; 15; 11;0x31ddffdf3c000008020f301739d6ffd0L
  1; 15; 12;0x39d6ffd03c000008020f30576de7ffd1L
  1; 15; 13;0x6de7ffd13c000008020f309789e2ffd2L
  1; 15; 14;0x89e2ffd23c000008020f30d765ddffd3L
  1; 15; 15;0x65ddffd33c000008020f3117adfeffd4L
  1; 15; 16;0xadfeffd43c000008020f315739f0ffd5L
  1; 15; 17;0x39f0ffd53c000008020f3197adf0ffd6L
  1; 15; 18;0xadf0ffd63c000008020f31d6e1c9ffd7L
  1; 15; 19;0xe1c9ffd73c000008020f321785d4ffd8L
  1; 15; 20;0x85d4ffd83c000008020f3256b1e3ffd9L
  1; 15; 21;0xb1e3ffd93c000008020f329769f2ffdaL
  1; 15; 22;0xbcbcbcbc3c000008020f3b177dd4ffecL
  1; 15; 23;0x7dd4ffec3c000008020f3b5705cdffedL
  1; 15; 24;0x5cdffed3c000008020f3b9729d5ffeeL
  1; 15; 25;0x29d5ffee3c000008020f3bd72dd6ffefL
  1; 15; 26;0x2dd6ffef3c000008020f38174dd4ffe0L
  1; 15; 27;0x4dd4ffe03c000008020f385765e2ffe1L
  1; 15; 28;0x65e2ffe13c000008020f38976de0ffe2L
  1; 15; 29;0x6de0ffe23c000008020f38d755d9ffe3L
  1; 15; 30;0x55d9ffe33c000008020f391795fcffe4L
  1; 15; 31;0x95fcffe43c000008020f39570defffe5L
  1; 15; 32;0xdefffe53c000008020f3997a5efffe6L
  1; 15; 33;0xa5efffe63c000008020f39d6d1caffe7L
  1; 15; 34;0xd1caffe73c000008020f3a1779d3ffe8L
  1; 15; 35;0x79d3ffe83c000008020f3a569ddeffe9L
  1; 15; 36;0x9ddeffe93c000008020f3a9765f1ffeaL
  1; 15; 37;0xbcbcbcbc3c000008020f2b1789d4fffcL
  1; 15; 38;0x89d4fffc3c000008020f2b56fdcafffdL
  1; 15; 39;0xfdcafffd3c000008020f2b9729cffffeL
  1; 15; 40;0x29cffffe3c000008020f2bd731d7ffffL
  1; 15; 41;0x31d7ffff3c000008020f001741cefff0L
  1; 15; 42;0x41cefff03c000008020f005759e2fff1L
  1; 15; 43;0x59e2fff13c000008020f009771defff2L
  1; 15; 44;0x71defff23c000008020f00d74dd9fff3L
  1; 15; 45;0x4dd9fff33c000008020f011799fbfff4L
  1; 15; 46;0x99fbfff43c000008020f01570deefff5L
  1; 15; 47;0xdeefff53c000008020f0197a1edfff6L
  1; 15; 48;0xa1edfff63c000008020f29d6d5cafff7L
  1; 15; 49;0xd5cafff73c000008020f2a1771d1fff8L
  1; 15; 50;0x71d1fff83c000008020f2a5681defff9L
  1; 15; 51;0x81defff93c000008020f2a9761edfffaL
  1; 15; 52;0xbcbcbcbc3c000008020f331795d7ffccL
  1; 15; 53;0x95d7ffcc3c000008020f335719cfffcdL
  1; 15; 54;0x19cfffcd3c000008020f339725d3ffceL
  1; 15; 55;0x25d3ffce3c000008020f33d741d9ffcfL
  1; 15; 56;0x41d9ffcf3c000008020f301749d8ffc0L
  1; 15; 57;0x49d8ffc03c000008020f305781e4ffc1L
  1; 15; 58;0x81e4ffc13c000008020f309771e1ffc2L
  1; 15; 59;0x71e1ffc23c000008020f30d779deffc3L
  1; 15; 60;0x79deffc33c000008020f3117b5fdffc4L
  1; 15; 61;0xb5fdffc43c000008020f31572df0ffc5L
  1; 15; 62;0x2df0ffc53c000008020f3197b1f0ffc6L
  1; 15; 63;0xb1f0ffc63c000008020f31d6e5cdffc7L
  1; 15; 64;0xe5cdffc73c000008020f321785d1ffc8L
  1; 15; 65;0x85d1ffc83c000008020f3256a9e1ffc9L
  1; 15; 66;0xa9e1ffc93c000008020f329775f0ffcaL
  1; 15; 67;0xbcbcbcbc3c000008020f3b178dd4ffdcL
  1; 15; 68;0x8dd4ffdc3c000008020f3b570dd2ffddL
  1; 15; 69;0xdd2ffdd3c000008020f3b9725d1ffdeL
  1; 15; 70;0x25d1ffde3c000008020f3bd735deffdfL
  1; 15; 71;0x35deffdf3c000008020f381749d6ffd0L
  1; 15; 72;0x49d6ffd03c000008020f385771e6ffd1L
  1; 15; 73;0x71e6ffd13c000008020f389781e2ffd2L
  1; 15; 74;0x81e2ffd23c000008020f38d76ddcffd3L
  1; 15; 75;0x6ddcffd33c000008020f3917a9fdffd4L
  1; 15; 76;0xa9fdffd43c000008020f395739f0ffd5L
  1; 15; 77;0x39f0ffd53c000008020f3997b1f0ffd6L
  1; 15; 78;0xb1f0ffd63c000008020f39d6edcbffd7L
  1; 15; 79;0xedcbffd73c000008020f3a178dd5ffd8L
  1; 15; 80;0x8dd5ffd83c000008020f3a56b5e3ffd9L
  1; 15; 81;0xb5e3ffd93c000008020f3a976df1ffdaL
  1; 15; 82;0xbcbcbcbc3c000008020f2b177dd6ffecL
  1; 15; 83;0x7dd6ffec3c000008020f2b5709d0ffedL
  1; 15; 84;0x9d0ffed3c000008020f2b9731d7ffeeL
  1; 15; 85;0x31d7ffee3c000008020f2bd739d8ffefL
  1; 15; 86;0x39d8ffef3c000008020f001759d5ffe0L
  1; 15; 87;0x59d5ffe03c000008020f005769e3ffe1L
  1; 15; 88;0x69e3ffe13c000008020f009775e0ffe2L
  1; 15; 89;0x75e0ffe23c000008020f00d761dbffe3L
  1; 15; 90;0x61dbffe33c000008020f0117a1feffe4L
  1; 15; 91;0xa1feffe43c000008020f015719efffe5L
  1; 15; 92;0x19efffe53c000008020f0197adf0ffe6L
  1; 15; 93;0xadf0ffe63c000008020f29d6ddccffe7L
  1; 15; 94;0xddccffe73c000008020f2a1781d6ffe8L
  1; 15; 95;0x81d6ffe83c000008020f2a56a1e1ffe9L
  1; 15; 96;0xa1e1ffe93c000008020f2a9771f2ffeaL
  1; 15; 97;0xbcbcbcbc3c000008020f331785d2fffcL
  1; 15; 98;0x85d2fffc3c000008020f3356fdcbfffdL
  1; 15; 99;0xfdcbfffd3c000008020f339729cffffeL
  1; 15;100;0x29cffffe3c000008020f33d735d6ffffL
  1; 15;101;0x35d6ffff3c000008020f30173dcefff0L
  1; 15;102;0x3dcefff03c000008020f30575de2fff1L
  1; 15;103;0x5de2fff13c000008020f30976dddfff2L
  1; 15;104;0x6dddfff23c000008020f30d751dafff3L
  1; 15;105;0x51dafff33c000008020f311799fbfff4L
  1; 15;106;0x99fbfff43c000008020f315711effff5L
  1; 15;107;0x11effff53c000008020f3197a5edfff6L
  1; 15;108;0xa5edfff63c000008020f31d6d5ccfff7L
  1; 15;109;0xd5ccfff73c000008020f321775d2fff8L
  1; 15;110;0x75d2fff83c000008020f325681dffff9L
  1; 15;111;0x81dffff93c000008020f329765eefffaL
  1; 15;112;0xbcbcbcbc3c000008020f3b1789d5ffccL
  1; 15;113;0x89d5ffcc3c000008020f3b5711ccffcdL
  1; 15;114;0x11ccffcd3c000008020f3b9725d2ffceL
  1; 15;115;0x25d2ffce3c000008020f3bd741d7ffcfL
  1; 15;116;0x41d7ffcf3c000008020f381745d5ffc0L
  1; 15;117;0x45d5ffc03c000008020f385775e2ffc1L
  1; 15;118;0x75e2ffc13c000008020f389771e3ffc2L
  1; 15;119;0x71e3ffc23c000008020f38d771ddffc3L
  1; 15;120;0x71ddffc33c000008020f3917b5fcffc4L
  1; 15;121;0xb5fcffc43c000008020f395729eeffc5L
  1; 15;122;0x29eeffc53c000008020f3997b1f0ffc6L
  1; 15;123;0xb1f0ffc63c000008020f39d6d9ceffc7L
  1; 15;124;0xd9ceffc73c000008020f3a1789d1ffc8L
  1; 15;125;0x89d1ffc83c000008020f3a56a1e1ffc9L
  1; 15;126;0xa1e1ffc93c000008020f3a9771efffcaL
  1; 15;127;0xbcbcbcbc3c000008020f2b178dd3ffdcL
  1; 15;128;0x8dd3ffdc3c000008020f2b5709d1ffddL
  1; 15;129;0x9d1ffdd3c000008020f2b9725d1ffdeL
  1; 15;130;0x25d1ffde3c000008020f2bd735ddffdfL
  1; 15;131;0x35ddffdf3c000008020f001745d6ffd0L
  1; 15;132;0x45d6ffd03c000008020f005771e7ffd1L
  1; 15;133;0x71e7ffd13c000008020f009785e1ffd2L
  1; 15;134;0x85e1ffd23c000008020f00d765ddffd3L
  1; 15;135;0x65ddffd33c000008020f0117a5fdffd4L
  1; 15;136;0xa5fdffd43c000008020f015739f0ffd5L
  1; 15;137;0x39f0ffd53c000008020f0197adf0ffd6L
  1; 15;138;0xadf0ffd63c000008020f29d6e5cbffd7L
  1; 15;139;0xe5cbffd73c000008020f2a1785d4ffd8L
  1; 15;140;0x85d4ffd83c000008020f2a56b1e2ffd9L
  1; 15;141;0xb1e2ffd93c000008020f2a976df1ffdaL
  1; 15;142;0xbcbcbcbc3c000008020f331785d7ffecL
  1; 15;143;0x85d7ffec3c000008020f33570dd1ffedL
  1; 15;144;0xdd1ffed3c000008020f33972dd8ffeeL
  1; 15;145;0x2dd8ffee3c000008020f33d739d9ffefL
  1; 15;146;0x39d9ffef3c000008020f301759d8ffe0L
  1; 15;147;0x59d8ffe03c000008020f30576de3ffe1L
  1; 15;148;0x6de3ffe13c000008020f309779e0ffe2L
  1; 15;149;0x79e0ffe23c000008020f30d761ddffe3L
  1; 15;150;0x61ddffe33c000008020f3117a5feffe4L
  1; 15;151;0xa5feffe43c000008020f315719f0ffe5L
  1; 15;152;0x19f0ffe53c000008020f3197b1f0ffe6L
  1; 15;153;0xb1f0ffe63c000008020f31d6ddcdffe7L
  1; 15;154;0xddcdffe73c000008020f321785d7ffe8L
  1; 15;155;0x85d7ffe83c000008020f3256a5e1ffe9L
  1; 15;156;0xa5e1ffe93c000008020f329775f1ffeaL
  1; 15;157;0xbcbcbcbc3c000008020f3b178dd5fffcL
  1; 15;158;0x8dd5fffc3c000008020f3b5701cefffdL
  1; 15;159;0x1cefffd3c000008020f3b9731d2fffeL
  1; 15;160;0x31d2fffe3c000008020f3bd739d7ffffL
  1; 15;161;0x39d7ffff3c000008020f381749d1fff0L
  1; 15;162;0x49d1fff03c000008020f385761e5fff1L
  1; 15;163;0x61e5fff13c000008020f389779dffff2L
  1; 15;164;0x79dffff23c000008020f38d755dafff3L
  1; 15;165;0x55dafff33c000008020f39179dfcfff4L
  1; 15;166;0x9dfcfff43c000008020f395715effff5L
  1; 15;167;0x15effff53c000008020f3997a9eefff6L
  1; 15;168;0xa9eefff63c000008020f39d6d9cdfff7L
  1; 15;169;0xd9cdfff73c000008020f3a177dd5fff8L
  1; 15;170;0x7dd5fff83c000008020f3a5685e1fff9L
  1; 15;171;0x85e1fff93c000008020f3a9769eefffaL
  1; 15;172;0xbcbcbcbc3c000008020f2b178dd4ffccL
  1; 15;173;0x8dd4ffcc3c000008020f2b5711cfffcdL
  1; 15;174;0x11cfffcd3c000008020f2b9721d1ffceL
  1; 15;175;0x21d1ffce3c000008020f2bd73dd7ffcfL
  1; 15;176;0x3dd7ffcf3c000008020f001745d5ffc0L
  1; 15;177;0x45d5ffc03c000008020f005775e1ffc1L
  1; 15;178;0x75e1ffc13c000008020f009765e1ffc2L
  1; 15;179;0x65e1ffc23c000008020f00d76ddbffc3L
  1; 15;180;0x6ddbffc33c000008020f0117adfcffc4L
  1; 15;181;0xadfcffc43c000008020f015729efffc5L
  1; 15;182;0x29efffc53c000008020f0197a9efffc6L
  1; 15;183;0xa9efffc63c000008020f29d6ddcdffc7L
  1; 15;184;0xddcdffc73c000008020f2a1781d1ffc8L
  1; 15;185;0x81d1ffc83c000008020f2a56a1e1ffc9L
  1; 15;186;0xa1e1ffc93c000008020f2a9771efffcaL
  1; 15;187;0xbcbcbcbc3c000008020f331789d1ffdcL
  1; 15;188;0x89d1ffdc3c000008020f335701d0ffddL
  1; 15;189;0x1d0ffdd3c000008020f339719cfffdeL
  1; 15;190;0x19cfffde3c000008020f33d731dcffdfL
  1; 15;191;0x31dcffdf3c000008020f301739d6ffd0L
  1; 15;192;0x39d6ffd03c000008020f305769e5ffd1L
  1; 15;193;0x69e5ffd13c000008020f309781e0ffd2L
  1; 15;194;0x81e0ffd23c000008020f30d769dcffd3L
  1; 15;195;0x69dcffd33c000008020f3117a5fcffd4L
  1; 15;196;0xa5fcffd43c000008020f315731f0ffd5L
  1; 15;197;0x31f0ffd53c000008020f3197a9efffd6L
  1; 15;198;0xa9efffd63c000008020f31d6e5caffd7L
  1; 15;199;0xe5caffd73c000008020f321785d2ffd8L
  1; 15;200;0x85d2ffd83c000008020f3256ade2ffd9L
  1; 15;201;0xade2ffd93c000008020f329765f0ffdaL
  1; 15;202;0xbcbcbcbc3c000008020f3b177dd4ffecL
  1; 15;203;0x7dd4ffec3c000008020f3b5709d2ffedL
  1; 15;204;0x9d2ffed3c000008020f3b9729d6ffeeL
  1; 15;205;0x29d6ffee3c000008020f3bd735d9ffefL
  1; 15;206;0x35d9ffef3c000008020f38175dd7ffe0L
  1; 15;207;0x5dd7ffe03c000008020f38576de4ffe1L
  1; 15;208;0x6de4ffe13c000008020f389775e1ffe2L
  1; 15;209;0x75e1ffe23c000008020f38d761daffe3L
  1; 15;210;0x61daffe33c000008020f3917a1fdffe4L
  1; 15;211;0xa1fdffe43c000008020f395721f1ffe5L
  1; 15;212;0x21f1ffe53c000008020f3997adf0ffe6L
  1; 15;213;0xadf0ffe63c000008020f39d6ddcdffe7L
  1; 15;214;0xddcdffe73c000008020f3a1781d5ffe8L
  1; 15;215;0x81d5ffe83c000008020f3a56a5e1ffe9L
  1; 15;216;0xa5e1ffe93c000008020f3a9775f1ffeaL
  1; 15;217;0xbcbcbcbc3c000008020f2b1789d4fffcL
  1; 15;218;0x89d4fffc3c000008020f2b5701cbfffdL
  1; 15;219;0x1cbfffd3c000008020f2b9731cffffeL
  1; 15;220;0x31cffffe3c000008020f2bd741d7ffffL
  1; 15;221;0x41d7ffff3c000008020f001749d1fff0L
  1; 15;222;0x49d1fff03c000008020f005761e4fff1L
  1; 15;223;0x61e4fff13c000008020f00977ddffff2L
  1; 15;224;0x7ddffff23c000008020f00d759d9fff3L
  1; 15;225;0x59d9fff33c000008020f0117a1fcfff4L
  1; 15;226;0xa1fcfff43c000008020f015715effff5L
  1; 15;227;0x15effff53c000008020f0197a5eefff6L
  1; 15;228;0xa5eefff63c000008020f29d6ddcdfff7L
  1; 15;229;0xddcdfff73c000008020f2a1781d4fff8L
  1; 15;230;0x81d4fff83c000008020f2a568de0fff9L
  1; 15;231;0x8de0fff93c000008020f2a9769eefffaL
  1; 15;232;0xbcbcbcbc3c000008020f331791d8ffccL
  1; 15;233;0x91d8ffcc3c000008020f335715ceffcdL
  1; 15;234;0x15ceffcd3c000008020f33972dd2ffceL
  1; 15;235;0x2dd2ffce3c000008020f33d745d9ffcfL
  1; 15;236;0x45d9ffcf3c000008020f301745d8ffc0L
  1; 15;237;0x45d8ffc03c000008020f30577de3ffc1L
  1; 15;238;0x7de3ffc13c000008020f309779e3ffc2L
  1; 15;239;0x79e3ffc23c000008020f30d779e0ffc3L
  1; 15;240;0x79e0ffc33c000008020f3117b9fdffc4L
  1; 15;241;0xb9fdffc43c000008020f31572df0ffc5L
  1; 15;242;0x2df0ffc53c000008020f3197b1f1ffc6L
  1; 15;243;0xb1f1ffc63c000008020f31d6e5cdffc7L
  1; 15;244;0xe5cdffc73c000008020f321785d3ffc8L
  1; 15;245;0x85d3ffc83c000008020f3256a5e1ffc9L
  1; 15;246;0xa5e1ffc93c000008020f32977df0ffcaL
  1; 15;247;0xbcbcbcbc3c000008020f3b1785d0ffdcL
  1; 15;248;0x85d0ffdc3c000008020f3b5705d0ffddL
  1; 15;249;0x5d0ffdd3c000008020f3b9719cfffdeL
  1; 15;250;0x19cfffde3c000008020f3bd729dcffdfL
  1; 15;251;0x29dcffdf3c000008020f381739d6ffd0L
  1; 15;252;0x39d6ffd03c000008020f385765e5ffd1L
  1; 15;253;0x65e5ffd13c000008020f389785e0ffd2L
  1; 15;254;0x85e0ffd23c000008020f38d765daffd3L
  1; 15;255;0x65daffd33c000008020f3917a9fcffd4L
  1; 15;256;0xa9fcffd43c000008020f395731efffd5L
  1; 16;  1;0xbcbcbcbc3c000008020f2b1731d9ffecL
  1; 16;  2;0x31d9ffec3c000008020f2b56b1aeffedL
  1; 16;  3;0xb1aeffed3c000008020f2b96cdd9ffeeL
  1; 16;  4;0xcdd9ffee3c000008020f2bd6518fffefL
  1; 16;  5;0x518fffef3c000008020f00164db2ffe0L
  1; 16;  6;0x4db2ffe03c000008020f0056d1d2ffe1L
  1; 16;  7;0xd1d2ffe13c000008020f009751bdffe2L
  1; 16;  8;0x51bdffe23c000008020f00d741ebffe3L
  1; 16;  9;0x41ebffe33c000008020f011755e7ffe4L
  1; 16; 10;0x55e7ffe43c000008020f015749e3ffe5L
  1; 16; 11;0x49e3ffe53c000008020f019769d6ffe6L
  1; 16; 12;0x69d6ffe63c000008020f29d715e9ffe7L
  1; 16; 13;0x15e9ffe73c000008020f2a16459affe8L
  1; 16; 14;0x459affe83c000008020f2a56dda1ffe9L
  1; 16; 15;0xdda1ffe93c000008020f2a96adb8ffeaL
  1; 16; 16;0xbcbcbcbc3c000008020f331725d6fffcL
  1; 16; 17;0x25d6fffc3c000008020f3356a5abfffdL
  1; 16; 18;0xa5abfffd3c000008020f3396b5d7fffeL
  1; 16; 19;0xb5d7fffe3c000008020f33d65192ffffL
  1; 16; 20;0x5192ffff3c000008020f301661b2fff0L
  1; 16; 21;0x61b2fff03c000008020f3056e1cdfff1L
  1; 16; 22;0xe1cdfff13c000008020f309755c0fff2L
  1; 16; 23;0x55c0fff23c000008020f30d731ebfff3L
  1; 16; 24;0x31ebfff33c000008020f311745e3fff4L
  1; 16; 25;0x45e3fff43c000008020f315745e5ffb5L
  1; 16; 26;0x45e5ffb53c000008020f31975dd1fff6L
  1; 16; 27;0x5dd1fff63c000008020f31d709e8fff7L
  1; 16; 28;0x9e8fff73c000008020f32162d99fff8L
  1; 16; 29;0x2d99fff83c000008020f3256dda5fff9L
  1; 16; 30;0xdda5fff93c000008020f32969db9fffaL
  1; 16; 31;0xbcbcbcbc3c000008020f3b1739dcffccL
  1; 16; 32;0x39dcffcc3c000008020f3b56b9afffcdL
  1; 16; 33;0xb9afffcd3c000008020f3b96d5d7ffceL
  1; 16; 34;0xd5d7ffce3c000008020f3bd6558effcfL
  1; 16; 35;0x558effcf3c000008020f381669b2ffc0L
  1; 16; 36;0x69b2ffc03c000008020f3856e9d0ffc1L
  1; 16; 37;0xe9d0ffc13c000008020f389755bdffc2L
  1; 16; 38;0x55bdffc23c000008020f38d73debffc3L
  1; 16; 39;0x3debffc33c000008020f391749e9ffc4L
  1; 16; 40;0x49e9ffc43c000008020f39574de5ffc5L
  1; 16; 41;0x4de5ffc53c000008020f399769d7ffc6L
  1; 16; 42;0x69d7ffc63c000008020f39d709e8ffc7L
  1; 16; 43;0x9e8ffc73c000008020f3a164d98ffc8L
  1; 16; 44;0x4d98ffc83c000008020f3a56f5a0ffc9L
  1; 16; 45;0xf5a0ffc93c000008020f3a96a5b8ffcaL
  1; 16; 46;0xbcbcbcbc3c000008020f2b1741dcffdcL
  1; 16; 47;0x41dcffdc3c000008020f2b56c9afffddL
  1; 16; 48;0xc9afffdd3c000008020f2b96d5daffdeL
  1; 16; 49;0xd5daffde3c000008020f2bd65997ffdfL
  1; 16; 50;0x5997ffdf3c000008020f001685b6ffd0L
  1; 16; 51;0x85b6ffd03c000008020f0056d5d1ffd1L
  1; 16; 52;0xd5d1ffd13c000008020f00976dc5ffd2L
  1; 16; 53;0x6dc5ffd23c000008020f00d741ecffd3L
  1; 16; 54;0x41ecffd33c000008020f01174de8ffd4L
  1; 16; 55;0x4de8ffd43c000008020f015749e5ff95L
  1; 16; 56;0x49e5ff953c000008020f019761d9ffd6L
  1; 16; 57;0x61d9ffd63c000008020f29d715e9ffd7L
  1; 16; 58;0x15e9ffd73c000008020f2a16459bffd8L
  1; 16; 59;0x459bffd83c000008020f2a56f9aaffd9L
  1; 16; 60;0xf9aaffd93c000008020f2a96b1bcffdaL
  1; 16; 61;0xbcbcbcbc3c000008020f331739dbffecL
  1; 16; 62;0x39dbffec3c000008020f3356b9b1ffedL
  1; 16; 63;0xb9b1ffed3c000008020f3396d5dbffeeL
  1; 16; 64;0xd5dbffee3c000008020f33d65993ffefL
  1; 16; 65;0x5993ffef3c000008020f301659b4ffe0L
  1; 16; 66;0x59b4ffe03c000008020f3056d5d3ffe1L
  1; 16; 67;0xd5d3ffe13c000008020f309755bfffe2L
  1; 16; 68;0x55bfffe23c000008020f30d741ecffe3L
  1; 16; 69;0x41ecffe33c000008020f31175de8ffe4L
  1; 16; 70;0x5de8ffe43c000008020f315745e7ffe5L
  1; 16; 71;0x45e7ffe53c000008020f319775d9ffe6L
  1; 16; 72;0x75d9ffe63c000008020f31d719e9ffe7L
  1; 16; 73;0x19e9ffe73c000008020f32164d9bffe8L
  1; 16; 74;0x4d9bffe83c000008020f3256e9a3ffe9L
  1; 16; 75;0xe9a3ffe93c000008020f3296b1baffeaL
  1; 16; 76;0xbcbcbcbc3c000008020f3b1735d8fffcL
  1; 16; 77;0x35d8fffc3c000008020f3b56b5adfffdL
  1; 16; 78;0xb5adfffd3c000008020f3b96b5dafffeL
  1; 16; 79;0xb5dafffe3c000008020f3bd65193ffffL
  1; 16; 80;0x5193ffff3c000008020f381665b3fff0L
  1; 16; 81;0x65b3fff03c000008020f3856e9cffff1L
  1; 16; 82;0xe9cffff13c000008020f389755c4fff2L
  1; 16; 83;0x55c4fff23c000008020f38d739ecfff3L
  1; 16; 84;0x39ecfff33c000008020f391749e5fff4L
  1; 16; 85;0x49e5fff43c000008020f39574de6fff5L
  1; 16; 86;0x4de6fff53c000008020f399769d3fff6L
  1; 16; 87;0x69d3fff63c000008020f39d711e9fff7L
  1; 16; 88;0x11e9fff73c000008020f3a16399afff8L
  1; 16; 89;0x399afff83c000008020f3a56e9a8fff9L
  1; 16; 90;0xe9a8fff93c000008020f3a96adbcfffaL
  1; 16; 91;0xbcbcbcbc3c000008020f2b1731dbffccL
  1; 16; 92;0x31dbffcc3c000008020f2b56b1b1ffcdL
  1; 16; 93;0xb1b1ffcd3c000008020f2b96d5d6ffceL
  1; 16; 94;0xd5d6ffce3c000008020f2bd65d8fffcfL
  1; 16; 95;0x5d8fffcf3c000008020f001665b2ffc0L
  1; 16; 96;0x65b2ffc03c000008020f0056e9d0ffc1L
  1; 16; 97;0xe9d0ffc13c000008020f00974dbeffc2L
  1; 16; 98;0x4dbeffc23c000008020f00d735ecffc3L
  1; 16; 99;0x35ecffc33c000008020f01174de8ffc4L
  1; 16;100;0x4de8ffc43c000008020f01574de6ff85L
  1; 16;101;0x4de6ff853c000008020f019765d9ffc6L
  1; 16;102;0x65d9ffc63c000008020f29d701e9ffc7L
  1; 16;103;0x1e9ffc73c000008020f2a164999ffc8L
  1; 16;104;0x4999ffc83c000008020f2a56f5a1ffc9L
  1; 16;105;0xf5a1ffc93c000008020f2a96b1baffcaL
  1; 16;106;0xbcbcbcbc3c000008020f331739d8ffdcL
  1; 16;107;0x39d8ffdc3c000008020f3356c1afffddL
  1; 16;108;0xc1afffdd3c000008020f3396c9d9ffdeL
  1; 16;109;0xc9d9ffde3c000008020f33d65995ffdfL
  1; 16;110;0x5995ffdf3c000008020f301679b1ffd0L
  1; 16;111;0x79b1ffd03c000008020f3056d1cdffd1L
  1; 16;112;0xd1cdffd13c000008020f309769c2ffd2L
  1; 16;113;0x69c2ffd23c000008020f30d731eaffd3L
  1; 16;114;0x31eaffd33c000008020f31174de6ffd4L
  1; 16;115;0x4de6ffd43c000008020f315745e3ff95L
  1; 16;116;0x45e3ff953c000008020f319759d7ffd6L
  1; 16;117;0x59d7ffd63c000008020f31d705e5ffd7L
  1; 16;118;0x5e5ffd73c000008020f32163599ffd8L
  1; 16;119;0x3599ffd83c000008020f3256f1a8ffd9L
  1; 16;120;0xf1a8ffd93c000008020f3296adbbffdaL
  1; 16;121;0xbcbcbcbc3c000008020f3b1739daffecL
  1; 16;122;0x39daffec3c000008020f3b56b9b0ffedL
  1; 16;123;0xb9b0ffed3c000008020f3b96d5daffeeL
  1; 16;124;0xd5daffee3c000008020f3bd65592ffefL
  1; 16;125;0x5592ffef3c000008020f381651b2ffe0L
  1; 16;126;0x51b2ffe03c000008020f3856d1d3ffe1L
  1; 16;127;0xd1d3ffe13c000008020f389755c0ffe2L
  1; 16;128;0x55c0ffe23c000008020f38d741ebffe3L
  1; 16;129;0x41ebffe33c000008020f391759e7ffe4L
  1; 16;130;0x59e7ffe43c000008020f395749e4ffe5L
  1; 16;131;0x49e4ffe53c000008020f39976dd7ffe6L
  1; 16;132;0x6dd7ffe63c000008020f39d715e8ffe7L
  1; 16;133;0x15e8ffe73c000008020f3a164d9bffe8L
  1; 16;134;0x4d9bffe83c000008020f3a56e5a1ffe9L
  1; 16;135;0xe5a1ffe93c000008020f3a96b5bcffeaL
  1; 16;136;0xbcbcbcbc3c000008020f2b1731d8fffcL
  1; 16;137;0x31d8fffc3c000008020f2b56b9acfffdL
  1; 16;138;0xb9acfffd3c000008020f2b96c1d9fffeL
  1; 16;139;0xc1d9fffe3c000008020f2bd65d95ffffL
  1; 16;140;0x5d95ffff3c000008020f001669b4fff0L
  1; 16;141;0x69b4fff03c000008020f0056e9cefff1L
  1; 16;142;0xe9cefff13c000008020f009751c5fff2L
  1; 16;143;0x51c5fff23c000008020f00d73decfff3L
  1; 16;144;0x3decfff33c000008020f011751e6fff4L
  1; 16;145;0x51e6fff43c000008020f015745e7fff5L
  1; 16;146;0x45e7fff53c000008020f019769d2fff6L
  1; 16;147;0x69d2fff63c000008020f29d719ebfff7L
  1; 16;148;0x19ebfff73c000008020f2a16399cfff8L
  1; 16;149;0x399cfff83c000008020f2a56eda9fff9L
  1; 16;150;0xeda9fff93c000008020f2a96b1bdfffaL
  1; 16;151;0xbcbcbcbc3c000008020f33173ddfffccL
  1; 16;152;0x3ddfffcc3c000008020f3356c5b2ffcdL
  1; 16;153;0xc5b2ffcd3c000008020f3396d5d9ffceL
  1; 16;154;0xd5d9ffce3c000008020f33d66190ffcfL
  1; 16;155;0x6190ffcf3c000008020f30166db5ffc0L
  1; 16;156;0x6db5ffc03c000008020f3056e9d1ffc1L
  1; 16;157;0xe9d1ffc13c000008020f30975dc1ffc2L
  1; 16;158;0x5dc1ffc23c000008020f30d745ecffc3L
  1; 16;159;0x45ecffc33c000008020f311755e9ffc4L
  1; 16;160;0x55e9ffc43c000008020f315751e8ffc5L
  1; 16;161;0x51e8ffc53c000008020f319769daffc6L
  1; 16;162;0x69daffc63c000008020f31d709e8ffc7L
  1; 16;163;0x9e8ffc73c000008020f32164d9affc8L
  1; 16;164;0x4d9affc83c000008020f325705a2ffc9L
  1; 16;165;0x5a2ffc93c000008020f3296b5b9ffcaL
  1; 16;166;0xbcbcbcbc3c000008020f3b1739d8ffdcL
  1; 16;167;0x39d8ffdc3c000008020f3b56b9aeffddL
  1; 16;168;0xb9aeffdd3c000008020f3b96c5d9ffdeL
  1; 16;169;0xc5d9ffde3c000008020f3bd64992ffdfL
  1; 16;170;0x4992ffdf3c000008020f381679b2ffd0L
  1; 16;171;0x79b2ffd03c000008020f3856cdcdffd1L
  1; 16;172;0xcdcdffd13c000008020f389765c3ffd2L
  1; 16;173;0x65c3ffd23c000008020f38d735ebffd3L
  1; 16;174;0x35ebffd33c000008020f391749e6ffd4L
  1; 16;175;0x49e6ffd43c000008020f395741e5ffd5L
  1; 16;176;0x41e5ffd53c000008020f39975dd8ffd6L
  1; 16;177;0x5dd8ffd63c000008020f39d709e7ffd7L
  1; 16;178;0x9e7ffd73c000008020f3a162d99ffd8L
  1; 16;179;0x2d99ffd83c000008020f3a56eda6ffd9L
  1; 16;180;0xeda6ffd93c000008020f3a96a9baffdaL
  1; 16;181;0xbcbcbcbc3c000008020f2b172dd7ffecL
  1; 16;182;0x2dd7ffec3c000008020f2b56adadffedL
  1; 16;183;0xadadffed3c000008020f2b96cdd8ffeeL
  1; 16;184;0xcdd8ffee3c000008020f2bd6518dffefL
  1; 16;185;0x518dffef3c000008020f001649b1ffe0L
  1; 16;186;0x49b1ffe03c000008020f0056cdcfffe1L
  1; 16;187;0xcdcfffe13c000008020f00974dbdffe2L
  1; 16;188;0x4dbdffe23c000008020f00d73de9ffe3L
  1; 16;189;0x3de9ffe33c000008020f011755e5ffe4L
  1; 16;190;0x55e5ffe43c000008020f01573de4ffe5L
  1; 16;191;0x3de4ffe53c000008020f019769d4ffe6L
  1; 16;192;0x69d4ffe63c000008020f29d701e7ffe7L
  1; 16;193;0x1e7ffe73c000008020f2a163d98ffe8L
  1; 16;194;0x3d98ffe83c000008020f2a56e19fffe9L
  1; 16;195;0xe19fffe93c000008020f2a96a1b7ffeaL
  1; 16;196;0xbcbcbcbc3c000008020f33173dd9fffcL
  1; 16;197;0x3dd9fffc3c000008020f3356b1aefffdL
  1; 16;198;0xb1aefffd3c000008020f3396c1d9fffeL
  1; 16;199;0xc1d9fffe3c000008020f33d66194ffffL
  1; 16;200;0x6194ffff3c000008020f301671b5fff0L
  1; 16;201;0x71b5fff03c000008020f3056edd0fff1L
  1; 16;202;0xedd0fff13c000008020f309755c3fff2L
  1; 16;203;0x55c3fff23c000008020f30d735edfff3L
  1; 16;204;0x35edfff33c000008020f311751e6fff4L
  1; 16;205;0x51e6fff43c000008020f315751e6fff5L
  1; 16;206;0x51e6fff53c000008020f31976dd3fff6L
  1; 16;207;0x6dd3fff63c000008020f31d71de9fff7L
  1; 16;208;0x1de9fff73c000008020f3216399bfff8L
  1; 16;209;0x399bfff83c000008020f3256fdaafff9L
  1; 16;210;0xfdaafff93c000008020f3296a1bcfffaL
  1; 16;211;0xbcbcbcbc3c000008020f3b1741ddffccL
  1; 16;212;0x41ddffcc3c000008020f3b56bdb1ffcdL
  1; 16;213;0xbdb1ffcd3c000008020f3b96ddd9ffceL
  1; 16;214;0xddd9ffce3c000008020f3bd66190ffcfL
  1; 16;215;0x6190ffcf3c000008020f381675b3ffc0L
  1; 16;216;0x75b3ffc03c000008020f3856f5d1ffc1L
  1; 16;217;0xf5d1ffc13c000008020f389755c2ffc2L
  1; 16;218;0x55c2ffc23c000008020f38d745edffc3L
  1; 16;219;0x45edffc33c000008020f391751e9ffc4L
  1; 16;220;0x51e9ffc43c000008020f395759e8ffc5L
  1; 16;221;0x59e8ffc53c000008020f399769daffc6L
  1; 16;222;0x69daffc63c000008020f39d709e9ffc7L
  1; 16;223;0x9e9ffc73c000008020f3a165598ffc8L
  1; 16;224;0x5598ffc83c000008020f3a56fda3ffc9L
  1; 16;225;0xfda3ffc93c000008020f3a96b1b9ffcaL
  1; 16;226;0xbcbcbcbc3c000008020f2b173dd8ffdcL
  1; 16;227;0x3dd8ffdc3c000008020f2b56c1afffddL
  1; 16;228;0xc1afffdd3c000008020f2b96d1d9ffdeL
  1; 16;229;0xd1d9ffde3c000008020f2bd65193ffdfL
  1; 16;230;0x5193ffdf3c000008020f001675b2ffd0L
  1; 16;231;0x75b2ffd03c000008020f0056d9d0ffd1L
  1; 16;232;0xd9d0ffd13c000008020f00976dc3ffd2L
  1; 16;233;0x6dc3ffd23c000008020f00d739ebffd3L
  1; 16;234;0x39ebffd33c000008020f011751e6ffd4L
  1; 16;235;0x51e6ffd43c000008020f015749e5ff95L
  1; 16;236;0x49e5ff953c000008020f019761d8ffd6L
  1; 16;237;0x61d8ffd63c000008020f29d711e8ffd7L
  1; 16;238;0x11e8ffd73c000008020f2a16359bffd8L
  1; 16;239;0x359bffd83c000008020f2a56f5a7ffd9L
  1; 16;240;0xf5a7ffd93c000008020f2a96a5bcffdaL
  1; 16;241;0xbcbcbcbc3c000008020f331729d8ffecL
  1; 16;242;0x29d8ffec3c000008020f3356adabffedL
  1; 16;243;0xadabffed3c000008020f3396c5d8ffeeL
  1; 16;244;0xc5d8ffee3c000008020f33d6498effefL
  1; 16;245;0x498effef3c000008020f30163db0ffe0L
  1; 16;246;0x3db0ffe03c000008020f3056c9d2ffe1L
  1; 16;247;0xc9d2ffe13c000008020f309751bcffe2L
  1; 16;248;0x51bcffe23c000008020f30d739e9ffe3L
  1; 16;249;0x39e9ffe33c000008020f311751e6ffe4L
  1; 16;250;0x51e6ffe43c000008020f31573de4ffe5L
  1; 16;251;0x3de4ffe53c000008020f319765d5ffe6L
  1; 16;252;0x65d5ffe63c000008020f31d709e7ffe7L
  1; 16;253;0x9e7ffe73c000008020f32163997ffe8L
  1; 16;254;0x3997ffe83c000008020f3256d99dffe9L
  1; 16;255;0xd99dffe93c000008020f3296a9b9ffeaL
  1; 16;256;0xbcbcbcbc3c000008020f3b1731d8fffcL
  1; 17;  1;0xbcbcbcbc3c000008020f3b16d9d1fffcL
  1; 17;  2;0xd9d1fffc3c000008020f3b5695d4fffdL
  1; 17;  3;0x95d4fffd3c000008020f3b9655a5fffeL
  1; 17;  4;0x55a5fffe3c000008020f3bd6d1a2ffffL
  1; 17;  5;0xd1a2ffff3c000008020f381765d4fff0L
  1; 17;  6;0x65d4fff03c000008020f3856b1c6fff1L
  1; 17;  7;0xb1c6fff13c000008020f389765cffff2L
  1; 17;  8;0x65cffff23c000008020f38d7b1d1fff3L
  1; 17;  9;0xb1d1fff33c000008020f391735e7fff4L
  1; 17; 10;0x35e7fff43c000008020f395709f0fff5L
  1; 17; 11;0x9f0fff53c000008020f399789f7fff6L
  1; 17; 12;0x89f7fff63c000008020f39d7a9e7fff7L
  1; 17; 13;0xa9e7fff73c000008020f3a1779cffff8L
  1; 17; 14;0x79cffff83c000008020f3a5729d4fff9L
  1; 17; 15;0x29d4fff93c000008020f3a9729dafffaL
  1; 17; 16;0xbcbcbcbc3c000008020f2b16c9d0ffccL
  1; 17; 17;0xc9d0ffcc3c000008020f2b56a5d3ffcdL
  1; 17; 18;0xa5d3ffcd3c000008020f2b9665a7ffceL
  1; 17; 19;0x65a7ffce3c000008020f2bd6dd9effcfL
  1; 17; 20;0xdd9effcf3c000008020f001759d3ffc0L
  1; 17; 21;0x59d3ffc03c000008020f0056adc7ffc1L
  1; 17; 22;0xadc7ffc13c000008020f00976dcfffc2L
  1; 17; 23;0x6dcfffc23c000008020f00d7add3ffc3L
  1; 17; 24;0xadd3ffc33c000008020f011725e9ffc4L
  1; 17; 25;0x25e9ffc43c000008020f0156f9eeffc5L
  1; 17; 26;0xf9eeffc53c000008020f019779f7ffc6L
  1; 17; 27;0x79f7ffc63c000008020f29d7a1e8ffc7L
  1; 17; 28;0xa1e8ffc73c000008020f2a1785d5ffc8L
  1; 17; 29;0x85d5ffc83c000008020f2a572dd4ffc9L
  1; 17; 30;0x2dd4ffc93c000008020f2a9725e0ffcaL
  1; 17; 31;0xbcbcbcbc3c000008020f3316b5cfffdcL
  1; 17; 32;0xb5cfffdc3c000008020f3356b1d7ffddL
  1; 17; 33;0xb1d7ffdd3c000008020f339651a6ffdeL
  1; 17; 34;0x51a6ffde3c000008020f33d6e9a1ffdfL
  1; 17; 35;0xe9a1ffdf3c000008020f30175dceffd0L
  1; 17; 36;0x5dceffd03c000008020f3056a9c6ffd1L
  1; 17; 37;0xa9c6ffd13c000008020f309765ceffd2L
  1; 17; 38;0x65ceffd23c000008020f30d7a5d3ffd3L
  1; 17; 39;0xa5d3ffd33c000008020f311725e3ffd4L
  1; 17; 40;0x25e3ffd43c000008020f3156f1efffd5L
  1; 17; 41;0xf1efffd53c000008020f319771f6ffd6L
  1; 17; 42;0x71f6ffd63c000008020f31d7a5eaffd7L
  1; 17; 43;0xa5eaffd73c000008020f321775d5ffd8L
  1; 17; 44;0x75d5ffd83c000008020f325721d1ffd9L
  1; 17; 45;0x21d1ffd93c000008020f329735e1ffdaL
  1; 17; 46;0xbcbcbcbc3c000008020f3b16ddd0ffecL
  1; 17; 47;0xddd0ffec3c000008020f3b56b5d7ffedL
  1; 17; 48;0xb5d7ffed3c000008020f3b9665a9ffeeL
  1; 17; 49;0x65a9ffee3c000008020f3bd6d9a6ffefL
  1; 17; 50;0xd9a6ffef3c000008020f381759d6ffe0L
  1; 17; 51;0x59d6ffe03c000008020f3856c9cbffe1L
  1; 17; 52;0xc9cbffe13c000008020f38977dd5ffe2L
  1; 17; 53;0x7dd5ffe23c000008020f38d7b1d4ffe3L
  1; 17; 54;0xb1d4ffe33c000008020f391735e8ffe4L
  1; 17; 55;0x35e8ffe43c000008020f3956e9efffe5L
  1; 17; 56;0xe9efffe53c000008020f399799f7ffe6L
  1; 17; 57;0x99f7ffe63c000008020f39d7a1eaffe7L
  1; 17; 58;0xa1eaffe73c000008020f3a1781d8ffe8L
  1; 17; 59;0x81d8ffe83c000008020f3a572dd7ffe9L
  1; 17; 60;0x2dd7ffe93c000008020f3a9731daffeaL
  1; 17; 61;0xbcbcbcbc3c000008020f2b16d5d2fffcL
  1; 17; 62;0xd5d2fffc3c000008020f2b569dd5fffdL
  1; 17; 63;0x9dd5fffd3c000008020f2b9665a6fffeL
  1; 17; 64;0x65a6fffe3c000008020f2bd6d5a4ffffL
  1; 17; 65;0xd5a4ffff3c000008020f001765d6fff0L
  1; 17; 66;0x65d6fff03c000008020f0056b1c9fff1L
  1; 17; 67;0xb1c9fff13c000008020f00976dd1fff2L
  1; 17; 68;0x6dd1fff23c000008020f00d7b5d3fff3L
  1; 17; 69;0xb5d3fff33c000008020f011739e8fff4L
  1; 17; 70;0x39e8fff43c000008020f015709effff5L
  1; 17; 71;0x9effff53c000008020f019785f7fff6L
  1; 17; 72;0x85f7fff63c000008020f29d7ade8fff7L
  1; 17; 73;0xade8fff73c000008020f2a1779d1fff8L
  1; 17; 74;0x79d1fff83c000008020f2a5731d4fff9L
  1; 17; 75;0x31d4fff93c000008020f2a9735dafffaL
  1; 17; 76;0xbcbcbcbc3c000008020f3316d1d1ffccL
  1; 17; 77;0xd1d1ffcc3c000008020f3356a5d5ffcdL
  1; 17; 78;0xa5d5ffcd3c000008020f339669a9ffceL
  1; 17; 79;0x69a9ffce3c000008020f33d6e99fffcfL
  1; 17; 80;0xe99fffcf3c000008020f30175dd5ffc0L
  1; 17; 81;0x5dd5ffc03c000008020f3056b5c8ffc1L
  1; 17; 82;0xb5c8ffc13c000008020f309771d0ffc2L
  1; 17; 83;0x71d0ffc23c000008020f30d7b1d4ffc3L
  1; 17; 84;0xb1d4ffc33c000008020f31172deaffc4L
  1; 17; 85;0x2deaffc43c000008020f315705efffc5L
  1; 17; 86;0x5efffc53c000008020f319785f8ffc6L
  1; 17; 87;0x85f8ffc63c000008020f31d7a9e9ffc7L
  1; 17; 88;0xa9e9ffc73c000008020f321789d4ffc8L
  1; 17; 89;0x89d4ffc83c000008020f325731d6ffc9L
  1; 17; 90;0x31d6ffc93c000008020f329725e1ffcaL
  1; 17; 91;0xbcbcbcbc3c000008020f3b16b9d1ffdcL
  1; 17; 92;0xb9d1ffdc3c000008020f3b56b1d8ffddL
  1; 17; 93;0xb1d8ffdd3c000008020f3b965da8ffdeL
  1; 17; 94;0x5da8ffde3c000008020f3bd6e9a0ffdfL
  1; 17; 95;0xe9a0ffdf3c000008020f381761d1ffd0L
  1; 17; 96;0x61d1ffd03c000008020f3856adc7ffd1L
  1; 17; 97;0xadc7ffd13c000008020f389769ceffd2L
  1; 17; 98;0x69ceffd23c000008020f38d7a5d2ffd3L
  1; 17; 99;0xa5d2ffd33c000008020f391735e5ffd4L
  1; 17;100;0x35e5ffd43c000008020f3956f9efffd5L
  1; 17;101;0xf9efffd53c000008020f399779f6ffd6L
  1; 17;102;0x79f6ffd63c000008020f39d7a9e9ffd7L
  1; 17;103;0xa9e9ffd73c000008020f3a1779d7ffd8L
  1; 17;104;0x79d7ffd83c000008020f3a5729d3ffd9L
  1; 17;105;0x29d3ffd93c000008020f3a9739e2ffdaL
  1; 17;106;0xbcbcbcbc3c000008020f2b16d1ccffecL
  1; 17;107;0xd1ccffec3c000008020f2b56a9d5ffedL
  1; 17;108;0xa9d5ffed3c000008020f2b9655a6ffeeL
  1; 17;109;0x55a6ffee3c000008020f2bd6cda1ffefL
  1; 17;110;0xcda1ffef3c000008020f00174dd4ffe0L
  1; 17;111;0x4dd4ffe03c000008020f0056b1c9ffe1L
  1; 17;112;0xb1c9ffe13c000008020f009771d1ffe2L
  1; 17;113;0x71d1ffe23c000008020f00d7b1d3ffe3L
  1; 17;114;0xb1d3ffe33c000008020f011729e7ffe4L
  1; 17;115;0x29e7ffe43c000008020f0156e1eeffe5L
  1; 17;116;0xe1eeffe53c000008020f01978df6ffe6L
  1; 17;117;0x8df6ffe63c000008020f29d7a1e9ffe7L
  1; 17;118;0xa1e9ffe73c000008020f2a177dd6ffe8L
  1; 17;119;0x7dd6ffe83c000008020f2a5721d2ffe9L
  1; 17;120;0x21d2ffe93c000008020f2a9729d8ffeaL
  1; 17;121;0xbcbcbcbc3c000008020f3316d9d1fffcL
  1; 17;122;0xd9d1fffc3c000008020f335695d2fffdL
  1; 17;123;0x95d2fffd3c000008020f339669a4fffeL
  1; 17;124;0x69a4fffe3c000008020f33d6d19effffL
  1; 17;125;0xd19effff3c000008020f30175dd4fff0L
  1; 17;126;0x5dd4fff03c000008020f3056b1c6fff1L
  1; 17;127;0xb1c6fff13c000008020f309765cffff2L
  1; 17;128;0x65cffff23c000008020f30d7b1d1fff3L
  1; 17;129;0xb1d1fff33c000008020f311731e6fff4L
  1; 17;130;0x31e6fff43c000008020f315705effff5L
  1; 17;131;0x5effff53c000008020f319785f7fff6L
  1; 17;132;0x85f7fff63c000008020f31d7a5e7fff7L
  1; 17;133;0xa5e7fff73c000008020f321779d1fff8L
  1; 17;134;0x79d1fff83c000008020f325731d6fff9L
  1; 17;135;0x31d6fff93c000008020f329731dbfffaL
  1; 17;136;0xbcbcbcbc3c000008020f3b16d5d1ffccL
  1; 17;137;0xd5d1ffcc3c000008020f3b56a9d6ffcdL
  1; 17;138;0xa9d6ffcd3c000008020f3b9669a9ffceL
  1; 17;139;0x69a9ffce3c000008020f3bd6eda1ffcfL
  1; 17;140;0xeda1ffcf3c000008020f381761d5ffc0L
  1; 17;141;0x61d5ffc03c000008020f3856b9c8ffc1L
  1; 17;142;0xb9c8ffc13c000008020f389771d1ffc2L
  1; 17;143;0x71d1ffc23c000008020f38d7add4ffc3L
  1; 17;144;0xadd4ffc33c000008020f39172deaffc4L
  1; 17;145;0x2deaffc43c000008020f395705eeffc5L
  1; 17;146;0x5eeffc53c000008020f399781f7ffc6L
  1; 17;147;0x81f7ffc63c000008020f39d7a9e8ffc7L
  1; 17;148;0xa9e8ffc73c000008020f3a178dd5ffc8L
  1; 17;149;0x8dd5ffc83c000008020f3a5731d8ffc9L
  1; 17;150;0x31d8ffc93c000008020f3a9725e2ffcaL
  1; 17;151;0xbcbcbcbc3c000008020f2b16bdd0ffdcL
  1; 17;152;0xbdd0ffdc3c000008020f2b56b5d8ffddL
  1; 17;153;0xb5d8ffdd3c000008020f2b9655a8ffdeL
  1; 17;154;0x55a8ffde3c000008020f2bd6eda6ffdfL
  1; 17;155;0xeda6ffdf3c000008020f001769d0ffd0L
  1; 17;156;0x69d0ffd03c000008020f0056b1c8ffd1L
  1; 17;157;0xb1c8ffd13c000008020f00976dd1ffd2L
  1; 17;158;0x6dd1ffd23c000008020f00d7a9d3ffd3L
  1; 17;159;0xa9d3ffd33c000008020f011731e6ffd4L
  1; 17;160;0x31e6ffd43c000008020f015705efffd5L
  1; 17;161;0x5efffd53c000008020f019779f5ffd6L
  1; 17;162;0x79f5ffd63c000008020f29d7a9eaffd7L
  1; 17;163;0xa9eaffd73c000008020f2a1781d7ffd8L
  1; 17;164;0x81d7ffd83c000008020f2a572dd4ffd9L
  1; 17;165;0x2dd4ffd93c000008020f2a9739e2ffdaL
  1; 17;166;0xbcbcbcbc3c000008020f3316d5cbffecL
  1; 17;167;0xd5cbffec3c000008020f3356a9d5ffedL
  1; 17;168;0xa9d5ffed3c000008020f339659a6ffeeL
  1; 17;169;0x59a6ffee3c000008020f33d6d1a4ffefL
  1; 17;170;0xd1a4ffef3c000008020f301751d5ffe0L
  1; 17;171;0x51d5ffe03c000008020f3056b5c8ffe1L
  1; 17;172;0xb5c8ffe13c000008020f309771d3ffe2L
  1; 17;173;0x71d3ffe23c000008020f30d7add4ffe3L
  1; 17;174;0xadd4ffe33c000008020f31172de7ffe4L
  1; 17;175;0x2de7ffe43c000008020f3156e1efffe5L
  1; 17;176;0xe1efffe53c000008020f319795f7ffe6L
  1; 17;177;0x95f7ffe63c000008020f31d79de9ffe7L
  1; 17;178;0x9de9ffe73c000008020f321779d4ffe8L
  1; 17;179;0x79d4ffe83c000008020f325725d5ffe9L
  1; 17;180;0x25d5ffe93c000008020f329729d8ffeaL
  1; 17;181;0xbcbcbcbc3c000008020f3b16d1cefffcL
  1; 17;182;0xd1cefffc3c000008020f3b5695d1fffdL
  1; 17;183;0x95d1fffd3c000008020f3b9655a3fffeL
  1; 17;184;0x55a3fffe3c000008020f3bd6cd9effffL
  1; 17;185;0xcd9effff3c000008020f38175dd3fff0L
  1; 17;186;0x5dd3fff03c000008020f3856a5c6fff1L
  1; 17;187;0xa5c6fff13c000008020f389761cdfff2L
  1; 17;188;0x61cdfff23c000008020f38d7b1d1fff3L
  1; 17;189;0xb1d1fff33c000008020f391729e6fff4L
  1; 17;190;0x29e6fff43c000008020f3956fdeefff5L
  1; 17;191;0xfdeefff53c000008020f399779f7fff6L
  1; 17;192;0x79f7fff63c000008020f39d79de6fff7L
  1; 17;193;0x9de6fff73c000008020f3a1775cffff8L
  1; 17;194;0x75cffff83c000008020f3a5725d2fff9L
  1; 17;195;0x25d2fff93c000008020f3a9725d9fffaL
  1; 17;196;0xbcbcbcbc3c000008020f2b16d1d0ffccL
  1; 17;197;0xd1d0ffcc3c000008020f2b56a5d5ffcdL
  1; 17;198;0xa5d5ffcd3c000008020f2b9669a7ffceL
  1; 17;199;0x69a7ffce3c000008020f2bd6e99fffcfL
  1; 17;200;0xe99fffcf3c000008020f001761d5ffc0L
  1; 17;201;0x61d5ffc03c000008020f0056b5c8ffc1L
  1; 17;202;0xb5c8ffc13c000008020f00976dceffc2L
  1; 17;203;0x6dceffc23c000008020f00d7b1d5ffc3L
  1; 17;204;0xb1d5ffc33c000008020f01172deaffc4L
  1; 17;205;0x2deaffc43c000008020f015705eeffc5L
  1; 17;206;0x5eeffc53c000008020f019779f7ffc6L
  1; 17;207;0x79f7ffc63c000008020f29d7a9e7ffc7L
  1; 17;208;0xa9e7ffc73c000008020f2a1789d4ffc8L
  1; 17;209;0x89d4ffc83c000008020f2a572dd6ffc9L
  1; 17;210;0x2dd6ffc93c000008020f2a9725dfffcaL
  1; 17;211;0xbcbcbcbc3c000008020f3316c1d3ffdcL
  1; 17;212;0xc1d3ffdc3c000008020f3356b9daffddL
  1; 17;213;0xb9daffdd3c000008020f339665a9ffdeL
  1; 17;214;0x65a9ffde3c000008020f33d6f1a2ffdfL
  1; 17;215;0xf1a2ffdf3c000008020f301769d0ffd0L
  1; 17;216;0x69d0ffd03c000008020f3056b5c8ffd1L
  1; 17;217;0xb5c8ffd13c000008020f30976dd1ffd2L
  1; 17;218;0x6dd1ffd23c000008020f30d7add3ffd3L
  1; 17;219;0xadd3ffd33c000008020f311735e6ffd4L
  1; 17;220;0x35e6ffd43c000008020f3156fdf0ffd5L
  1; 17;221;0xfdf0ffd53c000008020f319785f7ffd6L
  1; 17;222;0x85f7ffd63c000008020f31d7a9ebffd7L
  1; 17;223;0xa9ebffd73c000008020f32177dd7ffd8L
  1; 17;224;0x7dd7ffd83c000008020f325729d5ffd9L
  1; 17;225;0x29d5ffd93c000008020f329741e4ffdaL
  1; 17;226;0xbcbcbcbc3c000008020f3b16ddceffecL
  1; 17;227;0xddceffec3c000008020f3b56add7ffedL
  1; 17;228;0xadd7ffed3c000008020f3b9661a9ffeeL
  1; 17;229;0x61a9ffee3c000008020f3bd6d9a4ffefL
  1; 17;230;0xd9a4ffef3c000008020f38175dd4ffe0L
  1; 17;231;0x5dd4ffe03c000008020f3856c5cbffe1L
  1; 17;232;0xc5cbffe13c000008020f389775d4ffe2L
  1; 17;233;0x75d4ffe23c000008020f38d7b1d4ffe3L
  1; 17;234;0xb1d4ffe33c000008020f391735eaffe4L
  1; 17;235;0x35eaffe43c000008020f3956e9efffe5L
  1; 17;236;0xe9efffe53c000008020f399799f8ffe6L
  1; 17;237;0x99f8ffe63c000008020f39d7a5eaffe7L
  1; 17;238;0xa5eaffe73c000008020f3a177dd6ffe8L
  1; 17;239;0x7dd6ffe83c000008020f3a5731d5ffe9L
  1; 17;240;0x31d5ffe93c000008020f3a9731dbffeaL
  1; 17;241;0xbcbcbcbc3c000008020f2b16d5cffffcL
  1; 17;242;0xd5cffffc3c000008020f2b5691d2fffdL
  1; 17;243;0x91d2fffd3c000008020f2b965da1fffeL
  1; 17;244;0x5da1fffe3c000008020f2bd6d5a1ffffL
  1; 17;245;0xd5a1ffff3c000008020f001761d4fff0L
  1; 17;246;0x61d4fff03c000008020f0056a9c5fff1L
  1; 17;247;0xa9c5fff13c000008020f00975dccfff2L
  1; 17;248;0x5dccfff23c000008020f00d7add0fff3L
  1; 17;249;0xadd0fff33c000008020f011729e6fff4L
  1; 17;250;0x29e6fff43c000008020f015705eefff5L
  1; 17;251;0x5eefff53c000008020f019775f6fff6L
  1; 17;252;0x75f6fff63c000008020f29d7a1e7fff7L
  1; 17;253;0xa1e7fff73c000008020f2a1771cffff8L
  1; 17;254;0x71cffff83c000008020f2a5729d2fff9L
  1; 17;255;0x29d2fff93c000008020f2a972dd9fffaL
  1; 17;256;0xbcbcbcbc3c000008020f3316cdcfffccL
  1; 18;  1;0xbcbcbcbc3c000008020f3317c5edffccL
  1; 18;  2;0xc5edffcc3c000008020f3357ddfbffcdL
  1; 18;  3;0xddfbffcd3c000008020f3397fdffff8eL
  1; 18;  4;0xfdffff8e3c000008020f33d7a5f8ffcfL
  1; 18;  5;0xa5f8ffcf3c000008020f3017edfbffc0L
  1; 18;  6;0xedfbffc03c000008020f305775eeffc1L
  1; 18;  7;0x75eeffc13c000008020f3097cdf6ffc2L
  1; 18;  8;0xcdf6ffc23c000008020f30d7f5ffffc3L
  1; 18;  9;0xf5ffffc33c000008020f3117fdffffc4L
  1; 18; 10;0xfdffffc43c000008020f3157c1efffc5L
  1; 18; 11;0xc1efffc53c000008020f3197f1faffc6L
  1; 18; 12;0xf1faffc63c000008020f31d7d5f6ff87L
  1; 18; 13;0xd5f6ff873c000008020f3217bdf2ffc8L
  1; 18; 14;0xbdf2ffc83c000008020f3256f1ecffc9L
  1; 18; 15;0xf1ecffc93c000008020f3297e9eeffcaL
  1; 18; 16;0xbcbcbcbc3c000008020f3b17c5edffdcL
  1; 18; 17;0xc5edffdc3c000008020f3b57d9fbffddL
  1; 18; 18;0xd9fbffdd3c000008020f3b97fdfeff9eL
  1; 18; 19;0xfdfeff9e3c000008020f3bd7a9f8ffdfL
  1; 18; 20;0xa9f8ffdf3c000008020f3817edfbffd0L
  1; 18; 21;0xedfbffd03c000008020f38575deeffd1L
  1; 18; 22;0x5deeffd13c000008020f3897cdf5ffd2L
  1; 18; 23;0xcdf5ffd23c000008020f38d7f5ffffd3L
  1; 18; 24;0xf5ffffd33c000008020f3917fdffffd4L
  1; 18; 25;0xfdffffd43c000008020f3957c1efffd5L
  1; 18; 26;0xc1efffd53c000008020f3997edf9ffd6L
  1; 18; 27;0xedf9ffd63c000008020f39d7d9f5ff97L
  1; 18; 28;0xd9f5ff973c000008020f3a17b9f2ffd8L
  1; 18; 29;0xb9f2ffd83c000008020f3a56e9eaffd9L
  1; 18; 30;0xe9eaffd93c000008020f3a97e5e9ffdaL
  1; 18; 31;0xbcbcbcbc3c000008020f2b17c5edffecL
  1; 18; 32;0xc5edffec3c000008020f2b57d1faffedL
  1; 18; 33;0xd1faffed3c000008020f2b97fdffffaeL
  1; 18; 34;0xfdffffae3c000008020f2bd799f8ffefL
  1; 18; 35;0x99f8ffef3c000008020f0017e9faffe0L
  1; 18; 36;0xe9faffe03c000008020f005771eeffe1L
  1; 18; 37;0x71eeffe13c000008020f0097bdf4ffe2L
  1; 18; 38;0xbdf4ffe23c000008020f00d7f5ffffe3L
  1; 18; 39;0xf5ffffe33c000008020f0117fdffffe4L
  1; 18; 40;0xfdffffe43c000008020f0157bdf0ffe5L
  1; 18; 41;0xbdf0ffe53c000008020f0197edf9ffe6L
  1; 18; 42;0xedf9ffe63c000008020f29d7d5f5ffa7L
  1; 18; 43;0xd5f5ffa73c000008020f2a17b5f0ffe8L
  1; 18; 44;0xb5f0ffe83c000008020f2a56c9ebffe9L
  1; 18; 45;0xc9ebffe93c000008020f2a97e9ecffeaL
  1; 18; 46;0xbcbcbcbc3c000008020f3317c5edfffcL
  1; 18; 47;0xc5edfffc3c000008020f3357d5fbfffdL
  1; 18; 48;0xd5fbfffd3c000008020f3397fdffffbeL
  1; 18; 49;0xfdffffbe3c000008020f33d7adf9ffffL
  1; 18; 50;0xadf9ffff3c000008020f3017e9fafff0L
  1; 18; 51;0xe9fafff03c000008020f305769eefff1L
  1; 18; 52;0x69eefff13c000008020f3097c5f5fff2L
  1; 18; 53;0xc5f5fff23c000008020f30d7f5fffff3L
  1; 18; 54;0xf5fffff33c000008020f3117fdfffff4L
  1; 18; 55;0xfdfffff43c000008020f3157c1f0fff5L
  1; 18; 56;0xc1f0fff53c000008020f3197edf9fff6L
  1; 18; 57;0xedf9fff63c000008020f31d7d5f5ffb7L
  1; 18; 58;0xd5f5ffb73c000008020f3217c5f2fff8L
  1; 18; 59;0xc5f2fff83c000008020f3256e9ecfff9L
  1; 18; 60;0xe9ecfff93c000008020f3297e5eafffaL
  1; 18; 61;0xbcbcbcbc3c000008020f3b17c5eeffccL
  1; 18; 62;0xc5eeffcc3c000008020f3b57ddfaffcdL
  1; 18; 63;0xddfaffcd3c000008020f3b97fdffff8eL
  1; 18; 64;0xfdffff8e3c000008020f3bd7adf9ffcfL
  1; 18; 65;0xadf9ffcf3c000008020f3817edfbffc0L
  1; 18; 66;0xedfbffc03c000008020f38577deeffc1L
  1; 18; 67;0x7deeffc13c000008020f3897cdf6ffc2L
  1; 18; 68;0xcdf6ffc23c000008020f38d7f5ffffc3L
  1; 18; 69;0xf5ffffc33c000008020f3917fdffffc4L
  1; 18; 70;0xfdffffc43c000008020f3957c1efffc5L
  1; 18; 71;0xc1efffc53c000008020f3997edfaffc6L
  1; 18; 72;0xedfaffc63c000008020f39d7d9f5ff87L
  1; 18; 73;0xd9f5ff873c000008020f3a17bdf2ffc8L
  1; 18; 74;0xbdf2ffc83c000008020f3a56e5ecffc9L
  1; 18; 75;0xe5ecffc93c000008020f3a97e9edffcaL
  1; 18; 76;0xbcbcbcbc3c000008020f2b17c5eeffdcL
  1; 18; 77;0xc5eeffdc3c000008020f2b57d9fbffddL
  1; 18; 78;0xd9fbffdd3c000008020f2b97fdffff9eL
  1; 18; 79;0xfdffff9e3c000008020f2bd7adf8ffdfL
  1; 18; 80;0xadf8ffdf3c000008020f0017edfbffd0L
  1; 18; 81;0xedfbffd03c000008020f005769efffd1L
  1; 18; 82;0x69efffd13c000008020f0097d1f5ffd2L
  1; 18; 83;0xd1f5ffd23c000008020f00d7f5ffffd3L
  1; 18; 84;0xf5ffffd33c000008020f0117fdffffd4L
  1; 18; 85;0xfdffffd43c000008020f0157c1f0ffd5L
  1; 18; 86;0xc1f0ffd53c000008020f0197edfaffd6L
  1; 18; 87;0xedfaffd63c000008020f29d7d9f5ff97L
  1; 18; 88;0xd9f5ff973c000008020f2a17bdf3ffd8L
  1; 18; 89;0xbdf3ffd83c000008020f2a56e9ecffd9L
  1; 18; 90;0xe9ecffd93c000008020f2a97e5eaffdaL
  1; 18; 91;0xbcbcbcbc3c000008020f3317c5edffecL
  1; 18; 92;0xc5edffec3c000008020f3357d1faffedL
  1; 18; 93;0xd1faffed3c000008020f3397fdffffaeL
  1; 18; 94;0xfdffffae3c000008020f33d7a1f8ffefL
  1; 18; 95;0xa1f8ffef3c000008020f3017e9faffe0L
  1; 18; 96;0xe9faffe03c000008020f30576deeffe1L
  1; 18; 97;0x6deeffe13c000008020f3097bdf3ffe2L
  1; 18; 98;0xbdf3ffe23c000008020f30d7f5ffffe3L
  1; 18; 99;0xf5ffffe33c000008020f3117fdffffe4L
  1; 18;100;0xfdffffe43c000008020f3157c1efffe5L
  1; 18;101;0xc1efffe53c000008020f3197edf9ffe6L
  1; 18;102;0xedf9ffe63c000008020f31d7d5f5ffa7L
  1; 18;103;0xd5f5ffa73c000008020f3217b5f1ffe8L
  1; 18;104;0xb5f1ffe83c000008020f3256c9ebffe9L
  1; 18;105;0xc9ebffe93c000008020f3297e9edffeaL
  1; 18;106;0xbcbcbcbc3c000008020f3b17c5ecfffcL
  1; 18;107;0xc5ecfffc3c000008020f3b57d5fbfffdL
  1; 18;108;0xd5fbfffd3c000008020f3b97fdffffbeL
  1; 18;109;0xfdffffbe3c000008020f3bd7a9f8ffffL
  1; 18;110;0xa9f8ffff3c000008020f3817e9fafff0L
  1; 18;111;0xe9fafff03c000008020f385765edfff1L
  1; 18;112;0x65edfff13c000008020f3897c1f4fff2L
  1; 18;113;0xc1f4fff23c000008020f38d7f5fffff3L
  1; 18;114;0xf5fffff33c000008020f3917fdfffff4L
  1; 18;115;0xfdfffff43c000008020f3957c1effff5L
  1; 18;116;0xc1effff53c000008020f3997f1f9fff6L
  1; 18;117;0xf1f9fff63c000008020f39d7d5f5ffb7L
  1; 18;118;0xd5f5ffb73c000008020f3a17c1f2fff8L
  1; 18;119;0xc1f2fff83c000008020f3a56e9ebfff9L
  1; 18;120;0xe9ebfff93c000008020f3a97e9e9fffaL
  1; 18;121;0xbcbcbcbc3c000008020f2b17c5edffccL
  1; 18;122;0xc5edffcc3c000008020f2b57ddfaffcdL
  1; 18;123;0xddfaffcd3c000008020f2b97fdffff8eL
  1; 18;124;0xfdffff8e3c000008020f2bd7adf9ffcfL
  1; 18;125;0xadf9ffcf3c000008020f0017e9fbffc0L
  1; 18;126;0xe9fbffc03c000008020f005779eeffc1L
  1; 18;127;0x79eeffc13c000008020f0097d5f6ffc2L
  1; 18;128;0xd5f6ffc23c000008020f00d7f5ffffc3L
  1; 18;129;0xf5ffffc33c000008020f0117fdffffc4L
  1; 18;130;0xfdffffc43c000008020f0157c1f0ffc5L
  1; 18;131;0xc1f0ffc53c000008020f0197f1f9ffc6L
  1; 18;132;0xf1f9ffc63c000008020f29d7d5f6ff87L
  1; 18;133;0xd5f6ff873c000008020f2a17bdf3ffc8L
  1; 18;134;0xbdf3ffc83c000008020f2a56f1ecffc9L
  1; 18;135;0xf1ecffc93c000008020f2a97ededffcaL
  1; 18;136;0xbcbcbcbc3c000008020f3317c5eeffdcL
  1; 18;137;0xc5eeffdc3c000008020f3357d9fbffddL
  1; 18;138;0xd9fbffdd3c000008020f3397fdffff9eL
  1; 18;139;0xfdffff9e3c000008020f33d7b1f9ffdfL
  1; 18;140;0xb1f9ffdf3c000008020f3017edfbffd0L
  1; 18;141;0xedfbffd03c000008020f305769efffd1L
  1; 18;142;0x69efffd13c000008020f3097cdf5ffd2L
  1; 18;143;0xcdf5ffd23c000008020f30d7f9ffffd3L
  1; 18;144;0xf9ffffd33c000008020f3117fdffffd4L
  1; 18;145;0xfdffffd43c000008020f3157c1f0ffd5L
  1; 18;146;0xc1f0ffd53c000008020f3197edfaffd6L
  1; 18;147;0xedfaffd63c000008020f31d7d5f6ff97L
  1; 18;148;0xd5f6ff973c000008020f3217b9f3ffd8L
  1; 18;149;0xb9f3ffd83c000008020f3256f5ecffd9L
  1; 18;150;0xf5ecffd93c000008020f3297e9ebffdaL
  1; 18;151;0xbcbcbcbc3c000008020f3b17c5eeffecL
  1; 18;152;0xc5eeffec3c000008020f3b57d5fbffedL
  1; 18;153;0xd5fbffed3c000008020f3b97fdffffaeL
  1; 18;154;0xfdffffae3c000008020f3bd7a5f9ffefL
  1; 18;155;0xa5f9ffef3c000008020f3817edfaffe0L
  1; 18;156;0xedfaffe03c000008020f385775eeffe1L
  1; 18;157;0x75eeffe13c000008020f3897c1f4ffe2L
  1; 18;158;0xc1f4ffe23c000008020f38d7f5ffffe3L
  1; 18;159;0xf5ffffe33c000008020f3917fdffffe4L
  1; 18;160;0xfdffffe43c000008020f3957bdf0ffe5L
  1; 18;161;0xbdf0ffe53c000008020f3997edf9ffe6L
  1; 18;162;0xedf9ffe63c000008020f39d7d5f5ffa7L
  1; 18;163;0xd5f5ffa73c000008020f3a17bdf2ffe8L
  1; 18;164;0xbdf2ffe83c000008020f3a56d5ecffe9L
  1; 18;165;0xd5ecffe93c000008020f3a97e9edffeaL
  1; 18;166;0xbcbcbcbc3c000008020f2b17c5ecfffcL
  1; 18;167;0xc5ecfffc3c000008020f2b57d5fbfffdL
  1; 18;168;0xd5fbfffd3c000008020f2b97fdffffbeL
  1; 18;169;0xfdffffbe3c000008020f2bd7adf7ffffL
  1; 18;170;0xadf7ffff3c000008020f0017edfbfff0L
  1; 18;171;0xedfbfff03c000008020f005761eefff1L
  1; 18;172;0x61eefff13c000008020f0097c5f4fff2L
  1; 18;173;0xc5f4fff23c000008020f00d7f5fffff3L
  1; 18;174;0xf5fffff33c000008020f0117fdfffff4L
  1; 18;175;0xfdfffff43c000008020f0157c1effff5L
  1; 18;176;0xc1effff53c000008020f0197edf9fff6L
  1; 18;177;0xedf9fff63c000008020f29d7d1f5ffb7L
  1; 18;178;0xd1f5ffb73c000008020f2a17c5f1fff8L
  1; 18;179;0xc5f1fff83c000008020f2a56e9ecfff9L
  1; 18;180;0xe9ecfff93c000008020f2a97e9e9fffaL
  1; 18;181;0xbcbcbcbc3c000008020f3317c5edffccL
  1; 18;182;0xc5edffcc3c000008020f3357ddfaffcdL
  1; 18;183;0xddfaffcd3c000008020f3397fdffff8eL
  1; 18;184;0xfdffff8e3c000008020f33d7a9f9ffcfL
  1; 18;185;0xa9f9ffcf3c000008020f3017e9fbffc0L
  1; 18;186;0xe9fbffc03c000008020f305779eeffc1L
  1; 18;187;0x79eeffc13c000008020f3097cdf6ffc2L
  1; 18;188;0xcdf6ffc23c000008020f30d7f5ffffc3L
  1; 18;189;0xf5ffffc33c000008020f3117fdffffc4L
  1; 18;190;0xfdffffc43c000008020f3157c1efffc5L
  1; 18;191;0xc1efffc53c000008020f3197f1f9ffc6L
  1; 18;192;0xf1f9ffc63c000008020f31d7d5f5ff87L
  1; 18;193;0xd5f5ff873c000008020f3217bdf2ffc8L
  1; 18;194;0xbdf2ffc83c000008020f3256e9ebffc9L
  1; 18;195;0xe9ebffc93c000008020f3297e9edffcaL
  1; 18;196;0xbcbcbcbc3c000008020f3b17c5eeffdcL
  1; 18;197;0xc5eeffdc3c000008020f3b57d9faffddL
  1; 18;198;0xd9faffdd3c000008020f3b97fdffff9eL
  1; 18;199;0xfdffff9e3c000008020f3bd7b1f9ffdfL
  1; 18;200;0xb1f9ffdf3c000008020f3817e9fbffd0L
  1; 18;201;0xe9fbffd03c000008020f385765eeffd1L
  1; 18;202;0x65eeffd13c000008020f3897d1f5ffd2L
  1; 18;203;0xd1f5ffd23c000008020f38d7f9ffffd3L
  1; 18;204;0xf9ffffd33c000008020f3917fdffffd4L
  1; 18;205;0xfdffffd43c000008020f3957c1f0ffd5L
  1; 18;206;0xc1f0ffd53c000008020f3997edfaffd6L
  1; 18;207;0xedfaffd63c000008020f39d7d5f6ff97L
  1; 18;208;0xd5f6ff973c000008020f3a17c1f3ffd8L
  1; 18;209;0xc1f3ffd83c000008020f3a56f1ebffd9L
  1; 18;210;0xf1ebffd93c000008020f3a97e5eaffdaL
  1; 18;211;0xbcbcbcbc3c000008020f2b17c5edffecL
  1; 18;212;0xc5edffec3c000008020f2b57d5fbffedL
  1; 18;213;0xd5fbffed3c000008020f2b97fdffffaeL
  1; 18;214;0xfdffffae3c000008020f2bd7a1f8ffefL
  1; 18;215;0xa1f8ffef3c000008020f0017edfaffe0L
  1; 18;216;0xedfaffe03c000008020f005779eeffe1L
  1; 18;217;0x79eeffe13c000008020f0097c5f5ffe2L
  1; 18;218;0xc5f5ffe23c000008020f00d7f5ffffe3L
  1; 18;219;0xf5ffffe33c000008020f0117fdffffe4L
  1; 18;220;0xfdffffe43c000008020f0157c1f0ffe5L
  1; 18;221;0xc1f0ffe53c000008020f0197edf9ffe6L
  1; 18;222;0xedf9ffe63c000008020f29d7d5f5ffa7L
  1; 18;223;0xd5f5ffa73c000008020f2a17bdf1ffe8L
  1; 18;224;0xbdf1ffe83c000008020f2a56ddecffe9L
  1; 18;225;0xddecffe93c000008020f2a97e9ecffeaL
  1; 18;226;0xbcbcbcbc3c000008020f3317c5ecfffcL
  1; 18;227;0xc5ecfffc3c000008020f3357d5fbfffdL
  1; 18;228;0xd5fbfffd3c000008020f3397fdffffbeL
  1; 18;229;0xfdffffbe3c000008020f33d7adf8ffffL
  1; 18;230;0xadf8ffff3c000008020f3017edfbfff0L
  1; 18;231;0xedfbfff03c000008020f305765eefff1L
  1; 18;232;0x65eefff13c000008020f3097c9f4fff2L
  1; 18;233;0xc9f4fff23c000008020f30d7f5fffff3L
  1; 18;234;0xf5fffff33c000008020f3117fdfffff4L
  1; 18;235;0xfdfffff43c000008020f3157c1effff5L
  1; 18;236;0xc1effff53c000008020f3197edf9fff6L
  1; 18;237;0xedf9fff63c000008020f31d7d5f5ffb7L
  1; 18;238;0xd5f5ffb73c000008020f3217c1f2fff8L
  1; 18;239;0xc1f2fff83c000008020f3256e9ebfff9L
  1; 18;240;0xe9ebfff93c000008020f3297e5eafffaL
  1; 18;241;0xbcbcbcbc3c000008020f3b17c5edffccL
  1; 18;242;0xc5edffcc3c000008020f3b57ddfaffcdL
  1; 18;243;0xddfaffcd3c000008020f3b97fdffff8eL
  1; 18;244;0xfdffff8e3c000008020f3bd7a9f8ffcfL
  1; 18;245;0xa9f8ffcf3c000008020f3817edfaffc0L
  1; 18;246;0xedfaffc03c000008020f385775edffc1L
  1; 18;247;0x75edffc13c000008020f3897cdf6ffc2L
  1; 18;248;0xcdf6ffc23c000008020f38d7f5ffffc3L
  1; 18;249;0xf5ffffc33c000008020f3917fdffffc4L
  1; 18;250;0xfdffffc43c000008020f3957c1f0ffc5L
  1; 18;251;0xc1f0ffc53c000008020f3997edf9ffc6L
  1; 18;252;0xedf9ffc63c000008020f39d7d1f6ff87L
  1; 18;253;0xd1f6ff873c000008020f3a17c1f3ffc8L
  1; 18;254;0xc1f3ffc83c000008020f3a56e5ebffc9L
  1; 18;255;0xe5ebffc93c000008020f3a97e9ecffcaL
  1; 18;256;0xbcbcbcbc3c000008020f2b17c5edffdcL
  1; 20;  1;0xbcbcbcbc3c000008020f2b1735d1ffdcL
  1; 20;  2;0x35d1ffdc3c000008020f2b5781e7ffddL
  1; 20;  3;0x81e7ffdd3c000008020f2b976dd6ffdeL
  1; 20;  4;0x6dd6ffde3c000008020f2bd751dcffdfL
  1; 20;  5;0x51dcffdf3c000008020f001789d6ffd0L
  1; 20;  6;0x89d6ffd03c000008020f0057c5edffd1L
  1; 20;  7;0xc5edffd13c000008020f0097a9ecffd2L
  1; 20;  8;0xa9ecffd23c000008020f00d7b9f2ffd3L
  1; 20;  9;0xb9f2ffd33c000008020f011795efffd4L
  1; 20; 10;0x95efffd43c000008020f015791f3ffd5L
  1; 20; 11;0x91f3ffd53c000008020f019799caffd6L
  1; 20; 12;0x99caffd63c000008020f29d7fdffff97L
  1; 20; 13;0xfdffff973c000008020f2a17b1c3ffd8L
  1; 20; 14;0xb1c3ffd83c000008020f2a5791f3ffd9L
  1; 20; 15;0x91f3ffd93c000008020f2a9769e5ffdaL
  1; 20; 16;0xbcbcbcbc3c000008020f331711c8ffecL
  1; 20; 17;0x11c8ffec3c000008020f335781e6ffedL
  1; 20; 18;0x81e6ffed3c000008020f339769daffeeL
  1; 20; 19;0x69daffee3c000008020f33d75dddffefL
  1; 20; 20;0x5dddffef3c000008020f301771d2ffe0L
  1; 20; 21;0x71d2ffe03c000008020f3057b5edffe1L
  1; 20; 22;0xb5edffe13c000008020f3097a5ebffe2L
  1; 20; 23;0xa5ebffe23c000008020f30d7bdf2ffe3L
  1; 20; 24;0xbdf2ffe33c000008020f311795edffe4L
  1; 20; 25;0x95edffe43c000008020f31578df3ffe5L
  1; 20; 26;0x8df3ffe53c000008020f319799cbffe6L
  1; 20; 27;0x99cbffe63c000008020f31d7f9ffffa7L
  1; 20; 28;0xf9ffffa73c000008020f3217b1c5ffe8L
  1; 20; 29;0xb1c5ffe83c000008020f325795f5ffe9L
  1; 20; 30;0x95f5ffe93c000008020f329775e5ffeaL
  1; 20; 31;0xbcbcbcbc3c000008020f3b1721cbfffcL
  1; 20; 32;0x21cbfffc3c000008020f3b577de4fffdL
  1; 20; 33;0x7de4fffd3c000008020f3b9769d0fffeL
  1; 20; 34;0x69d0fffe3c000008020f3bd74dd2ffffL
  1; 20; 35;0x4dd2ffff3c000008020f381775cefff0L
  1; 20; 36;0x75cefff03c000008020f3857b5ecfff1L
  1; 20; 37;0xb5ecfff13c000008020f3897a5ebfff2L
  1; 20; 38;0xa5ebfff23c000008020f38d7b9f1fff3L
  1; 20; 39;0xb9f1fff33c000008020f391785eefff4L
  1; 20; 40;0x85eefff43c000008020f395795f3fff5L
  1; 20; 41;0x95f3fff53c000008020f39979dcafff6L
  1; 20; 42;0x9dcafff63c000008020f39d7edffffb7L
  1; 20; 43;0xedffffb73c000008020f3a17a1bdfff8L
  1; 20; 44;0xa1bdfff83c000008020f3a5795f1fff9L
  1; 20; 45;0x95f1fff93c000008020f3a9769e6fffaL
  1; 20; 46;0xbcbcbcbc3c000008020f2b1745d0ffccL
  1; 20; 47;0x45d0ffcc3c000008020f2b5789e7ffcdL
  1; 20; 48;0x89e7ffcd3c000008020f2b9779dbffceL
  1; 20; 49;0x79dbffce3c000008020f2bd761d8ffcfL
  1; 20; 50;0x61d8ffcf3c000008020f00177dd5ffc0L
  1; 20; 51;0x7dd5ffc03c000008020f0057c9eeffc1L
  1; 20; 52;0xc9eeffc13c000008020f0097a5ebffc2L
  1; 20; 53;0xa5ebffc23c000008020f00d7b5f2ffc3L
  1; 20; 54;0xb5f2ffc33c000008020f011799eeffc4L
  1; 20; 55;0x99eeffc43c000008020f0157a9f3ffc5L
  1; 20; 56;0xa9f3ffc53c000008020f0197a1ccffc6L
  1; 20; 57;0xa1ccffc63c000008020f29d7f9ffff87L
  1; 20; 58;0xf9ffff873c000008020f2a17b5c2ffc8L
  1; 20; 59;0xb5c2ffc83c000008020f2a57adf5ffc9L
  1; 20; 60;0xadf5ffc93c000008020f2a976de6ffcaL
  1; 20; 61;0xbcbcbcbc3c000008020f331735cfffdcL
  1; 20; 62;0x35cfffdc3c000008020f335785e6ffddL
  1; 20; 63;0x85e6ffdd3c000008020f339771d7ffdeL
  1; 20; 64;0x71d7ffde3c000008020f33d74ddcffdfL
  1; 20; 65;0x4ddcffdf3c000008020f301785d6ffd0L
  1; 20; 66;0x85d6ffd03c000008020f3057c9eeffd1L
  1; 20; 67;0xc9eeffd13c000008020f3097a9ecffd2L
  1; 20; 68;0xa9ecffd23c000008020f30d7bdf2ffd3L
  1; 20; 69;0xbdf2ffd33c000008020f311795efffd4L
  1; 20; 70;0x95efffd43c000008020f315795f4ffd5L
  1; 20; 71;0x95f4ffd53c000008020f319795c9ffd6L
  1; 20; 72;0x95c9ffd63c000008020f31d7fdffff97L
  1; 20; 73;0xfdffff973c000008020f3217b1c3ffd8L
  1; 20; 74;0xb1c3ffd83c000008020f325799f5ffd9L
  1; 20; 75;0x99f5ffd93c000008020f329771e5ffdaL
  1; 20; 76;0xbcbcbcbc3c000008020f3b1719c8ffecL
  1; 20; 77;0x19c8ffec3c000008020f3b5781e5ffedL
  1; 20; 78;0x81e5ffed3c000008020f3b9769d9ffeeL
  1; 20; 79;0x69d9ffee3c000008020f3bd761ddffefL
  1; 20; 80;0x61ddffef3c000008020f381771d3ffe0L
  1; 20; 81;0x71d3ffe03c000008020f3857b5edffe1L
  1; 20; 82;0xb5edffe13c000008020f3897a5ebffe2L
  1; 20; 83;0xa5ebffe23c000008020f38d7bdf2ffe3L
  1; 20; 84;0xbdf2ffe33c000008020f391799edffe4L
  1; 20; 85;0x99edffe43c000008020f395795f3ffe5L
  1; 20; 86;0x95f3ffe53c000008020f399795ccffe6L
  1; 20; 87;0x95ccffe63c000008020f39d7f9ffffa7L
  1; 20; 88;0xf9ffffa73c000008020f3a17b1c7ffe8L
  1; 20; 89;0xb1c7ffe83c000008020f3a5791f5ffe9L
  1; 20; 90;0x91f5ffe93c000008020f3a9775e5ffeaL
  1; 20; 91;0xbcbcbcbc3c000008020f2b1721c9fffcL
  1; 20; 92;0x21c9fffc3c000008020f2b5781e4fffdL
  1; 20; 93;0x81e4fffd3c000008020f2b976dcffffeL
  1; 20; 94;0x6dcffffe3c000008020f2bd751d3ffffL
  1; 20; 95;0x51d3ffff3c000008020f001775d1fff0L
  1; 20; 96;0x75d1fff03c000008020f0057b1ecfff1L
  1; 20; 97;0xb1ecfff13c000008020f0097a5ecfff2L
  1; 20; 98;0xa5ecfff23c000008020f00d7b9f1fff3L
  1; 20; 99;0xb9f1fff33c000008020f011781effff4L
  1; 20;100;0x81effff43c000008020f015795f3fff5L
  1; 20;101;0x95f3fff53c000008020f019799c8fff6L
  1; 20;102;0x99c8fff63c000008020f29d7f5ffffb7L
  1; 20;103;0xf5ffffb73c000008020f2a17a9bcfff8L
  1; 20;104;0xa9bcfff83c000008020f2a5791f2fff9L
  1; 20;105;0x91f2fff93c000008020f2a9769e6fffaL
  1; 20;106;0xbcbcbcbc3c000008020f33173dd0ffccL
  1; 20;107;0x3dd0ffcc3c000008020f33578de6ffcdL
  1; 20;108;0x8de6ffcd3c000008020f339775d8ffceL
  1; 20;109;0x75d8ffce3c000008020f33d755d7ffcfL
  1; 20;110;0x55d7ffcf3c000008020f30177dd5ffc0L
  1; 20;111;0x7dd5ffc03c000008020f3057c5eeffc1L
  1; 20;112;0xc5eeffc13c000008020f3097a5ebffc2L
  1; 20;113;0xa5ebffc23c000008020f30d7b5f2ffc3L
  1; 20;114;0xb5f2ffc33c000008020f311799eeffc4L
  1; 20;115;0x99eeffc43c000008020f3157a1f3ffc5L
  1; 20;116;0xa1f3ffc53c000008020f3197a1cdffc6L
  1; 20;117;0xa1cdffc63c000008020f31d7f5ffff87L
  1; 20;118;0xf5ffff873c000008020f3217b1c0ffc8L
  1; 20;119;0xb1c0ffc83c000008020f3257a5f5ffc9L
  1; 20;120;0xa5f5ffc93c000008020f329769e5ffcaL
  1; 20;121;0xbcbcbcbc3c000008020f3b1735cfffdcL
  1; 20;122;0x35cfffdc3c000008020f3b5785e7ffddL
  1; 20;123;0x85e7ffdd3c000008020f3b9775d6ffdeL
  1; 20;124;0x75d6ffde3c000008020f3bd759dcffdfL
  1; 20;125;0x59dcffdf3c000008020f381789d7ffd0L
  1; 20;126;0x89d7ffd03c000008020f3857c9eeffd1L
  1; 20;127;0xc9eeffd13c000008020f3897a9ecffd2L
  1; 20;128;0xa9ecffd23c000008020f38d7b9f2ffd3L
  1; 20;129;0xb9f2ffd33c000008020f391799efffd4L
  1; 20;130;0x99efffd43c000008020f395799f3ffd5L
  1; 20;131;0x99f3ffd53c000008020f39979dcbffd6L
  1; 20;132;0x9dcbffd63c000008020f39d7fdffff97L
  1; 20;133;0xfdffff973c000008020f3a17b9c5ffd8L
  1; 20;134;0xb9c5ffd83c000008020f3a5795f5ffd9L
  1; 20;135;0x95f5ffd93c000008020f3a9771e5ffdaL
  1; 20;136;0xbcbcbcbc3c000008020f2b1719c8ffecL
  1; 20;137;0x19c8ffec3c000008020f2b5781e6ffedL
  1; 20;138;0x81e6ffed3c000008020f2b9769daffeeL
  1; 20;139;0x69daffee3c000008020f2bd765e0ffefL
  1; 20;140;0x65e0ffef3c000008020f00176dd4ffe0L
  1; 20;141;0x6dd4ffe03c000008020f0057b5edffe1L
  1; 20;142;0xb5edffe13c000008020f0097a9ebffe2L
  1; 20;143;0xa9ebffe23c000008020f00d7bdf2ffe3L
  1; 20;144;0xbdf2ffe33c000008020f011795edffe4L
  1; 20;145;0x95edffe43c000008020f015791f4ffe5L
  1; 20;146;0x91f4ffe53c000008020f019795caffe6L
  1; 20;147;0x95caffe63c000008020f29d7fdffffa7L
  1; 20;148;0xfdffffa73c000008020f2a17b5c9ffe8L
  1; 20;149;0xb5c9ffe83c000008020f2a579df5ffe9L
  1; 20;150;0x9df5ffe93c000008020f2a9775e6ffeaL
  1; 20;151;0xbcbcbcbc3c000008020f331729cdfffcL
  1; 20;152;0x29cdfffc3c000008020f335789e6fffdL
  1; 20;153;0x89e6fffd3c000008020f339775d3fffeL
  1; 20;154;0x75d3fffe3c000008020f33d75dd5ffffL
  1; 20;155;0x5dd5ffff3c000008020f301781d3fff0L
  1; 20;156;0x81d3fff03c000008020f3057b9eefff1L
  1; 20;157;0xb9eefff13c000008020f3097a5ecfff2L
  1; 20;158;0xa5ecfff23c000008020f30d7bdf2fff3L
  1; 20;159;0xbdf2fff33c000008020f31178df0fff4L
  1; 20;160;0x8df0fff43c000008020f315799f4fff5L
  1; 20;161;0x99f4fff53c000008020f3197a1cbfff6L
  1; 20;162;0xa1cbfff63c000008020f31d7f9ffffb7L
  1; 20;163;0xf9ffffb73c000008020f3217b1c1fff8L
  1; 20;164;0xb1c1fff83c000008020f32579df3fff9L
  1; 20;165;0x9df3fff93c000008020f32976de7fffaL
  1; 20;166;0xbcbcbcbc3c000008020f3b173dceffccL
  1; 20;167;0x3dceffcc3c000008020f3b5789e6ffcdL
  1; 20;168;0x89e6ffcd3c000008020f3b9779daffceL
  1; 20;169;0x79daffce3c000008020f3bd759d7ffcfL
  1; 20;170;0x59d7ffcf3c000008020f381775d5ffc0L
  1; 20;171;0x75d5ffc03c000008020f3857c1eeffc1L
  1; 20;172;0xc1eeffc13c000008020f3897a5ebffc2L
  1; 20;173;0xa5ebffc23c000008020f38d7b5f1ffc3L
  1; 20;174;0xb5f1ffc33c000008020f391799edffc4L
  1; 20;175;0x99edffc43c000008020f3957a5f3ffc5L
  1; 20;176;0xa5f3ffc53c000008020f39979dcdffc6L
  1; 20;177;0x9dcdffc63c000008020f39d7f9ffff87L
  1; 20;178;0xf9ffff873c000008020f3a17b5beffc8L
  1; 20;179;0xb5beffc83c000008020f3a57a5f5ffc9L
  1; 20;180;0xa5f5ffc93c000008020f3a9769e5ffcaL
  1; 20;181;0xbcbcbcbc3c000008020f2b1735cfffdcL
  1; 20;182;0x35cfffdc3c000008020f2b5781e5ffddL
  1; 20;183;0x81e5ffdd3c000008020f2b9771d6ffdeL
  1; 20;184;0x71d6ffde3c000008020f2bd751daffdfL
  1; 20;185;0x51daffdf3c000008020f001785d5ffd0L
  1; 20;186;0x85d5ffd03c000008020f0057c5edffd1L
  1; 20;187;0xc5edffd13c000008020f0097a9ecffd2L
  1; 20;188;0xa9ecffd23c000008020f00d7b9f2ffd3L
  1; 20;189;0xb9f2ffd33c000008020f011795eeffd4L
  1; 20;190;0x95eeffd43c000008020f01578df3ffd5L
  1; 20;191;0x8df3ffd53c000008020f019791c9ffd6L
  1; 20;192;0x91c9ffd63c000008020f29d7fdffff97L
  1; 20;193;0xfdffff973c000008020f2a17adc1ffd8L
  1; 20;194;0xadc1ffd83c000008020f2a5795f4ffd9L
  1; 20;195;0x95f4ffd93c000008020f2a976de4ffdaL
  1; 20;196;0xbcbcbcbc3c000008020f33171dcaffecL
  1; 20;197;0x1dcaffec3c000008020f335789e6ffedL
  1; 20;198;0x89e6ffed3c000008020f339771dbffeeL
  1; 20;199;0x71dbffee3c000008020f33d765e2ffefL
  1; 20;200;0x65e2ffef3c000008020f301775d4ffe0L
  1; 20;201;0x75d4ffe03c000008020f3057b5efffe1L
  1; 20;202;0xb5efffe13c000008020f3097a5ebffe2L
  1; 20;203;0xa5ebffe23c000008020f30d7c1f2ffe3L
  1; 20;204;0xc1f2ffe33c000008020f311799efffe4L
  1; 20;205;0x99efffe43c000008020f315795f4ffe5L
  1; 20;206;0x95f4ffe53c000008020f31979dccffe6L
  1; 20;207;0x9dccffe63c000008020f31d7fdffffa7L
  1; 20;208;0xfdffffa73c000008020f3217b9c9ffe8L
  1; 20;209;0xb9c9ffe83c000008020f32579df5ffe9L
  1; 20;210;0x9df5ffe93c000008020f329775e6ffeaL
  1; 20;211;0xbcbcbcbc3c000008020f3b1725cafffcL
  1; 20;212;0x25cafffc3c000008020f3b5789e4fffdL
  1; 20;213;0x89e4fffd3c000008020f3b976dd2fffeL
  1; 20;214;0x6dd2fffe3c000008020f3bd751d5ffffL
  1; 20;215;0x51d5ffff3c000008020f381779d2fff0L
  1; 20;216;0x79d2fff03c000008020f3857b9edfff1L
  1; 20;217;0xb9edfff13c000008020f3897a5ebfff2L
  1; 20;218;0xa5ebfff23c000008020f38d7bdf2fff3L
  1; 20;219;0xbdf2fff33c000008020f391789f0fff4L
  1; 20;220;0x89f0fff43c000008020f395799f4fff5L
  1; 20;221;0x99f4fff53c000008020f39979dc9fff6L
  1; 20;222;0x9dc9fff63c000008020f39d7f5ffffb7L
  1; 20;223;0xf5ffffb73c000008020f3a17adbefff8L
  1; 20;224;0xadbefff83c000008020f3a5799f3fff9L
  1; 20;225;0x99f3fff93c000008020f3a9771e6fffaL
  1; 20;226;0xbcbcbcbc3c000008020f2b1741d1ffccL
  1; 20;227;0x41d1ffcc3c000008020f2b5791e7ffcdL
  1; 20;228;0x91e7ffcd3c000008020f2b977ddaffceL
  1; 20;229;0x7ddaffce3c000008020f2bd75dd9ffcfL
  1; 20;230;0x5dd9ffcf3c000008020f001781d5ffc0L
  1; 20;231;0x81d5ffc03c000008020f0057c9efffc1L
  1; 20;232;0xc9efffc13c000008020f0097a9ebffc2L
  1; 20;233;0xa9ebffc23c000008020f00d7b5f2ffc3L
  1; 20;234;0xb5f2ffc33c000008020f0117a1eeffc4L
  1; 20;235;0xa1eeffc43c000008020f0157a5f3ffc5L
  1; 20;236;0xa5f3ffc53c000008020f0197a1ccffc6L
  1; 20;237;0xa1ccffc63c000008020f29d7fdffff87L
  1; 20;238;0xfdffff873c000008020f2a17bdc0ffc8L
  1; 20;239;0xbdc0ffc83c000008020f2a57a9f5ffc9L
  1; 20;240;0xa9f5ffc93c000008020f2a976de5ffcaL
  1; 20;241;0xbcbcbcbc3c000008020f331735cfffdcL
  1; 20;242;0x35cfffdc3c000008020f335781e5ffddL
  1; 20;243;0x81e5ffdd3c000008020f339769d7ffdeL
  1; 20;244;0x69d7ffde3c000008020f33d74ddbffdfL
  1; 20;245;0x4ddbffdf3c000008020f301781d4ffd0L
  1; 20;246;0x81d4ffd03c000008020f3057c5eeffd1L
  1; 20;247;0xc5eeffd13c000008020f3097a9ecffd2L
  1; 20;248;0xa9ecffd23c000008020f30d7b5f2ffd3L
  1; 20;249;0xb5f2ffd33c000008020f311791efffd4L
  1; 20;250;0x91efffd43c000008020f315795f3ffd5L
  1; 20;251;0x95f3ffd53c000008020f319795c9ffd6L
  1; 20;252;0x95c9ffd63c000008020f31d7fdffff97L
  1; 20;253;0xfdffff973c000008020f3217b1c1ffd8L
  1; 20;254;0xb1c1ffd83c000008020f32578df4ffd9L
  1; 20;255;0x8df4ffd93c000008020f329769e4ffdaL
  1; 20;256;0xbcbcbcbc3c000008020f3b1711c7ffecL
