Link ID; Channel ID; Line; Data 
  1; 15;  1;0xbcbcbcbc3c002008020f1a9725e8ffdaL
  1; 15;  2;0x25e8ffda3c002008020f1ad729e6ffdbL
  1; 15;  3;0x29e6ffdb3c002008020f1b1759c4ffdcL
  1; 15;  4;0x59c4ffdc3c002008020f1b56c5c5ffddL
  1; 15;  5;0xc5c5ffdd3c002008020f1b96ddc1ffdeL
  1; 15;  6;0xddc1ffde3c002008020f1bd6e9d0ffdfL
  1; 15;  7;0xe9d0ffdf3c002008020f301705c5ffd0L
  1; 15;  8;0x5c5ffd03c002008020f305729daffd1L
  1; 15;  9;0x29daffd13c002008020f189749d6ffd2L
  1; 15; 10;0x49d6ffd23c002008020f18d731cbffd3L
  1; 15; 11;0x31cbffd33c002008020f191775f6ffd4L
  1; 15; 12;0x75f6ffd43c002008020f1956edebffd5L
  1; 15; 13;0xedebffd53c002008020f19977de8ffd6L
  1; 15; 14;0x7de8ffd63c002008020f19d6a1baffd7L
  1; 15; 15;0xa1baffd73c002008020f1a1749c2ffd8L
  1; 15; 16;0xbcbcbcbc3c004008020f129725e3fffaL
  1; 15; 17;0x25e3fffa3c004008020f12d729e6fffbL
  1; 15; 18;0x29e6fffb3c004008020f131759c6fffcL
  1; 15; 19;0x59c6fffc3c004008020f1356b9bdfffdL
  1; 15; 20;0xb9bdfffd3c004008020f1396e9befffeL
  1; 15; 21;0xe9befffe3c004008020f13d6e5c9ffffL
  1; 15; 22;0xe5c9ffff3c004008020f101709bdfff0L
  1; 15; 23;0x9bdfff03c004008020f105715d4fff1L
  1; 15; 24;0x15d4fff13c004008020f109731d1fff2L
  1; 15; 25;0x31d1fff23c004008020f10d711c9fff3L
  1; 15; 26;0x11c9fff33c004008020f111765f3fff4L
  1; 15; 27;0x65f3fff43c004008020f1156cde9fff5L
  1; 15; 28;0xcde9fff53c004008020f11976de6fff6L
  1; 15; 29;0x6de6fff63c004008020f11d681bcfff7L
  1; 15; 30;0x81bcfff73c004008020f121741c3fff8L
  1; 15; 31;0xbcbcbcbc3c006008020f329729e7ffdaL
  1; 15; 32;0x29e7ffda3c006008020f32d729e7ffdbL
  1; 15; 33;0x29e7ffdb3c006008020f331759c5ffdcL
  1; 15; 34;0x59c5ffdc3c006008020f3356c9c4ffddL
  1; 15; 35;0xc9c4ffdd3c006008020f3396d5c3ffdeL
  1; 15; 36;0xd5c3ffde3c006008020f33d6e9d1ffdfL
  1; 15; 37;0xe9d1ffdf3c006008020f3016f9c4ffd0L
  1; 15; 38;0xf9c4ffd03c006008020f30572dd9ffd1L
  1; 15; 39;0x2dd9ffd13c006008020f30974dd7ffd2L
  1; 15; 40;0x4dd7ffd23c006008020f30d72dcbffd3L
  1; 15; 41;0x2dcbffd33c006008020f311779f6ffd4L
  1; 15; 42;0x79f6ffd43c006008020f3156f5eaffd5L
  1; 15; 43;0xf5eaffd53c006008020f319781e8ffd6L
  1; 15; 44;0x81e8ffd63c006008020f31d699bcffd7L
  1; 15; 45;0x99bcffd73c006008020f32174dc3ffd8L
  1; 15; 46;0xbcbcbcbc3c008008020f129725e3fffaL
  1; 15; 47;0x25e3fffa3c008008020f12d725e6fffbL
  1; 15; 48;0x25e6fffb3c008008020f131755c5fffcL
  1; 15; 49;0x55c5fffc3c008008020f1356b9bdfffdL
  1; 15; 50;0xb9bdfffd3c008008020f1396e9c0fffeL
  1; 15; 51;0xe9c0fffe3c008008020f13d6e5caffffL
  1; 15; 52;0xe5caffff3c008008020f101709bffff0L
  1; 15; 53;0x9bffff03c008008020f105719d5fff1L
  1; 15; 54;0x19d5fff13c008008020f109739d1fff2L
  1; 15; 55;0x39d1fff23c008008020f10d70dc9fff3L
  1; 15; 56;0xdc9fff33c008008020f111769f3fff4L
  1; 15; 57;0x69f3fff43c008008020f1156c1e8fff5L
  1; 15; 58;0xc1e8fff53c008008020f119775e4fff6L
  1; 15; 59;0x75e4fff63c008008020f11d689bcfff7L
  1; 15; 60;0x89bcfff73c008008020f12173dc1fff8L
  1; 15; 61;0xbcbcbcbc3c00a008020f329731e8ffdaL
  1; 15; 62;0x31e8ffda3c00a008020f32d72de8ffdbL
  1; 15; 63;0x2de8ffdb3c00a008020f331761c5ffdcL
  1; 15; 64;0x61c5ffdc3c00a008020f3356c9c5ffddL
  1; 15; 65;0xc9c5ffdd3c00a008020f3396ddc1ffdeL
  1; 15; 66;0xddc1ffde3c00a008020f33d6e9d1ffdfL
  1; 15; 67;0xe9d1ffdf3c00a008020f3016fdc6ffd0L
  1; 15; 68;0xfdc6ffd03c00a008020f305731daffd1L
  1; 15; 69;0x31daffd13c00a008020f309749d6ffd2L
  1; 15; 70;0x49d6ffd23c00a008020f30d731ceffd3L
  1; 15; 71;0x31ceffd33c00a008020f311779f5ffd4L
  1; 15; 72;0x79f5ffd43c00a008020f3156f1ebffd5L
  1; 15; 73;0xf1ebffd53c00a008020f319781e9ffd6L
  1; 15; 74;0x81e9ffd63c00a008020f31d6a1bbffd7L
  1; 15; 75;0xa1bbffd73c00a008020f32174dc3ffd8L
  1; 15; 76;0xbcbcbcbc3c00c008020f12972de4fffaL
  1; 15; 77;0x2de4fffa3c00c008020f12d729e7fffbL
  1; 15; 78;0x29e7fffb3c00c008020f131755c6fffcL
  1; 15; 79;0x55c6fffc3c00c008020f1356c1bffffdL
  1; 15; 80;0xc1bffffd3c00c008020f1396f1c2fffeL
  1; 15; 81;0xf1c2fffe3c00c008020f13d6f1c9ffffL
  1; 15; 82;0xf1c9ffff3c00c008020f10170dc0fff0L
  1; 15; 83;0xdc0fff03c00c008020f105715d7fff1L
  1; 15; 84;0x15d7fff13c00c008020f10973dd2fff2L
  1; 15; 85;0x3dd2fff23c00c008020f10d719cbfff3L
  1; 15; 86;0x19cbfff33c00c008020f111769f4fff4L
  1; 15; 87;0x69f4fff43c00c008020f1156cde9fff5L
  1; 15; 88;0xcde9fff53c00c008020f119775e6fff6L
  1; 15; 89;0x75e6fff63c00c008020f11d695bdfff7L
  1; 15; 90;0x95bdfff73c00c008020f121749c4fff8L
  1; 15; 91;0xbcbcbcbc3c00e008020f329729e6ffdaL
  1; 15; 92;0x29e6ffda3c00e008020f32d721e7ffdbL
  1; 15; 93;0x21e7ffdb3c00e008020f331755c4ffdcL
  1; 15; 94;0x55c4ffdc3c00e008020f3356c5c5ffddL
  1; 15; 95;0xc5c5ffdd3c00e008020f3396d5c1ffdeL
  1; 15; 96;0xd5c1ffde3c00e008020f33d6e1cfffdfL
  1; 15; 97;0xe1cfffdf3c00e008020f3016f9c4ffd0L
  1; 15; 98;0xf9c4ffd03c00e008020f305731d8ffd1L
  1; 15; 99;0x31d8ffd13c00e008020f309749d5ffd2L
  1; 15;100;0x49d5ffd23c00e008020f30d729caffd3L
  1; 15;101;0x29caffd33c00e008020f311771f5ffd4L
  1; 15;102;0x71f5ffd43c00e008020f3156e9eaffd5L
  1; 15;103;0xe9eaffd53c00e008020f319779e7ffd6L
  1; 15;104;0x79e7ffd63c00e008020f31d695baffd7L
  1; 15;105;0x95baffd73c00e008020f321745c2ffd8L
  1; 15;106;0xbcbcbcbc3c010008020f129731e5fffaL
  1; 15;107;0x31e5fffa3c010008020f12d72de7fffbL
  1; 15;108;0x2de7fffb3c010008020f13175dc6fffcL
  1; 15;109;0x5dc6fffc3c010008020f1356c1befffdL
  1; 15;110;0xc1befffd3c010008020f1396edc1fffeL
  1; 15;111;0xedc1fffe3c010008020f13d6f1cbffffL
  1; 15;112;0xf1cbffff3c010008020f10170dbffff0L
  1; 15;113;0xdbffff03c010008020f105725d6fff1L
  1; 15;114;0x25d6fff13c010008020f109741d4fff2L
  1; 15;115;0x41d4fff23c010008020f10d719cbfff3L
  1; 15;116;0x19cbfff33c010008020f111771f5fff4L
  1; 15;117;0x71f5fff43c010008020f1156d5eafff5L
  1; 15;118;0xd5eafff53c010008020f11977de6fff6L
  1; 15;119;0x7de6fff63c010008020f11d6a1bdfff7L
  1; 15;120;0xa1bdfff73c010008020f121741c6fff8L
  1; 15;121;0xbcbcbcbc3c012008020f329729e7ffdaL
  1; 15;122;0x29e7ffda3c012008020f32d71de6ffdbL
  1; 15;123;0x1de6ffdb3c012008020f33175dc3ffdcL
  1; 15;124;0x5dc3ffdc3c012008020f3356c9c4ffddL
  1; 15;125;0xc9c4ffdd3c012008020f3396d9c1ffdeL
  1; 15;126;0xd9c1ffde3c012008020f33d6ddd0ffdfL
  1; 15;127;0xddd0ffdf3c012008020f3016f9c3ffd0L
  1; 15;128;0xf9c3ffd03c012008020f305729d9ffd1L
  1; 15;129;0x29d9ffd13c012008020f309745d5ffd2L
  1; 15;130;0x45d5ffd23c012008020f30d72dcaffd3L
  1; 15;131;0x2dcaffd33c012008020f311771f6ffd4L
  1; 15;132;0x71f6ffd43c012008020f3156e9eaffd5L
  1; 15;133;0xe9eaffd53c012008020f31977de6ffd6L
  1; 15;134;0x7de6ffd63c012008020f31d69db9ffd7L
  1; 15;135;0x9db9ffd73c012008020f32174dc3ffd8L
  1; 15;136;0xbcbcbcbc3c014008020f12972de3fffaL
  1; 15;137;0x2de3fffa3c014008020f12d725e7fffbL
  1; 15;138;0x25e7fffb3c014008020f131759c6fffcL
  1; 15;139;0x59c6fffc3c014008020f1356b5befffdL
  1; 15;140;0xb5befffd3c014008020f1396e9c0fffeL
  1; 15;141;0xe9c0fffe3c014008020f13d6edcbffffL
  1; 15;142;0xedcbffff3c014008020f101705bdfff0L
  1; 15;143;0x5bdfff03c014008020f10571dd5fff1L
  1; 15;144;0x1dd5fff13c014008020f109739d1fff2L
  1; 15;145;0x39d1fff23c014008020f10d71dc9fff3L
  1; 15;146;0x1dc9fff33c014008020f111765f2fff4L
  1; 15;147;0x65f2fff43c014008020f1156d1e9fff5L
  1; 15;148;0xd1e9fff53c014008020f119779e5fff6L
  1; 15;149;0x79e5fff63c014008020f11d695bdfff7L
  1; 15;150;0x95bdfff73c014008020f121741c2fff8L
  1; 15;151;0xbcbcbcbc3c016008020f329731e8ffdaL
  1; 15;152;0x31e8ffda3c016008020f32d729e6ffdbL
  1; 15;153;0x29e6ffdb3c016008020f331765c5ffdcL
  1; 15;154;0x65c5ffdc3c016008020f3356c5c5ffddL
  1; 15;155;0xc5c5ffdd3c016008020f3396e1c4ffdeL
  1; 15;156;0xe1c4ffde3c016008020f33d6e5d0ffdfL
  1; 15;157;0xe5d0ffdf3c016008020f301701c6ffd0L
  1; 15;158;0x1c6ffd03c016008020f305731daffd1L
  1; 15;159;0x31daffd13c016008020f30974dd7ffd2L
  1; 15;160;0x4dd7ffd23c016008020f30d731cdffd3L
  1; 15;161;0x31cdffd33c016008020f311775f6ffd4L
  1; 15;162;0x75f6ffd43c016008020f3156f5ebffd5L
  1; 15;163;0xf5ebffd53c016008020f319781e8ffd6L
  1; 15;164;0x81e8ffd63c016008020f31d6a1baffd7L
  1; 15;165;0xa1baffd73c016008020f321751c5ffd8L
  1; 15;166;0xbcbcbcbc3c018008020f129725e3fffaL
  1; 15;167;0x25e3fffa3c018008020f12d725e6fffbL
  1; 15;168;0x25e6fffb3c018008020f131755c6fffcL
  1; 15;169;0x55c6fffc3c018008020f1356bdbdfffdL
  1; 15;170;0xbdbdfffd3c018008020f1396e9bffffeL
  1; 15;171;0xe9bffffe3c018008020f13d6edcaffffL
  1; 15;172;0xedcaffff3c018008020f101709bffff0L
  1; 15;173;0x9bffff03c018008020f105715d5fff1L
  1; 15;174;0x15d5fff13c018008020f10973dd2fff2L
  1; 15;175;0x3dd2fff23c018008020f10d719c8fff3L
  1; 15;176;0x19c8fff33c018008020f111761f3fff4L
  1; 15;177;0x61f3fff43c018008020f1156d1e9fff5L
  1; 15;178;0xd1e9fff53c018008020f11976de5fff6L
  1; 15;179;0x6de5fff63c018008020f11d691befff7L
  1; 15;180;0x91befff73c018008020f12173dc3fff8L
  1; 15;181;0xbcbcbcbc3c01a008020f329729e8ffdaL
  1; 15;182;0x29e8ffda3c01a008020f32d725e7ffdbL
  1; 15;183;0x25e7ffdb3c01a008020f331765c4ffdcL
  1; 15;184;0x65c4ffdc3c01a008020f3356c9c4ffddL
  1; 15;185;0xc9c4ffdd3c01a008020f3396ddc2ffdeL
  1; 15;186;0xddc2ffde3c01a008020f33d6e9d0ffdfL
  1; 15;187;0xe9d0ffdf3c01a008020f301701c5ffd0L
  1; 15;188;0x1c5ffd03c01a008020f30572ddaffd1L
  1; 15;189;0x2ddaffd13c01a008020f30974dd6ffd2L
  1; 15;190;0x4dd6ffd23c01a008020f30d739cdffd3L
  1; 15;191;0x39cdffd33c01a008020f311775f8ffd4L
  1; 15;192;0x75f8ffd43c01a008020f3156f1ebffd5L
  1; 15;193;0xf1ebffd53c01a008020f319789e9ffd6L
  1; 15;194;0x89e9ffd63c01a008020f31d69dbcffd7L
  1; 15;195;0x9dbcffd73c01a008020f321751c2ffd8L
  1; 15;196;0xbcbcbcbc3c01c008020f12972de3fffaL
  1; 15;197;0x2de3fffa3c01c008020f12d725e6fffbL
  1; 15;198;0x25e6fffb3c01c008020f131759c4fffcL
  1; 15;199;0x59c4fffc3c01c008020f1356b9befffdL
  1; 15;200;0xb9befffd3c01c008020f1396e9c0fffeL
  1; 15;201;0xe9c0fffe3c01c008020f13d6e9caffffL
  1; 15;202;0xe9caffff3c01c008020f101705befff0L
  1; 15;203;0x5befff03c01c008020f105715d5fff1L
  1; 15;204;0x15d5fff13c01c008020f109739d3fff2L
  1; 15;205;0x39d3fff23c01c008020f10d715cafff3L
  1; 15;206;0x15cafff33c01c008020f111761f4fff4L
  1; 15;207;0x61f4fff43c01c008020f1156d1e8fff5L
  1; 15;208;0xd1e8fff53c01c008020f11976de4fff6L
  1; 15;209;0x6de4fff63c01c008020f11d68dbdfff7L
  1; 15;210;0x8dbdfff73c01c008020f12173dc2fff8L
  1; 15;211;0xbcbcbcbc3c01e008020f329731e7ffdaL
  1; 15;212;0x31e7ffda3c01e008020f32d729e5ffdbL
  1; 15;213;0x29e5ffdb3c01e008020f331759c5ffdcL
  1; 15;214;0x59c5ffdc3c01e008020f3356c5c4ffddL
  1; 15;215;0xc5c4ffdd3c01e008020f3396d5c0ffdeL
  1; 15;216;0xd5c0ffde3c01e008020f33d6e5d0ffdfL
  1; 15;217;0xe5d0ffdf3c01e008020f301701c4ffd0L
  1; 15;218;0x1c4ffd03c01e008020f305729d9ffd1L
  1; 15;219;0x29d9ffd13c01e008020f309745d6ffd2L
  1; 15;220;0x45d6ffd23c01e008020f30d72dcaffd3L
  1; 15;221;0x2dcaffd33c01e008020f311775f6ffd4L
  1; 15;222;0x75f6ffd43c01e008020f3156f1e9ffd5L
  1; 15;223;0xf1e9ffd53c01e008020f319785e9ffd6L
  1; 15;224;0x85e9ffd63c01e008020f31d699bbffd7L
  1; 15;225;0x99bbffd73c01e008020f321751c2ffd8L
  1; 15;226;0xbcbcbcbc3c020008020f129731e4fffaL
  1; 15;227;0x31e4fffa3c020008020f12d725e7fffbL
  1; 15;228;0x25e7fffb3c020008020f131759c6fffcL
  1; 15;229;0x59c6fffc3c020008020f1356c1befffdL
  1; 15;230;0xc1befffd3c020008020f1396edc1fffeL
  1; 15;231;0xedc1fffe3c020008020f13d6f5caffffL
  1; 15;232;0xf5caffff3c020008020f101709befff0L
  1; 15;233;0x9befff03c020008020f105721d7fff1L
  1; 15;234;0x21d7fff13c020008020f109745d3fff2L
  1; 15;235;0x45d3fff23c020008020f10d719cafff3L
  1; 15;236;0x19cafff33c020008020f111769f5fff4L
  1; 15;237;0x69f5fff43c020008020f1156d5e9fff5L
  1; 15;238;0xd5e9fff53c020008020f119779e5fff6L
  1; 15;239;0x79e5fff63c020008020f11d68dbffff7L
  1; 15;240;0x8dbffff73c020008020f121745c4fff8L
  1; 15;241;0xbcbcbcbc3c022008020f329725e7ffdaL
  1; 15;242;0x25e7ffda3c022008020f32d725e6ffdbL
  1; 15;243;0x25e6ffdb3c022008020f33175dc3ffdcL
  1; 15;244;0x5dc3ffdc3c022008020f3356c5c3ffddL
  1; 15;245;0xc5c3ffdd3c022008020f3396d9c2ffdeL
  1; 15;246;0xd9c2ffde3c022008020f33d6e5cfffdfL
  1; 15;247;0xe5cfffdf3c022008020f3016fdc4ffd0L
  1; 15;248;0xfdc4ffd03c022008020f305735d9ffd1L
  1; 15;249;0x35d9ffd13c022008020f309749d5ffd2L
  1; 15;250;0x49d5ffd23c022008020f30d731caffd3L
  1; 15;251;0x31caffd33c022008020f311771f5ffd4L
  1; 15;252;0x71f5ffd43c022008020f3156f1eaffd5L
  1; 15;253;0xf1eaffd53c022008020f319781e7ffd6L
  1; 15;254;0x81e7ffd63c022008020f31d699b9ffd7L
  1; 15;255;0x99b9ffd73c022008020f32174dc1ffd8L
  1; 15;256;0xbcbcbcbc3c024008020f12972de5fffaL
  1; 16;  1;0xbcbcbcbc3c002008020f1a964da6ffdaL
  1; 16;  2;0x4da6ffda3c002008020f1ad6899effdbL
  1; 16;  3;0x899effdb3c002008020f1b16e1c8ffdcL
  1; 16;  4;0xe1c8ffdc3c002008020f1b565996ffddL
  1; 16;  5;0x5996ffdd3c002008020f1b9679c8ffdeL
  1; 16;  6;0x79c8ffde3c002008020f1bd5ed7effdfL
  1; 16;  7;0xed7effdf3c002008020f3016199dffd0L
  1; 16;  8;0x199dffd03c002008020f305671bfffd1L
  1; 16;  9;0x71bfffd13c002008020f189719afffd2L
  1; 16; 10;0x19afffd23c002008020f18d6e5e1ffd3L
  1; 16; 11;0xe5e1ffd33c002008020f191705d8ffd4L
  1; 16; 12;0x5d8ffd43c002008020f1956ddd2ff95L
  1; 16; 13;0xddd2ff953c002008020f199711c5ffd6L
  1; 16; 14;0x11c5ffd63c002008020f19d6add7ffd7L
  1; 16; 15;0xadd7ffd73c002008020f1a15e184ffd8L
  1; 16; 16;0xbcbcbcbc3c004008020f129639a6fffaL
  1; 16; 17;0x39a6fffa3c004008020f12d6859afffbL
  1; 16; 18;0x859afffb3c004008020f1316d9c5fffcL
  1; 16; 19;0xd9c5fffc3c004008020f13564595fffdL
  1; 16; 20;0x4595fffd3c004008020f139675cafffeL
  1; 16; 21;0x75cafffe3c004008020f13d5f57cffffL
  1; 16; 22;0xf57cffff3c004008020f1016099efff0L
  1; 16; 23;0x99efff03c004008020f10568dbdfff1L
  1; 16; 24;0x8dbdfff13c004008020f109705b0fff2L
  1; 16; 25;0x5b0fff23c004008020f10d6e5dffff3L
  1; 16; 26;0xe5dffff33c004008020f111701d8fff4L
  1; 16; 27;0x1d8fff43c004008020f1156d9d4fff5L
  1; 16; 28;0xd9d4fff53c004008020f119719befff6L
  1; 16; 29;0x19befff63c004008020f11d6b5d9fff7L
  1; 16; 30;0xb5d9fff73c004008020f1215d585fff8L
  1; 16; 31;0xbcbcbcbc3c006008020f329655a8ffdaL
  1; 16; 32;0x55a8ffda3c006008020f32d68da0ffdbL
  1; 16; 33;0x8da0ffdb3c006008020f3316e5c8ffdcL
  1; 16; 34;0xe5c8ffdc3c006008020f33566198ffddL
  1; 16; 35;0x6198ffdd3c006008020f339681c8ffdeL
  1; 16; 36;0x81c8ffde3c006008020f33d5e97effdfL
  1; 16; 37;0xe97effdf3c006008020f3016199fffd0L
  1; 16; 38;0x199fffd03c006008020f305675c0ffd1L
  1; 16; 39;0x75c0ffd13c006008020f309721b2ffd2L
  1; 16; 40;0x21b2ffd23c006008020f30d6f1e0ffd3L
  1; 16; 41;0xf1e0ffd33c006008020f31170dd9ffd4L
  1; 16; 42;0xdd9ffd43c006008020f3156e9d3ffd5L
  1; 16; 43;0xe9d3ffd53c006008020f31971dc6ffd6L
  1; 16; 44;0x1dc6ffd63c006008020f31d6b5d9ffd7L
  1; 16; 45;0xb5d9ffd73c006008020f3215e588ffd8L
  1; 16; 46;0xbcbcbcbc3c008008020f129641a4fffaL
  1; 16; 47;0x41a4fffa3c008008020f12d67d98fffbL
  1; 16; 48;0x7d98fffb3c008008020f1316d1c4fffcL
  1; 16; 49;0xd1c4fffc3c008008020f13564593fffdL
  1; 16; 50;0x4593fffd3c008008020f139669c8fffeL
  1; 16; 51;0x69c8fffe3c008008020f13d5e97affffL
  1; 16; 52;0xe97affff3c008008020f1015f99dfff0L
  1; 16; 53;0xf99dfff03c008008020f105681bbfff1L
  1; 16; 54;0x81bbfff13c008008020f1096f5aefff2L
  1; 16; 55;0xf5aefff23c008008020f10d6e5ddfff3L
  1; 16; 56;0xe5ddfff33c008008020f111701d6fff4L
  1; 16; 57;0x1d6fff43c008008020f1156d5d1fff5L
  1; 16; 58;0xd5d1fff53c008008020f11971dbbfff6L
  1; 16; 59;0x1dbbfff63c008008020f11d6b5d8fff7L
  1; 16; 60;0xb5d8fff73c008008020f1215d584fff8L
  1; 16; 61;0xbcbcbcbc3c00a008020f329651a8ffdaL
  1; 16; 62;0x51a8ffda3c00a008020f32d6899fffdbL
  1; 16; 63;0x899fffdb3c00a008020f3316e9c8ffdcL
  1; 16; 64;0xe9c8ffdc3c00a008020f33566997ffddL
  1; 16; 65;0x6997ffdd3c00a008020f339689caffdeL
  1; 16; 66;0x89caffde3c00a008020f33d5f57dffdfL
  1; 16; 67;0xf57dffdf3c00a008020f30161da0ffd0L
  1; 16; 68;0x1da0ffd03c00a008020f305675beffd1L
  1; 16; 69;0x75beffd13c00a008020f30971db0ffd2L
  1; 16; 70;0x1db0ffd23c00a008020f30d6ede1ffd3L
  1; 16; 71;0xede1ffd33c00a008020f311709d9ffd4L
  1; 16; 72;0x9d9ffd43c00a008020f3156e1d3ff95L
  1; 16; 73;0xe1d3ff953c00a008020f319715c6ffd6L
  1; 16; 74;0x15c6ffd63c00a008020f31d6add7ffd7L
  1; 16; 75;0xadd7ffd73c00a008020f3215e186ffd8L
  1; 16; 76;0xbcbcbcbc3c00c008020f129645a8fffaL
  1; 16; 77;0x45a8fffa3c00c008020f12d6819cfffbL
  1; 16; 78;0x819cfffb3c00c008020f1316d9c7fffcL
  1; 16; 79;0xd9c7fffc3c00c008020f13564d96fffdL
  1; 16; 80;0x4d96fffd3c00c008020f139675c9fffeL
  1; 16; 81;0x75c9fffe3c00c008020f13d5f57dffffL
  1; 16; 82;0xf57dffff3c00c008020f1016099efff0L
  1; 16; 83;0x99efff03c00c008020f10568dbefff1L
  1; 16; 84;0x8dbefff13c00c008020f109709b0fff2L
  1; 16; 85;0x9b0fff23c00c008020f10d6f1e1fff3L
  1; 16; 86;0xf1e1fff33c00c008020f11170dd7fff4L
  1; 16; 87;0xdd7fff43c00c008020f1156e5d3ffb5L
  1; 16; 88;0xe5d3ffb53c00c008020f119721bdfff6L
  1; 16; 89;0x21bdfff63c00c008020f11d6b9d9fff7L
  1; 16; 90;0xb9d9fff73c00c008020f1215dd85fff8L
  1; 16; 91;0xbcbcbcbc3c00e008020f329645a5ffdaL
  1; 16; 92;0x45a5ffda3c00e008020f32d6899dffdbL
  1; 16; 93;0x899dffdb3c00e008020f3316e1c5ffdcL
  1; 16; 94;0xe1c5ffdc3c00e008020f33565994ffddL
  1; 16; 95;0x5994ffdd3c00e008020f339679c9ffdeL
  1; 16; 96;0x79c9ffde3c00e008020f33d5e57bffdfL
  1; 16; 97;0xe57bffdf3c00e008020f3016119dffd0L
  1; 16; 98;0x119dffd03c00e008020f30566dbdffd1L
  1; 16; 99;0x6dbdffd13c00e008020f309715afffd2L
  1; 16;100;0x15afffd23c00e008020f30d6e9dfffd3L
  1; 16;101;0xe9dfffd33c00e008020f311701d9ffd4L
  1; 16;102;0x1d9ffd43c00e008020f3156d5d1ffd5L
  1; 16;103;0xd5d1ffd53c00e008020f319711c3ffd6L
  1; 16;104;0x11c3ffd63c00e008020f31d6add6ffd7L
  1; 16;105;0xadd6ffd73c00e008020f3215d984ffd8L
  1; 16;106;0xbcbcbcbc3c010008020f129645a6fffaL
  1; 16;107;0x45a6fffa3c010008020f12d6819afffbL
  1; 16;108;0x819afffb3c010008020f1316ddc6fffcL
  1; 16;109;0xddc6fffc3c010008020f13565194fffdL
  1; 16;110;0x5194fffd3c010008020f139671c9fffeL
  1; 16;111;0x71c9fffe3c010008020f13d5e97dffffL
  1; 16;112;0xe97dffff3c010008020f101609a0fff0L
  1; 16;113;0x9a0fff03c010008020f10568dbffff1L
  1; 16;114;0x8dbffff13c010008020f109709b2fff2L
  1; 16;115;0x9b2fff23c010008020f10d6ede1fff3L
  1; 16;116;0xede1fff33c010008020f111709d7fff4L
  1; 16;117;0x9d7fff43c010008020f1156e9d4fff5L
  1; 16;118;0xe9d4fff53c010008020f119725bdfff6L
  1; 16;119;0x25bdfff63c010008020f11d6b9dafff7L
  1; 16;120;0xb9dafff73c010008020f1215e184fff8L
  1; 16;121;0xbcbcbcbc3c012008020f329651a6ffdaL
  1; 16;122;0x51a6ffda3c012008020f32d6819dffdbL
  1; 16;123;0x819dffdb3c012008020f3316d9c7ffdcL
  1; 16;124;0xd9c7ffdc3c012008020f33565998ffddL
  1; 16;125;0x5998ffdd3c012008020f339679c9ffdeL
  1; 16;126;0x79c9ffde3c012008020f33d5e17cffdfL
  1; 16;127;0xe17cffdf3c012008020f30161d9dffd0L
  1; 16;128;0x1d9dffd03c012008020f305671bdffd1L
  1; 16;129;0x71bdffd13c012008020f309719afffd2L
  1; 16;130;0x19afffd23c012008020f30d6e9e0ffd3L
  1; 16;131;0xe9e0ffd33c012008020f311709d9ffd4L
  1; 16;132;0x9d9ffd43c012008020f3156e1d4ffd5L
  1; 16;133;0xe1d4ffd53c012008020f31970dc3ffd6L
  1; 16;134;0xdc3ffd63c012008020f31d6b5d6ffd7L
  1; 16;135;0xb5d6ffd73c012008020f3215d984ffd8L
  1; 16;136;0xbcbcbcbc3c014008020f129645aafffaL
  1; 16;137;0x45aafffa3c014008020f12d6899bfffbL
  1; 16;138;0x899bfffb3c014008020f1316e1c6fffcL
  1; 16;139;0xe1c6fffc3c014008020f13565596fffdL
  1; 16;140;0x5596fffd3c014008020f139675c9fffeL
  1; 16;141;0x75c9fffe3c014008020f13d5f57cffffL
  1; 16;142;0xf57cffff3c014008020f10160da1fff0L
  1; 16;143;0xda1fff03c014008020f105689bdfff1L
  1; 16;144;0x89bdfff13c014008020f109705b2fff2L
  1; 16;145;0x5b2fff23c014008020f10d6e9e1fff3L
  1; 16;146;0xe9e1fff33c014008020f111709d9fff4L
  1; 16;147;0x9d9fff43c014008020f1156e5d5fff5L
  1; 16;148;0xe5d5fff53c014008020f119725bffff6L
  1; 16;149;0x25bffff63c014008020f11d6b9dbfff7L
  1; 16;150;0xb9dbfff73c014008020f1215dd86fff8L
  1; 16;151;0xbcbcbcbc3c016008020f32964da9ffdaL
  1; 16;152;0x4da9ffda3c016008020f32d6899fffdbL
  1; 16;153;0x899fffdb3c016008020f3316ddc8ffdcL
  1; 16;154;0xddc8ffdc3c016008020f33566597ffddL
  1; 16;155;0x6597ffdd3c016008020f339685c9ffdeL
  1; 16;156;0x85c9ffde3c016008020f33d5ed7dffdfL
  1; 16;157;0xed7dffdf3c016008020f30161d9fffd0L
  1; 16;158;0x1d9fffd03c016008020f305671beffd1L
  1; 16;159;0x71beffd13c016008020f309721b3ffd2L
  1; 16;160;0x21b3ffd23c016008020f30d6f1e1ffd3L
  1; 16;161;0xf1e1ffd33c016008020f31170dd9ffd4L
  1; 16;162;0xdd9ffd43c016008020f3156e9d3ffd5L
  1; 16;163;0xe9d3ffd53c016008020f319715c5ffd6L
  1; 16;164;0x15c5ffd63c016008020f31d6b1d7ffd7L
  1; 16;165;0xb1d7ffd73c016008020f3215d986ffd8L
  1; 16;166;0xbcbcbcbc3c018008020f12963da6fffaL
  1; 16;167;0x3da6fffa3c018008020f12d68199fffbL
  1; 16;168;0x8199fffb3c018008020f1316d1c5fffcL
  1; 16;169;0xd1c5fffc3c018008020f13564d94fffdL
  1; 16;170;0x4d94fffd3c018008020f13966dc6fffeL
  1; 16;171;0x6dc6fffe3c018008020f13d5ed7dffffL
  1; 16;172;0xed7dffff3c018008020f1016099efff0L
  1; 16;173;0x99efff03c018008020f105681bcfff1L
  1; 16;174;0x81bcfff13c018008020f109709b1fff2L
  1; 16;175;0x9b1fff23c018008020f10d6e9e0fff3L
  1; 16;176;0xe9e0fff33c018008020f111709d6fff4L
  1; 16;177;0x9d6fff43c018008020f1156ddd5fff5L
  1; 16;178;0xddd5fff53c018008020f119721bdfff6L
  1; 16;179;0x21bdfff63c018008020f11d6addafff7L
  1; 16;180;0xaddafff73c018008020f1215dd86fff8L
  1; 16;181;0xbcbcbcbc3c01a008020f329659aaffdaL
  1; 16;182;0x59aaffda3c01a008020f32d699a1ffdbL
  1; 16;183;0x99a1ffdb3c01a008020f3316edcaffdcL
  1; 16;184;0xedcaffdc3c01a008020f33566999ffddL
  1; 16;185;0x6999ffdd3c01a008020f339689cbffdeL
  1; 16;186;0x89cbffde3c01a008020f33d5f97effdfL
  1; 16;187;0xf97effdf3c01a008020f301625a1ffd0L
  1; 16;188;0x25a1ffd03c01a008020f305679c2ffd1L
  1; 16;189;0x79c2ffd13c01a008020f309725b2ffd2L
  1; 16;190;0x25b2ffd23c01a008020f30d6f5e1ffd3L
  1; 16;191;0xf5e1ffd33c01a008020f311709dcffd4L
  1; 16;192;0x9dcffd43c01a008020f3156e9d5ff95L
  1; 16;193;0xe9d5ff953c01a008020f319719c7ffd6L
  1; 16;194;0x19c7ffd63c01a008020f31d6c1d9ffd7L
  1; 16;195;0xc1d9ffd73c01a008020f3215ed88ffd8L
  1; 16;196;0xbcbcbcbc3c01c008020f129639a6fffaL
  1; 16;197;0x39a6fffa3c01c008020f12d6819afffbL
  1; 16;198;0x819afffb3c01c008020f1316d5c5fffcL
  1; 16;199;0xd5c5fffc3c01c008020f13564194fffdL
  1; 16;200;0x4194fffd3c01c008020f139669c8fffeL
  1; 16;201;0x69c8fffe3c01c008020f13d5e97bffffL
  1; 16;202;0xe97bffff3c01c008020f1015fda0fff0L
  1; 16;203;0xfda0fff03c01c008020f105689bdfff1L
  1; 16;204;0x89bdfff13c01c008020f1096f5b0fff2L
  1; 16;205;0xf5b0fff23c01c008020f10d6e9e0fff3L
  1; 16;206;0xe9e0fff33c01c008020f111705d7fff4L
  1; 16;207;0x5d7fff43c01c008020f1156e1d4fff5L
  1; 16;208;0xe1d4fff53c01c008020f11971dbefff6L
  1; 16;209;0x1dbefff63c01c008020f11d6b1d9fff7L
  1; 16;210;0xb1d9fff73c01c008020f1215d586fff8L
  1; 16;211;0xbcbcbcbc3c01e008020f329659a9ffdaL
  1; 16;212;0x59a9ffda3c01e008020f32d691a0ffdbL
  1; 16;213;0x91a0ffdb3c01e008020f3316edcaffdcL
  1; 16;214;0xedcaffdc3c01e008020f33566598ffddL
  1; 16;215;0x6598ffdd3c01e008020f339685caffdeL
  1; 16;216;0x85caffde3c01e008020f33d5f17effdfL
  1; 16;217;0xf17effdf3c01e008020f30161da0ffd0L
  1; 16;218;0x1da0ffd03c01e008020f305679c1ffd1L
  1; 16;219;0x79c1ffd13c01e008020f30971db2ffd2L
  1; 16;220;0x1db2ffd23c01e008020f30d6ede2ffd3L
  1; 16;221;0xede2ffd33c01e008020f311709daffd4L
  1; 16;222;0x9daffd43c01e008020f3156e9d4ffd5L
  1; 16;223;0xe9d4ffd53c01e008020f319719c6ffd6L
  1; 16;224;0x19c6ffd63c01e008020f31d6b9d8ffd7L
  1; 16;225;0xb9d8ffd73c01e008020f3215e987ffd8L
  1; 16;226;0xbcbcbcbc3c020008020f129641a5fffaL
  1; 16;227;0x41a5fffa3c020008020f12d6819bfffbL
  1; 16;228;0x819bfffb3c020008020f1316d5c6fffcL
  1; 16;229;0xd5c6fffc3c020008020f13564994fffdL
  1; 16;230;0x4994fffd3c020008020f13966dc8fffeL
  1; 16;231;0x6dc8fffe3c020008020f13d5f17effffL
  1; 16;232;0xf17effff3c020008020f1016059efff0L
  1; 16;233;0x59efff03c020008020f105691bffff1L
  1; 16;234;0x91bffff13c020008020f109705b1fff2L
  1; 16;235;0x5b1fff23c020008020f10d6ede1fff3L
  1; 16;236;0xede1fff33c020008020f111709d8fff4L
  1; 16;237;0x9d8fff43c020008020f1156e1d6ffb5L
  1; 16;238;0xe1d6ffb53c020008020f119715bffff6L
  1; 16;239;0x15bffff63c020008020f11d6add9fff7L
  1; 16;240;0xadd9fff73c020008020f1215dd86fff8L
  1; 16;241;0xbcbcbcbc3c022008020f32964da6ffdaL
  1; 16;242;0x4da6ffda3c022008020f32d6859effdbL
  1; 16;243;0x859effdb3c022008020f3316e5c8ffdcL
  1; 16;244;0xe5c8ffdc3c022008020f33565997ffddL
  1; 16;245;0x5997ffdd3c022008020f339681c9ffdeL
  1; 16;246;0x81c9ffde3c022008020f33d5e97cffdfL
  1; 16;247;0xe97cffdf3c022008020f3016159dffd0L
  1; 16;248;0x159dffd03c022008020f30566dbfffd1L
  1; 16;249;0x6dbfffd13c022008020f309719b0ffd2L
  1; 16;250;0x19b0ffd23c022008020f30d6e5e1ffd3L
  1; 16;251;0xe5e1ffd33c022008020f311701d8ffd4L
  1; 16;252;0x1d8ffd43c022008020f3156e1d3ffd5L
  1; 16;253;0xe1d3ffd53c022008020f319715c5ffd6L
  1; 16;254;0x15c5ffd63c022008020f31d6b5d7ffd7L
  1; 16;255;0xb5d7ffd73c022008020f3215d986ffd8L
  1; 16;256;0xbcbcbcbc3c024008020f129645a6fffaL
  1; 17;  1;0xbcbcbcbc3c002008020f1a96e5d1ffdaL
  1; 17;  2;0xe5d1ffda3c002008020f1ad68596ffdbL
  1; 17;  3;0x8596ffdb3c002008020f1b165dbeffdcL
  1; 17;  4;0x5dbeffdc3c002008020f1b5659c4ffddL
  1; 17;  5;0x59c4ffdd3c002008020f1b95f58fffdeL
  1; 17;  6;0xf58fffde3c002008020f1bd68d8cffdfL
  1; 17;  7;0x8d8cffdf3c002008020f301719bbffd0L
  1; 17;  8;0x19bbffd03c002008020f30564db4ffd1L
  1; 17;  9;0x4db4ffd13c002008020f189725bcffd2L
  1; 17; 10;0x25bcffd23c002008020f18d769beffd3L
  1; 17; 11;0x69beffd33c002008020f1916d9d8ffd4L
  1; 17; 12;0xd9d8ffd43c002008020f1956a9ebffd5L
  1; 17; 13;0xa9ebffd53c002008020f19972dedffd6L
  1; 17; 14;0x2dedffd63c002008020f19d75dd8ffd7L
  1; 17; 15;0x5dd8ffd73c002008020f1a1741c4ffd8L
  1; 17; 16;0xbcbcbcbc3c004008020f1296d1c4fffaL
  1; 17; 17;0xd1c4fffa3c004008020f12d68d8bfffbL
  1; 17; 18;0x8d8bfffb3c004008020f131671bbfffcL
  1; 17; 19;0x71bbfffc3c004008020f13563dbbfffdL
  1; 17; 20;0x3dbbfffd3c004008020f1395f588fffeL
  1; 17; 21;0xf588fffe3c004008020f13d66989ffffL
  1; 17; 22;0x6989ffff3c004008020f101711befff0L
  1; 17; 23;0x11befff03c004008020f105645b1fff1L
  1; 17; 24;0x45b1fff13c004008020f109719bafff2L
  1; 17; 25;0x19bafff23c004008020f10d779bafff3L
  1; 17; 26;0x79bafff33c004008020f1116d1dafff4L
  1; 17; 27;0xd1dafff43c004008020f1156ade8fff5L
  1; 17; 28;0xade8fff53c004008020f119735eafff6L
  1; 17; 29;0x35eafff63c004008020f11d755d1fff7L
  1; 17; 30;0x55d1fff73c004008020f121731bafff8L
  1; 17; 31;0xbcbcbcbc3c006008020f3296e9d0ffdaL
  1; 17; 32;0xe9d0ffda3c006008020f32d68d94ffdbL
  1; 17; 33;0x8d94ffdb3c006008020f331665c0ffdcL
  1; 17; 34;0x65c0ffdc3c006008020f33565dc4ffddL
  1; 17; 35;0x5dc4ffdd3c006008020f3395f98effdeL
  1; 17; 36;0xf98effde3c006008020f33d6998cffdfL
  1; 17; 37;0x998cffdf3c006008020f30171dbbffd0L
  1; 17; 38;0x1dbbffd03c006008020f305655b6ffd1L
  1; 17; 39;0x55b6ffd13c006008020f309729bcffd2L
  1; 17; 40;0x29bcffd23c006008020f30d771c0ffd3L
  1; 17; 41;0x71c0ffd33c006008020f3116ddd7ffd4L
  1; 17; 42;0xddd7ffd43c006008020f3156a5ebffd5L
  1; 17; 43;0xa5ebffd53c006008020f319735ecffd6L
  1; 17; 44;0x35ecffd63c006008020f31d75dd9ffd7L
  1; 17; 45;0x5dd9ffd73c006008020f321741c6ffd8L
  1; 17; 46;0xbcbcbcbc3c008008020f1296c9c4fffaL
  1; 17; 47;0xc9c4fffa3c008008020f12d68d8afffbL
  1; 17; 48;0x8d8afffb3c008008020f13166dbafffcL
  1; 17; 49;0x6dbafffc3c008008020f135631bafffdL
  1; 17; 50;0x31bafffd3c008008020f1395e988fffeL
  1; 17; 51;0xe988fffe3c008008020f13d66d89ffffL
  1; 17; 52;0x6d89ffff3c008008020f101709bdfff0L
  1; 17; 53;0x9bdfff03c008008020f105645b2fff1L
  1; 17; 54;0x45b2fff13c008008020f109719b7fff2L
  1; 17; 55;0x19b7fff23c008008020f10d775bafff3L
  1; 17; 56;0x75bafff33c008008020f1116d5d9fff4L
  1; 17; 57;0xd5d9fff43c008008020f1156ade8fff5L
  1; 17; 58;0xade8fff53c008008020f119731eafff6L
  1; 17; 59;0x31eafff63c008008020f11d751d1fff7L
  1; 17; 60;0x51d1fff73c008008020f12172dbbfff8L
  1; 17; 61;0xbcbcbcbc3c00a008020f3296e5ceffdaL
  1; 17; 62;0xe5ceffda3c00a008020f32d67994ffdbL
  1; 17; 63;0x7994ffdb3c00a008020f331661bcffdcL
  1; 17; 64;0x61bcffdc3c00a008020f335655c3ffddL
  1; 17; 65;0x55c3ffdd3c00a008020f3395f98dffdeL
  1; 17; 66;0xf98dffde3c00a008020f33d68d8affdfL
  1; 17; 67;0x8d8affdf3c00a008020f301719bbffd0L
  1; 17; 68;0x19bbffd03c00a008020f305649b3ffd1L
  1; 17; 69;0x49b3ffd13c00a008020f309725bcffd2L
  1; 17; 70;0x25bcffd23c00a008020f30d771beffd3L
  1; 17; 71;0x71beffd33c00a008020f3116e1d7ffd4L
  1; 17; 72;0xe1d7ffd43c00a008020f3156a5ebffd5L
  1; 17; 73;0xa5ebffd53c00a008020f31972debffd6L
  1; 17; 74;0x2debffd63c00a008020f31d759d7ffd7L
  1; 17; 75;0x59d7ffd73c00a008020f321735c3ffd8L
  1; 17; 76;0xbcbcbcbc3c00c008020f1296d9c5fffaL
  1; 17; 77;0xd9c5fffa3c00c008020f12d6918afffbL
  1; 17; 78;0x918afffb3c00c008020f131679bbfffcL
  1; 17; 79;0x79bbfffc3c00c008020f13562dbcfffdL
  1; 17; 80;0x2dbcfffd3c00c008020f1395f989fffeL
  1; 17; 81;0xf989fffe3c00c008020f13d6658affffL
  1; 17; 82;0x658affff3c00c008020f101711c0fff0L
  1; 17; 83;0x11c0fff03c00c008020f10564db2fff1L
  1; 17; 84;0x4db2fff13c00c008020f109725b9fff2L
  1; 17; 85;0x25b9fff23c00c008020f10d779bbfff3L
  1; 17; 86;0x79bbfff33c00c008020f1116e1d9fff4L
  1; 17; 87;0xe1d9fff43c00c008020f1156b1e9fff5L
  1; 17; 88;0xb1e9fff53c00c008020f119731ebfff6L
  1; 17; 89;0x31ebfff63c00c008020f11d755d2fff7L
  1; 17; 90;0x55d2fff73c00c008020f121735bcfff8L
  1; 17; 91;0xbcbcbcbc3c00e008020f3296e5cfffdaL
  1; 17; 92;0xe5cfffda3c00e008020f32d67992ffdbL
  1; 17; 93;0x7992ffdb3c00e008020f331659bbffdcL
  1; 17; 94;0x59bbffdc3c00e008020f33564dc2ffddL
  1; 17; 95;0x4dc2ffdd3c00e008020f3395f18cffdeL
  1; 17; 96;0xf18cffde3c00e008020f33d69186ffdfL
  1; 17; 97;0x9186ffdf3c00e008020f301719bbffd0L
  1; 17; 98;0x19bbffd03c00e008020f30564db2ffd1L
  1; 17; 99;0x4db2ffd13c00e008020f30971db9ffd2L
  1; 17;100;0x1db9ffd23c00e008020f30d76dbdffd3L
  1; 17;101;0x6dbdffd33c00e008020f3116d1d5ffd4L
  1; 17;102;0xd1d5ffd43c00e008020f3156a5eaffd5L
  1; 17;103;0xa5eaffd53c00e008020f319729ebffd6L
  1; 17;104;0x29ebffd63c00e008020f31d755d7ffd7L
  1; 17;105;0x55d7ffd73c00e008020f321739c4ffd8L
  1; 17;106;0xbcbcbcbc3c010008020f1296cdc6fffaL
  1; 17;107;0xcdc6fffa3c010008020f12d6858afffbL
  1; 17;108;0x858afffb3c010008020f131679bcfffcL
  1; 17;109;0x79bcfffc3c010008020f135635bdfffdL
  1; 17;110;0x35bdfffd3c010008020f1395f98bfffeL
  1; 17;111;0xf98bfffe3c010008020f13d67189ffffL
  1; 17;112;0x7189ffff3c010008020f101711befff0L
  1; 17;113;0x11befff03c010008020f10564db3fff1L
  1; 17;114;0x4db3fff13c010008020f10971db9fff2L
  1; 17;115;0x1db9fff23c010008020f10d775bbfff3L
  1; 17;116;0x75bbfff33c010008020f1116d5d9fff4L
  1; 17;117;0xd5d9fff43c010008020f1156b1e9fff5L
  1; 17;118;0xb1e9fff53c010008020f119735ebfff6L
  1; 17;119;0x35ebfff63c010008020f11d751d1fff7L
  1; 17;120;0x51d1fff73c010008020f121731bcfff8L
  1; 17;121;0xbcbcbcbc3c012008020f3296e1ceffdaL
  1; 17;122;0xe1ceffda3c012008020f32d67192ffdbL
  1; 17;123;0x7192ffdb3c012008020f331655bbffdcL
  1; 17;124;0x55bbffdc3c012008020f33564dc1ffddL
  1; 17;125;0x4dc1ffdd3c012008020f3395e98bffdeL
  1; 17;126;0xe98bffde3c012008020f33d68988ffdfL
  1; 17;127;0x8988ffdf3c012008020f30170dbaffd0L
  1; 17;128;0xdbaffd03c012008020f305645b2ffd1L
  1; 17;129;0x45b2ffd13c012008020f309719b8ffd2L
  1; 17;130;0x19b8ffd23c012008020f30d765baffd3L
  1; 17;131;0x65baffd33c012008020f3116d1d5ffd4L
  1; 17;132;0xd1d5ffd43c012008020f3156a1e9ffd5L
  1; 17;133;0xa1e9ffd53c012008020f319729e9ffd6L
  1; 17;134;0x29e9ffd63c012008020f31d751d6ffd7L
  1; 17;135;0x51d6ffd73c012008020f321735c3ffd8L
  1; 17;136;0xbcbcbcbc3c014008020f1296d9c5fffaL
  1; 17;137;0xd9c5fffa3c014008020f12d6958bfffbL
  1; 17;138;0x958bfffb3c014008020f13167dbcfffcL
  1; 17;139;0x7dbcfffc3c014008020f135631bdfffdL
  1; 17;140;0x31bdfffd3c014008020f1395f98bfffeL
  1; 17;141;0xf98bfffe3c014008020f13d67188ffffL
  1; 17;142;0x7188ffff3c014008020f101711befff0L
  1; 17;143;0x11befff03c014008020f105641b2fff1L
  1; 17;144;0x41b2fff13c014008020f109721b8fff2L
  1; 17;145;0x21b8fff23c014008020f10d775bdfff3L
  1; 17;146;0x75bdfff33c014008020f1116d5dafff4L
  1; 17;147;0xd5dafff43c014008020f1156b5e9fff5L
  1; 17;148;0xb5e9fff53c014008020f119739ecfff6L
  1; 17;149;0x39ecfff63c014008020f11d751d3fff7L
  1; 17;150;0x51d3fff73c014008020f121735bbfff8L
  1; 17;151;0xbcbcbcbc3c016008020f3296edceffdaL
  1; 17;152;0xedceffda3c016008020f32d68994ffdbL
  1; 17;153;0x8994ffdb3c016008020f33165dbdffdcL
  1; 17;154;0x5dbdffdc3c016008020f335651c4ffddL
  1; 17;155;0x51c4ffdd3c016008020f3395f98effdeL
  1; 17;156;0xf98effde3c016008020f33d68d8bffdfL
  1; 17;157;0x8d8bffdf3c016008020f301721bcffd0L
  1; 17;158;0x21bcffd03c016008020f305655b3ffd1L
  1; 17;159;0x55b3ffd13c016008020f309721bbffd2L
  1; 17;160;0x21bbffd23c016008020f30d771c0ffd3L
  1; 17;161;0x71c0ffd33c016008020f3116ddd9ffd4L
  1; 17;162;0xddd9ffd43c016008020f3156a9ebffd5L
  1; 17;163;0xa9ebffd53c016008020f319729ebffd6L
  1; 17;164;0x29ebffd63c016008020f31d761d7ffd7L
  1; 17;165;0x61d7ffd73c016008020f32173dc4ffd8L
  1; 17;166;0xbcbcbcbc3c018008020f1296d1c5fffaL
  1; 17;167;0xd1c5fffa3c018008020f12d68988fffbL
  1; 17;168;0x8988fffb3c018008020f131675bcfffcL
  1; 17;169;0x75bcfffc3c018008020f135631bbfffdL
  1; 17;170;0x31bbfffd3c018008020f1395f587fffeL
  1; 17;171;0xf587fffe3c018008020f13d66586ffffL
  1; 17;172;0x6586ffff3c018008020f10170dbdfff0L
  1; 17;173;0xdbdfff03c018008020f105645b1fff1L
  1; 17;174;0x45b1fff13c018008020f109719b5fff2L
  1; 17;175;0x19b5fff23c018008020f10d771bbfff3L
  1; 17;176;0x71bbfff33c018008020f1116d5d8fff4L
  1; 17;177;0xd5d8fff43c018008020f1156ade8fff5L
  1; 17;178;0xade8fff53c018008020f119729eafff6L
  1; 17;179;0x29eafff63c018008020f11d755d1fff7L
  1; 17;180;0x55d1fff73c018008020f121731bdfff8L
  1; 17;181;0xbcbcbcbc3c01a008020f3296edd1ffdaL
  1; 17;182;0xedd1ffda3c01a008020f32d67996ffdbL
  1; 17;183;0x7996ffdb3c01a008020f331661beffdcL
  1; 17;184;0x61beffdc3c01a008020f335659c4ffddL
  1; 17;185;0x59c4ffdd3c01a008020f33960190ffdeL
  1; 17;186;0x190ffde3c01a008020f33d6918dffdfL
  1; 17;187;0x918dffdf3c01a008020f301719bdffd0L
  1; 17;188;0x19bdffd03c01a008020f305651b5ffd1L
  1; 17;189;0x51b5ffd13c01a008020f309725bbffd2L
  1; 17;190;0x25bbffd23c01a008020f30d76dbeffd3L
  1; 17;191;0x6dbeffd33c01a008020f3116e1d9ffd4L
  1; 17;192;0xe1d9ffd43c01a008020f3156a9eaffd5L
  1; 17;193;0xa9eaffd53c01a008020f31972decffd6L
  1; 17;194;0x2decffd63c01a008020f31d75dd7ffd7L
  1; 17;195;0x5dd7ffd73c01a008020f32173dc5ffd8L
  1; 17;196;0xbcbcbcbc3c01c008020f1296cdc5fffaL
  1; 17;197;0xcdc5fffa3c01c008020f12d68189fffbL
  1; 17;198;0x8189fffb3c01c008020f131671bafffcL
  1; 17;199;0x71bafffc3c01c008020f13562dbbfffdL
  1; 17;200;0x2dbbfffd3c01c008020f1395ed87fffeL
  1; 17;201;0xed87fffe3c01c008020f13d66987ffffL
  1; 17;202;0x6987ffff3c01c008020f101711befff0L
  1; 17;203;0x11befff03c01c008020f105641b0fff1L
  1; 17;204;0x41b0fff13c01c008020f109719b6fff2L
  1; 17;205;0x19b6fff23c01c008020f10d771bafff3L
  1; 17;206;0x71bafff33c01c008020f1116d1d8fff4L
  1; 17;207;0xd1d8fff43c01c008020f1156a9e9fff5L
  1; 17;208;0xa9e9fff53c01c008020f119735eafff6L
  1; 17;209;0x35eafff63c01c008020f11d751d1fff7L
  1; 17;210;0x51d1fff73c01c008020f121731bbfff8L
  1; 17;211;0xbcbcbcbc3c01e008020f3296e9d1ffdaL
  1; 17;212;0xe9d1ffda3c01e008020f32d68195ffdbL
  1; 17;213;0x8195ffdb3c01e008020f331659bdffdcL
  1; 17;214;0x59bdffdc3c01e008020f335659c4ffddL
  1; 17;215;0x59c4ffdd3c01e008020f3395f18fffdeL
  1; 17;216;0xf18fffde3c01e008020f33d6918affdfL
  1; 17;217;0x918affdf3c01e008020f301719bcffd0L
  1; 17;218;0x19bcffd03c01e008020f30564db4ffd1L
  1; 17;219;0x4db4ffd13c01e008020f309721bcffd2L
  1; 17;220;0x21bcffd23c01e008020f30d771bdffd3L
  1; 17;221;0x71bdffd33c01e008020f3116d9d8ffd4L
  1; 17;222;0xd9d8ffd43c01e008020f3156a5eaffd5L
  1; 17;223;0xa5eaffd53c01e008020f319729ebffd6L
  1; 17;224;0x29ebffd63c01e008020f31d759d7ffd7L
  1; 17;225;0x59d7ffd73c01e008020f321741c4ffd8L
  1; 17;226;0xbcbcbcbc3c020008020f1296d9c6fffaL
  1; 17;227;0xd9c6fffa3c020008020f12d68d8cfffbL
  1; 17;228;0x8d8cfffb3c020008020f131681befffcL
  1; 17;229;0x81befffc3c020008020f135639bdfffdL
  1; 17;230;0x39bdfffd3c020008020f1395f989fffeL
  1; 17;231;0xf989fffe3c020008020f13d66989ffffL
  1; 17;232;0x6989ffff3c020008020f10170dc1fff0L
  1; 17;233;0xdc1fff03c020008020f105645b1fff1L
  1; 17;234;0x45b1fff13c020008020f109721bafff2L
  1; 17;235;0x21bafff23c020008020f10d779bcfff3L
  1; 17;236;0x79bcfff33c020008020f1116d9d9fff4L
  1; 17;237;0xd9d9fff43c020008020f1156b5eafff5L
  1; 17;238;0xb5eafff53c020008020f11973debfff6L
  1; 17;239;0x3debfff63c020008020f11d759d3fff7L
  1; 17;240;0x59d3fff73c020008020f12172dbefff8L
  1; 17;241;0xbcbcbcbc3c022008020f3296e9d0ffdaL
  1; 17;242;0xe9d0ffda3c022008020f32d68194ffdbL
  1; 17;243;0x8194ffdb3c022008020f33165dbcffdcL
  1; 17;244;0x5dbcffdc3c022008020f33565dc5ffddL
  1; 17;245;0x5dc5ffdd3c022008020f3395f18dffdeL
  1; 17;246;0xf18dffde3c022008020f33d68d89ffdfL
  1; 17;247;0x8d89ffdf3c022008020f30171dbcffd0L
  1; 17;248;0x1dbcffd03c022008020f305651b3ffd1L
  1; 17;249;0x51b3ffd13c022008020f309721baffd2L
  1; 17;250;0x21baffd23c022008020f30d76dbbffd3L
  1; 17;251;0x6dbbffd33c022008020f3116ddd9ffd4L
  1; 17;252;0xddd9ffd43c022008020f3156a5eaffd5L
  1; 17;253;0xa5eaffd53c022008020f319739edffd6L
  1; 17;254;0x39edffd63c022008020f31d759d9ffd7L
  1; 17;255;0x59d9ffd73c022008020f321745c5ffd8L
  1; 17;256;0xbcbcbcbc3c024008020f1296d9c8fffaL
  1; 18;  1;0xbcbcbcbc3c002008020f1a97e5ddffdaL
  1; 18;  2;0xe5ddffda3c002008020f1ad799e3ffdbL
  1; 18;  3;0x99e3ffdb3c002008020f1b17bde8ffdcL
  1; 18;  4;0xbde8ffdc3c002008020f1b57c1fbffddL
  1; 18;  5;0xc1fbffdd3c002008020f1b97f9faff9eL
  1; 18;  6;0xf9faff9e3c002008020f1bd779f7ffdfL
  1; 18;  7;0x79f7ffdf3c002008020f3017e5f9ffd0L
  1; 18;  8;0xe5f9ffd03c002008020f30572decffd1L
  1; 18;  9;0x2decffd13c002008020f1897b1eeffd2L
  1; 18; 10;0xb1eeffd23c002008020f18d7edffffd3L
  1; 18; 11;0xedffffd33c002008020f1917fdffffd4L
  1; 18; 12;0xfdffffd43c002008020f1957c1f0ffd5L
  1; 18; 13;0xc1f0ffd53c002008020f1997edf6ffd6L
  1; 18; 14;0xedf6ffd63c002008020f19d7d5f4ff97L
  1; 18; 15;0xd5f4ff973c002008020f1a1791ecffd8L
  1; 18; 16;0xbcbcbcbc3c004008020f1297e1dcfffaL
  1; 18; 17;0xe1dcfffa3c004008020f12d78de4fffbL
  1; 18; 18;0x8de4fffb3c004008020f1317b9e3fffcL
  1; 18; 19;0xb9e3fffc3c004008020f1357b5fbfffdL
  1; 18; 20;0xb5fbfffd3c004008020f1397f5f9ffbeL
  1; 18; 21;0xf5f9ffbe3c004008020f13d771f5ffffL
  1; 18; 22;0x71f5ffff3c004008020f1017e5f9fff0L
  1; 18; 23;0xe5f9fff03c004008020f105725ebfff1L
  1; 18; 24;0x25ebfff13c004008020f10979dedfff2L
  1; 18; 25;0x9dedfff23c004008020f10d7edfffff3L
  1; 18; 26;0xedfffff33c004008020f1117fdfffff4L
  1; 18; 27;0xfdfffff43c004008020f1157c1eefff5L
  1; 18; 28;0xc1eefff53c004008020f1197e9f3fff6L
  1; 18; 29;0xe9f3fff63c004008020f11d7cdf4ffb7L
  1; 18; 30;0xcdf4ffb73c004008020f12179de9fff8L
  1; 18; 31;0xbcbcbcbc3c006008020f3297e5deffdaL
  1; 18; 32;0xe5deffda3c006008020f32d79de3ffdbL
  1; 18; 33;0x9de3ffdb3c006008020f3317bde8ffdcL
  1; 18; 34;0xbde8ffdc3c006008020f3357bdfbffddL
  1; 18; 35;0xbdfbffdd3c006008020f3397f5faff9eL
  1; 18; 36;0xf5faff9e3c006008020f33d781f8ffdfL
  1; 18; 37;0x81f8ffdf3c006008020f3017e5f9ffd0L
  1; 18; 38;0xe5f9ffd03c006008020f305729edffd1L
  1; 18; 39;0x29edffd13c006008020f3097b5eeffd2L
  1; 18; 40;0xb5eeffd23c006008020f30d7edffffd3L
  1; 18; 41;0xedffffd33c006008020f3117fdffffd4L
  1; 18; 42;0xfdffffd43c006008020f3157c1f0ffd5L
  1; 18; 43;0xc1f0ffd53c006008020f3197e9f6ffd6L
  1; 18; 44;0xe9f6ffd63c006008020f31d7d5f5ff97L
  1; 18; 45;0xd5f5ff973c006008020f321795ecffd8L
  1; 18; 46;0xbcbcbcbc3c008008020f1297e1dafffaL
  1; 18; 47;0xe1dafffa3c008008020f12d78de4fffbL
  1; 18; 48;0x8de4fffb3c008008020f1317b9e3fffcL
  1; 18; 49;0xb9e3fffc3c008008020f1357b5fbfffdL
  1; 18; 50;0xb5fbfffd3c008008020f1397edf8ffbeL
  1; 18; 51;0xedf8ffbe3c008008020f13d775f4ffffL
  1; 18; 52;0x75f4ffff3c008008020f1017e1f8fff0L
  1; 18; 53;0xe1f8fff03c008008020f10572decfff1L
  1; 18; 54;0x2decfff13c008008020f109799eefff2L
  1; 18; 55;0x99eefff23c008008020f10d7edfffff3L
  1; 18; 56;0xedfffff33c008008020f1117fdfffff4L
  1; 18; 57;0xfdfffff43c008008020f1157c1effff5L
  1; 18; 58;0xc1effff53c008008020f1197e9f4fff6L
  1; 18; 59;0xe9f4fff63c008008020f11d7d1f4ffb7L
  1; 18; 60;0xd1f4ffb73c008008020f12179de8fff8L
  1; 18; 61;0xbcbcbcbc3c00a008020f3297e5ddffdaL
  1; 18; 62;0xe5ddffda3c00a008020f32d7a1e4ffdbL
  1; 18; 63;0xa1e4ffdb3c00a008020f3317bde9ffdcL
  1; 18; 64;0xbde9ffdc3c00a008020f3357c1fbffddL
  1; 18; 65;0xc1fbffdd3c00a008020f3397f9f9ff9eL
  1; 18; 66;0xf9f9ff9e3c00a008020f33d781f7ffdfL
  1; 18; 67;0x81f7ffdf3c00a008020f3017e1f9ffd0L
  1; 18; 68;0xe1f9ffd03c00a008020f30572dedffd1L
  1; 18; 69;0x2dedffd13c00a008020f3097b1f0ffd2L
  1; 18; 70;0xb1f0ffd23c00a008020f30d7f1ffffd3L
  1; 18; 71;0xf1ffffd33c00a008020f3117fdffffd4L
  1; 18; 72;0xfdffffd43c00a008020f3157c1efffd5L
  1; 18; 73;0xc1efffd53c00a008020f3197e9f7ffd6L
  1; 18; 74;0xe9f7ffd63c00a008020f31d7d5f4ff97L
  1; 18; 75;0xd5f4ff973c00a008020f321795edffd8L
  1; 18; 76;0xbcbcbcbc3c00c008020f1297e9defffaL
  1; 18; 77;0xe9defffa3c00c008020f12d791e4fffbL
  1; 18; 78;0x91e4fffb3c00c008020f1317bde5fffcL
  1; 18; 79;0xbde5fffc3c00c008020f1357bdfafffdL
  1; 18; 80;0xbdfafffd3c00c008020f1397f1f9ffbeL
  1; 18; 81;0xf1f9ffbe3c00c008020f13d775f5ffffL
  1; 18; 82;0x75f5ffff3c00c008020f1017e5f9fff0L
  1; 18; 83;0xe5f9fff03c00c008020f105731ebfff1L
  1; 18; 84;0x31ebfff13c00c008020f1097a1edfff2L
  1; 18; 85;0xa1edfff23c00c008020f10d7edfffff3L
  1; 18; 86;0xedfffff33c00c008020f1117fdfffff4L
  1; 18; 87;0xfdfffff43c00c008020f1157c1f0fff5L
  1; 18; 88;0xc1f0fff53c00c008020f1197edf4fff6L
  1; 18; 89;0xedf4fff63c00c008020f11d7d1f5ffb7L
  1; 18; 90;0xd1f5ffb73c00c008020f12179deafff8L
  1; 18; 91;0xbcbcbcbc3c00e008020f3297e5ddffdaL
  1; 18; 92;0xe5ddffda3c00e008020f32d7a1e3ffdbL
  1; 18; 93;0xa1e3ffdb3c00e008020f3317b9e6ffdcL
  1; 18; 94;0xb9e6ffdc3c00e008020f3357c1fbffddL
  1; 18; 95;0xc1fbffdd3c00e008020f3397f5f9ff9eL
  1; 18; 96;0xf5f9ff9e3c00e008020f33d77df7ffdfL
  1; 18; 97;0x7df7ffdf3c00e008020f3017e5f9ffd0L
  1; 18; 98;0xe5f9ffd03c00e008020f30572decffd1L
  1; 18; 99;0x2decffd13c00e008020f3097b1eeffd2L
  1; 18;100;0xb1eeffd23c00e008020f30d7edffffd3L
  1; 18;101;0xedffffd33c00e008020f3117fdfeffd4L
  1; 18;102;0xfdfeffd43c00e008020f3157c1efffd5L
  1; 18;103;0xc1efffd53c00e008020f3197e9f6ffd6L
  1; 18;104;0xe9f6ffd63c00e008020f31d7d5f4ff97L
  1; 18;105;0xd5f4ff973c00e008020f32178deaffd8L
  1; 18;106;0xbcbcbcbc3c010008020f1297e5defffaL
  1; 18;107;0xe5defffa3c010008020f12d791e4fffbL
  1; 18;108;0x91e4fffb3c010008020f1317b9e5fffcL
  1; 18;109;0xb9e5fffc3c010008020f1357b9fbfffdL
  1; 18;110;0xb9fbfffd3c010008020f1397f5faffbeL
  1; 18;111;0xf5faffbe3c010008020f13d77df6ffffL
  1; 18;112;0x7df6ffff3c010008020f1017e1f9fff0L
  1; 18;113;0xe1f9fff03c010008020f10572decfff1L
  1; 18;114;0x2decfff13c010008020f1097a9eefff2L
  1; 18;115;0xa9eefff23c010008020f10d7f1fffff3L
  1; 18;116;0xf1fffff33c010008020f1117fdfffff4L
  1; 18;117;0xfdfffff43c010008020f1157c5effff5L
  1; 18;118;0xc5effff53c010008020f1197e9f4fff6L
  1; 18;119;0xe9f4fff63c010008020f11d7d1f5ffb7L
  1; 18;120;0xd1f5ffb73c010008020f1217a1e9fff8L
  1; 18;121;0xbcbcbcbc3c012008020f3297e5dcffdaL
  1; 18;122;0xe5dcffda3c012008020f32d79de2ffdbL
  1; 18;123;0x9de2ffdb3c012008020f3317b9e8ffdcL
  1; 18;124;0xb9e8ffdc3c012008020f3357b9fbffddL
  1; 18;125;0xb9fbffdd3c012008020f3397f5f8ff9eL
  1; 18;126;0xf5f8ff9e3c012008020f33d779f7ffdfL
  1; 18;127;0x79f7ffdf3c012008020f3017e1f9ffd0L
  1; 18;128;0xe1f9ffd03c012008020f305725edffd1L
  1; 18;129;0x25edffd13c012008020f3097adeeffd2L
  1; 18;130;0xadeeffd23c012008020f30d7edffffd3L
  1; 18;131;0xedffffd33c012008020f3117fdfeffd4L
  1; 18;132;0xfdfeffd43c012008020f3157c1eeffd5L
  1; 18;133;0xc1eeffd53c012008020f3197e9f5ffd6L
  1; 18;134;0xe9f5ffd63c012008020f31d7d1f4ff97L
  1; 18;135;0xd1f4ff973c012008020f32178debffd8L
  1; 18;136;0xbcbcbcbc3c014008020f1297e5defffaL
  1; 18;137;0xe5defffa3c014008020f12d791e4fffbL
  1; 18;138;0x91e4fffb3c014008020f1317b9e5fffcL
  1; 18;139;0xb9e5fffc3c014008020f1357b9fafffdL
  1; 18;140;0xb9fafffd3c014008020f1397f1f9ffbeL
  1; 18;141;0xf1f9ffbe3c014008020f13d779f6ffffL
  1; 18;142;0x79f6ffff3c014008020f1017e5f9fff0L
  1; 18;143;0xe5f9fff03c014008020f10572decfff1L
  1; 18;144;0x2decfff13c014008020f10979dedfff2L
  1; 18;145;0x9dedfff23c014008020f10d7f1fffff3L
  1; 18;146;0xf1fffff33c014008020f1117fdfffff4L
  1; 18;147;0xfdfffff43c014008020f1157c1f0fff5L
  1; 18;148;0xc1f0fff53c014008020f1197e9f4fff6L
  1; 18;149;0xe9f4fff63c014008020f11d7d1f5ffb7L
  1; 18;150;0xd1f5ffb73c014008020f1217a1e9fff8L
  1; 18;151;0xbcbcbcbc3c016008020f3297e5dbffdaL
  1; 18;152;0xe5dbffda3c016008020f32d79de4ffdbL
  1; 18;153;0x9de4ffdb3c016008020f3317bde7ffdcL
  1; 18;154;0xbde7ffdc3c016008020f3357bdfbffddL
  1; 18;155;0xbdfbffdd3c016008020f3397f5f9ff9eL
  1; 18;156;0xf5f9ff9e3c016008020f33d77df8ffdfL
  1; 18;157;0x7df8ffdf3c016008020f3017e5f9ffd0L
  1; 18;158;0xe5f9ffd03c016008020f305729edffd1L
  1; 18;159;0x29edffd13c016008020f3097b1eeffd2L
  1; 18;160;0xb1eeffd23c016008020f30d7edffffd3L
  1; 18;161;0xedffffd33c016008020f3117f9ffffd4L
  1; 18;162;0xf9ffffd43c016008020f3157c1efffd5L
  1; 18;163;0xc1efffd53c016008020f3197e9f7ffd6L
  1; 18;164;0xe9f7ffd63c016008020f31d7d5f4ff97L
  1; 18;165;0xd5f4ff973c016008020f321795ecffd8L
  1; 18;166;0xbcbcbcbc3c018008020f1297e9dcfffaL
  1; 18;167;0xe9dcfffa3c018008020f12d78de4fffbL
  1; 18;168;0x8de4fffb3c018008020f1317b5e4fffcL
  1; 18;169;0xb5e4fffc3c018008020f1357b5fafffdL
  1; 18;170;0xb5fafffd3c018008020f1397f5f9ffbeL
  1; 18;171;0xf5f9ffbe3c018008020f13d775f5ffffL
  1; 18;172;0x75f5ffff3c018008020f1017e5f9fff0L
  1; 18;173;0xe5f9fff03c018008020f10572decfff1L
  1; 18;174;0x2decfff13c018008020f1097a1edfff2L
  1; 18;175;0xa1edfff23c018008020f10d7edfffff3L
  1; 18;176;0xedfffff33c018008020f1117fdfffff4L
  1; 18;177;0xfdfffff43c018008020f1157c1effff5L
  1; 18;178;0xc1effff53c018008020f1197e9f3fff6L
  1; 18;179;0xe9f3fff63c018008020f11d7d1f4ffb7L
  1; 18;180;0xd1f4ffb73c018008020f12179de8fff8L
  1; 18;181;0xbcbcbcbc3c01a008020f3297e5ddffdaL
  1; 18;182;0xe5ddffda3c01a008020f32d79de3ffdbL
  1; 18;183;0x9de3ffdb3c01a008020f3317bde8ffdcL
  1; 18;184;0xbde8ffdc3c01a008020f3357c5fbffddL
  1; 18;185;0xc5fbffdd3c01a008020f3397f9f9ff9eL
  1; 18;186;0xf9f9ff9e3c01a008020f33d77df8ffdfL
  1; 18;187;0x7df8ffdf3c01a008020f3017e5f9ffd0L
  1; 18;188;0xe5f9ffd03c01a008020f30572dedffd1L
  1; 18;189;0x2dedffd13c01a008020f3097b1f0ffd2L
  1; 18;190;0xb1f0ffd23c01a008020f30d7edffffd3L
  1; 18;191;0xedffffd33c01a008020f3117fdffffd4L
  1; 18;192;0xfdffffd43c01a008020f3157bdefffd5L
  1; 18;193;0xbdefffd53c01a008020f3197e9f6ffd6L
  1; 18;194;0xe9f6ffd63c01a008020f31d7d5f4ff97L
  1; 18;195;0xd5f4ff973c01a008020f321791edffd8L
  1; 18;196;0xbcbcbcbc3c01c008020f1297e5dcfffaL
  1; 18;197;0xe5dcfffa3c01c008020f12d78de4fffbL
  1; 18;198;0x8de4fffb3c01c008020f1317b5e4fffcL
  1; 18;199;0xb5e4fffc3c01c008020f1357b9fafffdL
  1; 18;200;0xb9fafffd3c01c008020f1397f1f9ffbeL
  1; 18;201;0xf1f9ffbe3c01c008020f13d775f5ffffL
  1; 18;202;0x75f5ffff3c01c008020f1017e1f8fff0L
  1; 18;203;0xe1f8fff03c01c008020f105729ebfff1L
  1; 18;204;0x29ebfff13c01c008020f10979dedfff2L
  1; 18;205;0x9dedfff23c01c008020f10d7e9fffff3L
  1; 18;206;0xe9fffff33c01c008020f1117fdfffff4L
  1; 18;207;0xfdfffff43c01c008020f1157c1f0fff5L
  1; 18;208;0xc1f0fff53c01c008020f1197e9f3fff6L
  1; 18;209;0xe9f3fff63c01c008020f11d7cdf4ffb7L
  1; 18;210;0xcdf4ffb73c01c008020f121795e8fff8L
  1; 18;211;0xbcbcbcbc3c01e008020f3297e9deffdaL
  1; 18;212;0xe9deffda3c01e008020f32d79de3ffdbL
  1; 18;213;0x9de3ffdb3c01e008020f3317bde8ffdcL
  1; 18;214;0xbde8ffdc3c01e008020f3357c1fbffddL
  1; 18;215;0xc1fbffdd3c01e008020f3397f9faff9eL
  1; 18;216;0xf9faff9e3c01e008020f33d781f8ffdfL
  1; 18;217;0x81f8ffdf3c01e008020f3017e5f9ffd0L
  1; 18;218;0xe5f9ffd03c01e008020f30572deeffd1L
  1; 18;219;0x2deeffd13c01e008020f3097b1efffd2L
  1; 18;220;0xb1efffd23c01e008020f30d7edffffd3L
  1; 18;221;0xedffffd33c01e008020f3117fdffffd4L
  1; 18;222;0xfdffffd43c01e008020f3157c1efffd5L
  1; 18;223;0xc1efffd53c01e008020f3197e9f6ffd6L
  1; 18;224;0xe9f6ffd63c01e008020f31d7d5f4ff97L
  1; 18;225;0xd5f4ff973c01e008020f321795ecffd8L
  1; 18;226;0xbcbcbcbc3c020008020f1297e5ddfffaL
  1; 18;227;0xe5ddfffa3c020008020f12d78de4fffbL
  1; 18;228;0x8de4fffb3c020008020f1317bde5fffcL
  1; 18;229;0xbde5fffc3c020008020f1357b5fbfffdL
  1; 18;230;0xb5fbfffd3c020008020f1397f5faffbeL
  1; 18;231;0xf5faffbe3c020008020f13d775f5ffffL
  1; 18;232;0x75f5ffff3c020008020f1017e5f9fff0L
  1; 18;233;0xe5f9fff03c020008020f105729ecfff1L
  1; 18;234;0x29ecfff13c020008020f1097a1eefff2L
  1; 18;235;0xa1eefff23c020008020f10d7edfffff3L
  1; 18;236;0xedfffff33c020008020f1117fdfffff4L
  1; 18;237;0xfdfffff43c020008020f1157c1effff5L
  1; 18;238;0xc1effff53c020008020f1197e9f4fff6L
  1; 18;239;0xe9f4fff63c020008020f11d7d1f4ffb7L
  1; 18;240;0xd1f4ffb73c020008020f12179deafff8L
  1; 18;241;0xbcbcbcbc3c022008020f3297e5ddffdaL
  1; 18;242;0xe5ddffda3c022008020f32d79de3ffdbL
  1; 18;243;0x9de3ffdb3c022008020f3317bde8ffdcL
  1; 18;244;0xbde8ffdc3c022008020f3357bdfbffddL
  1; 18;245;0xbdfbffdd3c022008020f3397f5faff9eL
  1; 18;246;0xf5faff9e3c022008020f33d779f8ffdfL
  1; 18;247;0x79f8ffdf3c022008020f3017e1f9ffd0L
  1; 18;248;0xe1f9ffd03c022008020f305725edffd1L
  1; 18;249;0x25edffd13c022008020f3097a9eeffd2L
  1; 18;250;0xa9eeffd23c022008020f30d7edffffd3L
  1; 18;251;0xedffffd33c022008020f3117fdffffd4L
  1; 18;252;0xfdffffd43c022008020f3157bdefffd5L
  1; 18;253;0xbdefffd53c022008020f3197e9f6ffd6L
  1; 18;254;0xe9f6ffd63c022008020f31d7d5f4ff97L
  1; 18;255;0xd5f4ff973c022008020f321791ebffd8L
  1; 18;256;0xbcbcbcbc3c024008020f1297e5dffffaL
  1; 20;  1;0xbcbcbcbc3c026008020f329741e0ffdaL
  1; 20;  2;0x41e0ffda3c026008020f32d6adc3ffdbL
  1; 20;  3;0xadc3ffdb3c026008020f331701c2ffdcL
  1; 20;  4;0x1c2ffdc3c026008020f335759ddffddL
  1; 20;  5;0x59ddffdd3c026008020f339741c9ffdeL
  1; 20;  6;0x41c9ffde3c026008020f33d709cbffdfL
  1; 20;  7;0x9cbffdf3c026008020f30175dcaffd0L
  1; 20;  8;0x5dcaffd03c026008020f3057ade6ffd1L
  1; 20;  9;0xade6ffd13c026008020f30979deaffd2L
  1; 20; 10;0x9deaffd23c026008020f30d7a5f0ffd3L
  1; 20; 11;0xa5f0ffd33c026008020f311765e4ffd4L
  1; 20; 12;0x65e4ffd43c026008020f315761f2ffd5L
  1; 20; 13;0x61f2ffd53c026008020f319771baffd6L
  1; 20; 14;0x71baffd63c026008020f31d7e1ffff97L
  1; 20; 15;0xe1ffff973c026008020f321785b1ffd8L
  1; 20; 16;0xbcbcbcbc3c028008020f129749e4fffaL
  1; 20; 17;0x49e4fffa3c028008020f12d69dc6fffbL
  1; 20; 18;0x9dc6fffb3c028008020f1316f1c0fffcL
  1; 20; 19;0xf1c0fffc3c028008020f13575ddefffdL
  1; 20; 20;0x5ddefffd3c028008020f139745c4fffeL
  1; 20; 21;0x45c4fffe3c028008020f13d71dc5ffffL
  1; 20; 22;0x1dc5ffff3c028008020f101759c5fff0L
  1; 20; 23;0x59c5fff03c028008020f105799e6fff1L
  1; 20; 24;0x99e6fff13c028008020f10979de9fff2L
  1; 20; 25;0x9de9fff23c028008020f10d7adf0fff3L
  1; 20; 26;0xadf0fff33c028008020f11175de7fff4L
  1; 20; 27;0x5de7fff43c028008020f11576df2fff5L
  1; 20; 28;0x6df2fff53c028008020f119789bdfff6L
  1; 20; 29;0x89bdfff63c028008020f11d7d1ffffb7L
  1; 20; 30;0xd1ffffb73c028008020f121789aefff8L
  1; 20; 31;0xbcbcbcbc3c02a008020f32973de0ffdaL
  1; 20; 32;0x3de0ffda3c02a008020f32d6a9c4ffdbL
  1; 20; 33;0xa9c4ffdb3c02a008020f331705c2ffdcL
  1; 20; 34;0x5c2ffdc3c02a008020f33575ddeffddL
  1; 20; 35;0x5ddeffdd3c02a008020f33973dc9ffdeL
  1; 20; 36;0x3dc9ffde3c02a008020f33d70dcdffdfL
  1; 20; 37;0xdcdffdf3c02a008020f301759c9ffd0L
  1; 20; 38;0x59c9ffd03c02a008020f3057ade6ffd1L
  1; 20; 39;0xade6ffd13c02a008020f30979debffd2L
  1; 20; 40;0x9debffd23c02a008020f30d7a5f1ffd3L
  1; 20; 41;0xa5f1ffd33c02a008020f311769e6ffd4L
  1; 20; 42;0x69e6ffd43c02a008020f31576df2ffd5L
  1; 20; 43;0x6df2ffd53c02a008020f319775bcffd6L
  1; 20; 44;0x75bcffd63c02a008020f31d7e1ffff97L
  1; 20; 45;0xe1ffff973c02a008020f321789b4ffd8L
  1; 20; 46;0xbcbcbcbc3c02c008020f129745e4fffaL
  1; 20; 47;0x45e4fffa3c02c008020f12d6a1c6fffbL
  1; 20; 48;0xa1c6fffb3c02c008020f1316f1bdfffcL
  1; 20; 49;0xf1bdfffc3c02c008020f135761ddfffdL
  1; 20; 50;0x61ddfffd3c02c008020f139741c3fffeL
  1; 20; 51;0x41c3fffe3c02c008020f13d719c5ffffL
  1; 20; 52;0x19c5ffff3c02c008020f101755c5fff0L
  1; 20; 53;0x55c5fff03c02c008020f105795e4fff1L
  1; 20; 54;0x95e4fff13c02c008020f109799e9fff2L
  1; 20; 55;0x99e9fff23c02c008020f10d7adeffff3L
  1; 20; 56;0xadeffff33c02c008020f111759e6fff4L
  1; 20; 57;0x59e6fff43c02c008020f11576df2fff5L
  1; 20; 58;0x6df2fff53c02c008020f119785bdfff6L
  1; 20; 59;0x85bdfff63c02c008020f11d7d5ffffb7L
  1; 20; 60;0xd5ffffb73c02c008020f121781acfff8L
  1; 20; 61;0xbcbcbcbc3c02e008020f32974de2ffdaL
  1; 20; 62;0x4de2ffda3c02e008020f32d6b5c6ffdbL
  1; 20; 63;0xb5c6ffdb3c02e008020f331705c3ffdcL
  1; 20; 64;0x5c3ffdc3c02e008020f335761dfffddL
  1; 20; 65;0x61dfffdd3c02e008020f339749ccffdeL
  1; 20; 66;0x49ccffde3c02e008020f33d719ceffdfL
  1; 20; 67;0x19ceffdf3c02e008020f301769cbffd0L
  1; 20; 68;0x69cbffd03c02e008020f3057ade5ffd1L
  1; 20; 69;0xade5ffd13c02e008020f30979deaffd2L
  1; 20; 70;0x9deaffd23c02e008020f30d7adf0ffd3L
  1; 20; 71;0xadf0ffd33c02e008020f311775e6ffd4L
  1; 20; 72;0x75e6ffd43c02e008020f315771f3ffd5L
  1; 20; 73;0x71f3ffd53c02e008020f31977dbdffd6L
  1; 20; 74;0x7dbdffd63c02e008020f31d7e5ffff97L
  1; 20; 75;0xe5ffff973c02e008020f32178db5ffd8L
  1; 20; 76;0xbcbcbcbc3c00c008020f129749e4fffaL
  1; 20; 77;0x49e4fffa3c00c008020f12d699c5fffbL
  1; 20; 78;0x99c5fffb3c00c008020f1316f5c0fffcL
  1; 20; 79;0xf5c0fffc3c00c008020f135761defffdL
  1; 20; 80;0x61defffd3c00c008020f139745c4fffeL
  1; 20; 81;0x45c4fffe3c00c008020f13d719c7ffffL
  1; 20; 82;0x19c7ffff3c00c008020f101759c3fff0L
  1; 20; 83;0x59c3fff03c00c008020f10579de6fff1L
  1; 20; 84;0x9de6fff13c00c008020f10979deafff2L
  1; 20; 85;0x9deafff23c00c008020f10d7b1effff3L
  1; 20; 86;0xb1effff33c00c008020f111761e6fff4L
  1; 20; 87;0x61e6fff43c00c008020f11576df2fff5L
  1; 20; 88;0x6df2fff53c00c008020f119785befff6L
  1; 20; 89;0x85befff63c00c008020f11d7d1ffffb7L
  1; 20; 90;0xd1ffffb73c00c008020f121789aefff8L
  1; 20; 91;0xbcbcbcbc3c00e008020f329741e0ffdaL
  1; 20; 92;0x41e0ffda3c00e008020f32d6a9c4ffdbL
  1; 20; 93;0xa9c4ffdb3c00e008020f3316f9c1ffdcL
  1; 20; 94;0xf9c1ffdc3c00e008020f335759ddffddL
  1; 20; 95;0x59ddffdd3c00e008020f339739c8ffdeL
  1; 20; 96;0x39c8ffde3c00e008020f33d705cdffdfL
  1; 20; 97;0x5cdffdf3c00e008020f301759caffd0L
  1; 20; 98;0x59caffd03c00e008020f3057ade4ffd1L
  1; 20; 99;0xade4ffd13c00e008020f309799e9ffd2L
  1; 20;100;0x99e9ffd23c00e008020f30d7a5f0ffd3L
  1; 20;101;0xa5f0ffd33c00e008020f31176de5ffd4L
  1; 20;102;0x6de5ffd43c00e008020f315761f2ffd5L
  1; 20;103;0x61f2ffd53c00e008020f319771baffd6L
  1; 20;104;0x71baffd63c00e008020f31d7ddffff97L
  1; 20;105;0xddffff973c00e008020f321781b1ffd8L
  1; 20;106;0xbcbcbcbc3c010008020f129749e4fffaL
  1; 20;107;0x49e4fffa3c010008020f12d6a5c7fffbL
  1; 20;108;0xa5c7fffb3c010008020f1316f5c1fffcL
  1; 20;109;0xf5c1fffc3c010008020f135761dffffdL
  1; 20;110;0x61dffffd3c010008020f139745c5fffeL
  1; 20;111;0x45c5fffe3c010008020f13d721c8ffffL
  1; 20;112;0x21c8ffff3c010008020f101759c6fff0L
  1; 20;113;0x59c6fff03c010008020f10579de7fff1L
  1; 20;114;0x9de7fff13c010008020f109799eafff2L
  1; 20;115;0x99eafff23c010008020f10d7b1f0fff3L
  1; 20;116;0xb1f0fff33c010008020f111759e7fff4L
  1; 20;117;0x59e7fff43c010008020f11576df2fff5L
  1; 20;118;0x6df2fff53c010008020f119785befff6L
  1; 20;119;0x85befff63c010008020f11d7d5ffffb7L
  1; 20;120;0xd5ffffb73c010008020f121785affff8L
  1; 20;121;0xbcbcbcbc3c012008020f329745e0ffdaL
  1; 20;122;0x45e0ffda3c012008020f32d6a5c3ffdbL
  1; 20;123;0xa5c3ffdb3c012008020f331705c2ffdcL
  1; 20;124;0x5c2ffdc3c012008020f335759ddffddL
  1; 20;125;0x59ddffdd3c012008020f339739c7ffdeL
  1; 20;126;0x39c7ffde3c012008020f33d709cdffdfL
  1; 20;127;0x9cdffdf3c012008020f301761c9ffd0L
  1; 20;128;0x61c9ffd03c012008020f3057ade5ffd1L
  1; 20;129;0xade5ffd13c012008020f30979deaffd2L
  1; 20;130;0x9deaffd23c012008020f30d7a5f0ffd3L
  1; 20;131;0xa5f0ffd33c012008020f31176de4ffd4L
  1; 20;132;0x6de4ffd43c012008020f315761f2ffd5L
  1; 20;133;0x61f2ffd53c012008020f31976dbaffd6L
  1; 20;134;0x6dbaffd63c012008020f31d7e1ffff97L
  1; 20;135;0xe1ffff973c012008020f321785b2ffd8L
  1; 20;136;0xbcbcbcbc3c014008020f129745e3fffaL
  1; 20;137;0x45e3fffa3c014008020f12d69dc5fffbL
  1; 20;138;0x9dc5fffb3c014008020f1316f5befffcL
  1; 20;139;0xf5befffc3c014008020f135759ddfffdL
  1; 20;140;0x59ddfffd3c014008020f139745c4fffeL
  1; 20;141;0x45c4fffe3c014008020f13d719c5ffffL
  1; 20;142;0x19c5ffff3c014008020f101755c5fff0L
  1; 20;143;0x55c5fff03c014008020f10579de5fff1L
  1; 20;144;0x9de5fff13c014008020f109799eafff2L
  1; 20;145;0x99eafff23c014008020f10d7b1effff3L
  1; 20;146;0xb1effff33c014008020f11175de6fff4L
  1; 20;147;0x5de6fff43c014008020f11576df2fff5L
  1; 20;148;0x6df2fff53c014008020f119781bdfff6L
  1; 20;149;0x81bdfff63c014008020f11d7d1ffffb7L
  1; 20;150;0xd1ffffb73c014008020f121785aefff8L
  1; 20;151;0xbcbcbcbc3c016008020f329749e1ffdaL
  1; 20;152;0x49e1ffda3c016008020f32d6b1c5ffdbL
  1; 20;153;0xb1c5ffdb3c016008020f3316f9c2ffdcL
  1; 20;154;0xf9c2ffdc3c016008020f335759ddffddL
  1; 20;155;0x59ddffdd3c016008020f33973dc9ffdeL
  1; 20;156;0x3dc9ffde3c016008020f33d70dcdffdfL
  1; 20;157;0xdcdffdf3c016008020f301761caffd0L
  1; 20;158;0x61caffd03c016008020f3057a9e5ffd1L
  1; 20;159;0xa9e5ffd13c016008020f309799ebffd2L
  1; 20;160;0x99ebffd23c016008020f30d7a9f0ffd3L
  1; 20;161;0xa9f0ffd33c016008020f311769e4ffd4L
  1; 20;162;0x69e4ffd43c016008020f31576df2ffd5L
  1; 20;163;0x6df2ffd53c016008020f319771baffd6L
  1; 20;164;0x71baffd63c016008020f31d7d9ffff97L
  1; 20;165;0xd9ffff973c016008020f321789b3ffd8L
  1; 20;166;0xbcbcbcbc3c018008020f129749e4fffaL
  1; 20;167;0x49e4fffa3c018008020f12d6a1c6fffbL
  1; 20;168;0xa1c6fffb3c018008020f1316f9c2fffcL
  1; 20;169;0xf9c2fffc3c018008020f135765ddfffdL
  1; 20;170;0x65ddfffd3c018008020f139741c6fffeL
  1; 20;171;0x41c6fffe3c018008020f13d719c7ffffL
  1; 20;172;0x19c7ffff3c018008020f101755c7fff0L
  1; 20;173;0x55c7fff03c018008020f105799e5fff1L
  1; 20;174;0x99e5fff13c018008020f109799eafff2L
  1; 20;175;0x99eafff23c018008020f10d7b1f0fff3L
  1; 20;176;0xb1f0fff33c018008020f111761e8fff4L
  1; 20;177;0x61e8fff43c018008020f11576df2fff5L
  1; 20;178;0x6df2fff53c018008020f119785befff6L
  1; 20;179;0x85befff63c018008020f11d7d1ffffb7L
  1; 20;180;0xd1ffffb73c018008020f121785aefff8L
  1; 20;181;0xbcbcbcbc3c01a008020f32974de1ffdaL
  1; 20;182;0x4de1ffda3c01a008020f32d6b9c6ffdbL
  1; 20;183;0xb9c6ffdb3c01a008020f331705c4ffdcL
  1; 20;184;0x5c4ffdc3c01a008020f335761dfffddL
  1; 20;185;0x61dfffdd3c01a008020f339751caffdeL
  1; 20;186;0x51caffde3c01a008020f33d715cfffdfL
  1; 20;187;0x15cfffdf3c01a008020f301761ccffd0L
  1; 20;188;0x61ccffd03c01a008020f3057ade6ffd1L
  1; 20;189;0xade6ffd13c01a008020f3097a1ebffd2L
  1; 20;190;0xa1ebffd23c01a008020f30d7a9f0ffd3L
  1; 20;191;0xa9f0ffd33c01a008020f311771e6ffd4L
  1; 20;192;0x71e6ffd43c01a008020f315769f2ffd5L
  1; 20;193;0x69f2ffd53c01a008020f319779bcffd6L
  1; 20;194;0x79bcffd63c01a008020f31d7e5ffff97L
  1; 20;195;0xe5ffff973c01a008020f32178db5ffd8L
  1; 20;196;0xbcbcbcbc3c01c008020f129745e3fffaL
  1; 20;197;0x45e3fffa3c01c008020f12d691c5fffbL
  1; 20;198;0x91c5fffb3c01c008020f1316e9bffffcL
  1; 20;199;0xe9bffffc3c01c008020f135759ddfffdL
  1; 20;200;0x59ddfffd3c01c008020f139739c2fffeL
  1; 20;201;0x39c2fffe3c01c008020f13d719c7ffffL
  1; 20;202;0x19c7ffff3c01c008020f10174dc5fff0L
  1; 20;203;0x4dc5fff03c01c008020f105791e6fff1L
  1; 20;204;0x91e6fff13c01c008020f109795e9fff2L
  1; 20;205;0x95e9fff23c01c008020f10d7adeefff3L
  1; 20;206;0xadeefff33c01c008020f11175de5fff4L
  1; 20;207;0x5de5fff43c01c008020f11576df2fff5L
  1; 20;208;0x6df2fff53c01c008020f119781bbfff6L
  1; 20;209;0x81bbfff63c01c008020f11d7d5feffb7L
  1; 20;210;0xd5feffb73c01c008020f121781aefff8L
  1; 20;211;0xbcbcbcbc3c01e008020f329749e0ffdaL
  1; 20;212;0x49e0ffda3c01e008020f32d6adc5ffdbL
  1; 20;213;0xadc5ffdb3c01e008020f331705c2ffdcL
  1; 20;214;0x5c2ffdc3c01e008020f335755dfffddL
  1; 20;215;0x55dfffdd3c01e008020f339745c9ffdeL
  1; 20;216;0x45c9ffde3c01e008020f33d711ceffdfL
  1; 20;217;0x11ceffdf3c01e008020f301765ccffd0L
  1; 20;218;0x65ccffd03c01e008020f3057ade7ffd1L
  1; 20;219;0xade7ffd13c01e008020f3097a1ebffd2L
  1; 20;220;0xa1ebffd23c01e008020f30d7a9f1ffd3L
  1; 20;221;0xa9f1ffd33c01e008020f311771e7ffd4L
  1; 20;222;0x71e7ffd43c01e008020f315769f2ffd5L
  1; 20;223;0x69f2ffd53c01e008020f319775bbffd6L
  1; 20;224;0x75bbffd63c01e008020f31d7e1ffff97L
  1; 20;225;0xe1ffff973c01e008020f32178db5ffd8L
  1; 20;226;0xbcbcbcbc3c020008020f129745e4fffaL
  1; 20;227;0x45e4fffa3c020008020f12d6a1c7fffbL
  1; 20;228;0xa1c7fffb3c020008020f1316f5c1fffcL
  1; 20;229;0xf5c1fffc3c020008020f135761dffffdL
  1; 20;230;0x61dffffd3c020008020f139749c5fffeL
  1; 20;231;0x49c5fffe3c020008020f13d721c5ffffL
  1; 20;232;0x21c5ffff3c020008020f10175dc6fff0L
  1; 20;233;0x5dc6fff03c020008020f10579de7fff1L
  1; 20;234;0x9de7fff13c020008020f109795eafff2L
  1; 20;235;0x95eafff23c020008020f10d7b1effff3L
  1; 20;236;0xb1effff33c020008020f111761e5fff4L
  1; 20;237;0x61e5fff43c020008020f11576df3fff5L
  1; 20;238;0x6df3fff53c020008020f119785bdfff6L
  1; 20;239;0x85bdfff63c020008020f11d7d5ffffb7L
  1; 20;240;0xd5ffffb73c020008020f121785affff8L
  1; 20;241;0xbcbcbcbc3c022008020f329749e1ffdaL
  1; 20;242;0x49e1ffda3c022008020f32d6b5c6ffdbL
  1; 20;243;0xb5c6ffdb3c022008020f331705c3ffdcL
  1; 20;244;0x5c3ffdc3c022008020f33575ddfffddL
  1; 20;245;0x5ddfffdd3c022008020f339749caffdeL
  1; 20;246;0x49caffde3c022008020f33d715ceffdfL
  1; 20;247;0x15ceffdf3c022008020f30175dcaffd0L
  1; 20;248;0x5dcaffd03c022008020f3057b1e6ffd1L
  1; 20;249;0xb1e6ffd13c022008020f30979debffd2L
  1; 20;250;0x9debffd23c022008020f30d7adf0ffd3L
  1; 20;251;0xadf0ffd33c022008020f31176de5ffd4L
  1; 20;252;0x6de5ffd43c022008020f315765f3ffd5L
  1; 20;253;0x65f3ffd53c022008020f319775bbffd6L
  1; 20;254;0x75bbffd63c022008020f31d7e1ffff97L
  1; 20;255;0xe1ffff973c022008020f321789b4ffd8L
  1; 20;256;0xbcbcbcbc3c024008020f12974de3fffaL
