Link ID; Channel ID; Line; Data 
  1; 15;  1;0x3c000008020f1f17ae36fff3L
  1; 15;  2;0x3c000008020f1fa93622fff2L
  1; 15;  3;0x3c000008020f1f89f235fff1L
  1; 15;  4;0x3c000008020f1f29ea35ffefL
  1; 15;  5;0x3c000008020f0809f221ff30L
  1; 15;  6;0x3c000008020f08b7da29ff2eL
  1; 15;  7;0x3c000008020f0897d232ffe2L
  1; 15;  8;0x3c000008020f0829fd3afffcL
  1; 15;  9;0x3c000008020f1617baecffe4L
  1; 15; 10;0x3c000008020f16a95de7fffaL
  1; 15; 11;0x3c000008020f169776fcfff9L
  1; 15; 12;0x3c000008020f1d298e5bffe7L
  1; 15; 13;0x3c000008020f1e17aa27ffe8L
  1; 15; 14;0x3c000008020f1ea97a38fff6L
  1; 15; 15;0x3c000008020f1e97c6f5fff5L
  1; 15; 16;0x3c000008020fcf177a36ff23L
  1; 15; 17;0x3c000008020fcfa92a24ff3dL
  1; 15; 18;0x3c000008020fcf89fa24ff3eL
  1; 15; 19;0x3c000008020fcf29e62eff3fL
  1; 15; 20;0x3c000008020fd317123aff20L
  1; 15; 21;0x3c000008020fd3b7b226ff21L
  1; 15; 22;0x3c000008020fd397bd29ff2dL
  1; 15; 23;0x3c000008020fd337ca2fff2cL
  1; 15; 24;0x3c000008020fd21766e9ff2bL
  1; 15; 25;0x3c000008020fd2a9fdf4ff2aL
  1; 15; 26;0x3c000008020fd29796f6ff29L
  1; 15; 27;0x3c000008020fd2295a5bff37L
  1; 15; 28;0x3c000008020fd1176128ff38L
  1; 15; 29;0x3c000008020fd1a99a23ff26L
  1; 15; 30;0x3c000008020fd197c6f4ff25L
  1; 15; 31;0x3c000008020fdf176e2fff33L
  1; 15; 32;0x3c000008020fdfa9fa3cff32L
  1; 15; 33;0x3c000008020fdf89ea28ff31L
  1; 15; 34;0x3c000008020fdf370e31ff2fL
  1; 15; 35;0x3c000008020fc3170a3cfff0L
  1; 15; 36;0x3c000008020fc3b7d225ffeeL
  1; 15; 37;0x3c000008020fc397b226ff22L
  1; 15; 38;0x3c000008020fc337ae2cff3cL
  1; 15; 39;0x3c000008020fdd1796e9ff24L
  1; 15; 40;0x3c000008020fdda9eaf4ff3aL
  1; 15; 41;0x3c000008020fdd9792f4ff39L
  1; 15; 42;0x3c000008020fdd295621ff27L
  1; 15; 43;0x3c000008020fde176139ff28L
  1; 15; 44;0x3c000008020fdea96625ff36L
  1; 15; 45;0x3c000008020fde97b2f5ff35L
  1; 15; 46;0x3c000008020f0717aa34fff3L
  1; 15; 47;0x3c000008020f07a9323cfff2L
  1; 15; 48;0x3c000008020f0789ea35fff1L
  1; 15; 49;0x3c000008020f0729fd32ffefL
  1; 15; 50;0x3c000008020f04170139ff30L
  1; 15; 51;0x3c000008020f04b7a13bff2eL
  1; 15; 52;0x3c000008020f0497b22affe2L
  1; 15; 53;0x3c000008020f0437d632fffcL
  1; 15; 54;0x3c000008020f1a1772f8ffe4L
  1; 15; 55;0x3c000008020f1aa92af5fffaL
  1; 15; 56;0x3c000008020f1a9792f5fff9L
  1; 15; 57;0x3c000008020f1a298a45ffe7L
  1; 15; 58;0x3c000008020f1917aa36ffe8L
  1; 15; 59;0x3c000008020f19a97238fff6L
  1; 15; 60;0x3c000008020f1997c6f4fff5L
  1; 15; 61;0x3c000008020fd4177a28ff23L
  1; 15; 62;0x3c000008020fd4a9323aff3dL
  1; 15; 63;0x3c000008020fd489fa3aff3eL
  1; 15; 64;0x3c000008020fd429e62dff3fL
  1; 15; 65;0x3c000008020fc8170e28ff20L
  1; 15; 66;0x3c000008020fc8b7b238ff21L
  1; 15; 67;0x3c000008020fc8977a38ff2dL
  1; 15; 68;0x3c000008020fc837dd2fff2cL
  1; 15; 69;0x3c000008020fd61781f7ff2bL
  1; 15; 70;0x3c000008020fd6a9eaf4ff2aL
  1; 15; 71;0x3c000008020fd69796f6ff29L
  1; 15; 72;0x3c000008020fd6295a43ff37L
  1; 15; 73;0x3c000008020fd517bd27ff38L
  1; 15; 74;0x3c000008020fd5a97d3bff26L
  1; 15; 75;0x3c000008020fd597cef4ff25L
  1; 15; 76;0x3c000008020fdb177634ff33L
  1; 15; 77;0x3c000008020fdba92622ff32L
  1; 15; 78;0x3c000008020fdb89ee39ff31L
  1; 15; 79;0x3c000008020fdb371235ff2fL
  1; 15; 80;0x3c000008020fd8170a5ffff0L
  1; 15; 81;0x3c000008020fd8b7da38ffeeL
  1; 15; 82;0x3c000008020fd897ba37ff22L
  1; 15; 83;0x3c000008020fd837b62dff3cL
  1; 15; 84;0x3c000008020fc61796e9ff24L
  1; 15; 85;0x3c000008020fc6a9f2f6ff3aL
  1; 15; 86;0x3c000008020fc69792e7ff39L
  1; 15; 87;0x3c000008020fc629865dff27L
  1; 15; 88;0x3c000008020fc517bd24ff28L
  1; 15; 89;0x3c000008020fc5a97238ff36L
  1; 15; 90;0x3c000008020fc597bae8ff35L
  1; 15; 91;0x3c000008020f1c17aa35fff3L
  1; 15; 92;0x3c000008020f1ca93622fff2L
  1; 15; 93;0x3c000008020f1c89f236fff1L
  1; 15; 94;0x3c000008020f1c29f234ffefL
  1; 15; 95;0x3c000008020f00170127ff30L
  1; 15; 96;0x3c000008020f00b7c623ff2eL
  1; 15; 97;0x3c000008020f0097b22bffe2L
  1; 15; 98;0x3c000008020f0037da31fffcL
  1; 15; 99;0x3c000008020f011772e6ffe4L
  1; 15;100;0x3c000008020f01a926f6fffaL
  1; 15;101;0x3c000008020f01979ae8fff9L
  1; 15;102;0x3c000008020f0129925bffe7L
  1; 15;103;0x3c000008020f0217a628ffe8L
  1; 15;104;0x3c000008020f02a97637fff6L
  1; 15;105;0x3c000008020f0297a1f2fff5L
  1; 15;106;0x3c000008020fc7177235ff23L
  1; 15;107;0x3c000008020fc7a92a39ff3dL
  1; 15;108;0x3c000008020fc789fa39ff3eL
  1; 15;109;0x3c000008020fc737012cff3fL
  1; 15;110;0x3c000008020fc4170a35ff20L
  1; 15;111;0x3c000008020fc4b7ae26ff21L
  1; 15;112;0x3c000008020fc4977626ff2dL
  1; 15;113;0x3c000008020fc437a12eff2cL
  1; 15;114;0x3c000008020fda179af8ff2bL
  1; 15;115;0x3c000008020fdab701f3ff2aL
  1; 15;116;0x3c000008020fda978ef5ff29L
  1; 15;117;0x3c000008020fda29525eff37L
  1; 15;118;0x3c000008020fd9177636ff38L
  1; 15;119;0x3c000008020fd9a9813dff26L
  1; 15;120;0x3c000008020fd997ddf2ff25L
  1; 15;121;0x3c000008020fd7177633ff33L
  1; 15;122;0x3c000008020fd7a9fa5fff32L
  1; 15;123;0x3c000008020fd789f228ff31L
  1; 15;124;0x3c000008020fd7370e33ff2fL
  1; 15;125;0x3c000008020fcb171d20fff0L
  1; 15;126;0x3c000008020fcbb7d238ffeeL
  1; 15;127;0x3c000008020fcb97b638ff22L
  1; 15;128;0x3c000008020fcb37a12cff3cL
  1; 16;  1;0x3c000008020fd7170e2dff33L
  1; 16;  2;0x3c000008020fd7a99244ff32L
  1; 16;  3;0x3c000008020fd789412eff31L
  1; 16;  4;0x3c000008020fd729ce9aff2fL
  1; 16;  5;0x3c000008020fcb09ca48fff0L
  1; 16;  6;0x3c000008020fcb97ce49ff22L
  1; 16;  7;0x3c000008020fcb371dfaff3cL
  1; 16;  8;0x3c000008020fca171de0ff24L
  1; 16;  9;0x3c000008020fcab70625ff9aL
  1; 16; 10;0x3c000008020fca97a130ff39L
  1; 16; 11;0x3c000008020fca292e3fff27L
  1; 16; 12;0x3c000008020fc9090692ff28L
  1; 16; 13;0x3c000008020fc9a92a86ff36L
  1; 16; 14;0x3c000008020fc9898e4eff35L
  1; 16; 15;0x3c000008020fdf170132fff3L
  1; 16; 16;0x3c000008020fdfa98141fff2L
  1; 16; 17;0x3c000008020fdf89412efff1L
  1; 16; 18;0x3c000008020fdf290a9cffefL
  1; 16; 19;0x3c000008020fc309b25aff30L
  1; 16; 20;0x3c000008020fc397064cffe2L
  1; 16; 21;0x3c000008020fc3370ee4fffcL
  1; 16; 22;0x3c000008020fdd17c13dffe4L
  1; 16; 23;0x3c000008020fddb71a37fffaL
  1; 16; 24;0x3c000008020fdd97dd35fff9L
  1; 16; 25;0x3c000008020fdd2932e0ffe7L
  1; 16; 26;0x3c000008020fde090e95ffe8L
  1; 16; 27;0x3c000008020fdea94a8bfff6L
  1; 16; 28;0x3c000008020fde899a4ffff5L
  1; 16; 29;0x3c000008020fdc170e31ff23L
  1; 16; 30;0x3c000008020fdca98a41ff3dL
  1; 16; 31;0x3c000008020fdc89862dff3eL
  1; 16; 32;0x3c000008020fdc290687ff3fL
  1; 16; 33;0x3c000008020fc009ca47ff20L
  1; 16; 34;0x3c000008020fc097ca58ff2dL
  1; 16; 35;0x3c000008020fc0370ef9ff2cL
  1; 16; 36;0x3c000008020fc1170a3dff2bL
  1; 16; 37;0x3c000008020fc1b71629ff2aL
  1; 16; 38;0x3c000008020fc197ce33ff29L
  1; 16; 39;0x3c000008020fc129323bff37L
  1; 16; 40;0x3c000008020fc2091693ff38L
  1; 16; 41;0x3c000008020fc2a9329eff26L
  1; 16; 42;0x3c000008020fc289814dff25L
  1; 16; 43;0x3c000008020fcc17c137ff33L
  1; 16; 44;0x3c000008020fcca94156ff32L
  1; 16; 45;0x3c000008020fcc89462dff31L
  1; 16; 46;0x3c000008020fcc29c688ff2fL
  1; 16; 47;0x3c000008020fd009ba54fff0L
  1; 16; 48;0x3c000008020fd097a15bff22L
  1; 16; 49;0x3c000008020fd037d2f6ff3cL
  1; 16; 50;0x3c000008020fce17cafcff24L
  1; 16; 51;0x3c000008020fceb7d6e0ff3aL
  1; 16; 52;0x3c000008020fce97ae2eff39L
  1; 16; 53;0x3c000008020fce293de4ff27L
  1; 16; 54;0x3c000008020fcd09ca8dff28L
  1; 16; 55;0x3c000008020fcda9f29dff36L
  1; 16; 56;0x3c000008020fcd895a4aff35L
  1; 16; 57;0x3c000008020fdb17062bfff3L
  1; 16; 58;0x3c000008020fdba98648fff2L
  1; 16; 59;0x3c000008020fdb89562afff1L
  1; 16; 60;0x3c000008020fdb29ce95ffefL
  1; 16; 61;0x3c000008020fd8096153ff30L
  1; 16; 62;0x3c000008020fd897ce49ffe2L
  1; 16; 63;0x3c000008020fd837d6e8fffcL
  1; 16; 64;0x3c000008020fc617cae0ffe4L
  1; 16; 65;0x3c000008020fc6b70e3bff5aL
  1; 16; 66;0x3c000008020fc697ae2ffff9L
  1; 16; 67;0x3c000008020fc629f6fcffe7L
  1; 16; 68;0x3c000008020fc509d290ffe8L
  1; 16; 69;0x3c000008020fc5a9369bfff6L
  1; 16; 70;0x3c000008020fc589864afff5L
  1; 16; 71;0x3c000008020f1f170e2fff23L
  1; 16; 72;0x3c000008020f1fa9929fff3dL
  1; 16; 73;0x3c000008020f1f898a2dff3eL
  1; 16; 74;0x3c000008020f1f290688ff3fL
  1; 16; 75;0x3c000008020f08090e9efff0L
  1; 16; 76;0x3c000008020f08971a55ff22L
  1; 16; 77;0x3c000008020f0829eae1ff3cL
  1; 16; 78;0x3c000008020f1609e625ff24L
  1; 16; 79;0x3c000008020f16a9ea2eff9aL
  1; 16; 80;0x3c000008020f16971d24ff39L
  1; 16; 81;0x3c000008020f1d29323dff37L
  1; 16; 82;0x3c000008020f1e091692ff38L
  1; 16; 83;0x3c000008020f1ea9329dff26L
  1; 16; 84;0x3c000008020f1e899a4dff25L
  1; 16; 85;0x3c000008020fcf170e2cff33L
  1; 16; 86;0x3c000008020fcfa98e5cff32L
  1; 16; 87;0x3c000008020fcf899d2fff31L
  1; 16; 88;0x3c000008020fcf29ce82ff2fL
  1; 16; 89;0x3c000008020fd3090a5affe0L
  1; 16; 90;0x3c000008020fd397c158ffedL
  1; 16; 91;0x3c000008020fd3370efaffecL
  1; 16; 92;0x3c000008020fd217063bffebL
  1; 16; 93;0x3c000008020fd2b70e38ff4aL
  1; 16; 94;0x3c000008020fd297dd39ffe9L
  1; 16; 95;0x3c000008020fd22932e0ff27L
  1; 16; 96;0x3c000008020fd109c193ff28L
  1; 16; 97;0x3c000008020fd1a92a89ff36L
  1; 16; 98;0x3c000008020fd1899a4eff35L
  1; 16; 99;0x3c000008020fdf171632ffe3L
  1; 16;100;0x3c000008020fdfa96641fffdL
  1; 16;101;0x3c000008020fdf89962cfffeL
  1; 16;102;0x3c000008020fdf29da88ffffL
  1; 16;103;0x3c000008020fc309b256ff30L
  1; 16;104;0x3c000008020fc397d64cffe2L
  1; 16;105;0x3c000008020fc3370afafffcL
  1; 16;106;0x3c000008020fdd17d63effe4L
  1; 16;107;0x3c000008020fddb70e29ff5aL
  1; 16;108;0x3c000008020fdd97ba34fff9L
  1; 16;109;0x3c000008020fdd292ae1fff7L
  1; 16;110;0x3c000008020fde091a8ffff8L
  1; 16;111;0x3c000008020fdea93283ffe6L
  1; 16;112;0x3c000008020fde89814cffe5L
  1; 16;113;0x3c000008020f0717062eff23L
  1; 16;114;0x3c000008020f07a98659ff3dL
  1; 16;115;0x3c000008020f0789862bff3eL
  1; 16;116;0x3c000008020f0729da94ff3fL
  1; 16;117;0x3c000008020f0409a155fff0L
  1; 16;118;0x3c000008020f0497ca49ff22L
  1; 16;119;0x3c000008020f0437c1e8ff3cL
  1; 16;120;0x3c000008020f1a17d6e2ff24L
  1; 16;121;0x3c000008020f1ab7c13dff9aL
  1; 16;122;0x3c000008020f1a97b62eff39L
  1; 16;123;0x3c000008020f1a29e1e1ff37L
  1; 16;124;0x3c000008020f19090690ff38L
  1; 16;125;0x3c000008020f19a92642ff26L
  1; 16;126;0x3c000008020f19899649ff25L
  1; 16;127;0x3c000008020fd417c129ff33L
  1; 16;128;0x3c000008020fd4a98659ff32L
  1; 17;  1;0x3c000008020f1f096624ff23L
  1; 17;  2;0x3c000008020f1fa96e33ff3dL
  1; 17;  3;0x3c000008020f1f891d89ff3eL
  1; 17;  4;0x3c000008020f1f294a8dff3fL
  1; 17;  5;0x3c000008020f08170e5efff0L
  1; 17;  6;0x3c000008020f08a9b650ffeeL
  1; 17;  7;0x3c000008020f08970a57ff22L
  1; 17;  8;0x3c000008020f08376e5bff3cL
  1; 17;  9;0x3c000008020f1609263dff24L
  1; 17; 10;0x3c000008020f16a95ae8ff3aL
  1; 17; 11;0x3c000008020f1697d2f4ff39L
  1; 17; 12;0x3c000008020f1d377de0ff37L
  1; 17; 13;0x3c000008020f1e17aa34ff38L
  1; 17; 14;0x3c000008020f1ea9ee34ff26L
  1; 17; 15;0x3c000008020f1e971638ff25L
  1; 17; 16;0x3c000008020fcf095a24ff33L
  1; 17; 17;0x3c000008020fcfa97236ff32L
  1; 17; 18;0x3c000008020fcf89d29bff31L
  1; 17; 19;0x3c000008020fcf294e90ff2fL
  1; 17; 20;0x3c000008020fd317d228ffe0L
  1; 17; 21;0x3c000008020fd3a9965dffe1L
  1; 17; 22;0x3c000008020fd397ca20ffedL
  1; 17; 23;0x3c000008020fd3378e39ffecL
  1; 17; 24;0x3c000008020fd217013fffebL
  1; 17; 25;0x3c000008020fd2a932f3ffeaL
  1; 17; 26;0x3c000008020fd297b2eeffe9L
  1; 17; 27;0x3c000008020fd237813eff27L
  1; 17; 28;0x3c000008020fd1176136ff28L
  1; 17; 29;0x3c000008020fd1a9fd32ff36L
  1; 17; 30;0x3c000008020fd189e626ff35L
  1; 17; 31;0x3c000008020fdf09863affe3L
  1; 17; 32;0x3c000008020fdfa9bd39fffdL
  1; 17; 33;0x3c000008020fdf89da8dfffeL
  1; 17; 34;0x3c000008020fdf29868dffffL
  1; 17; 35;0x3c000008020fc317ca20ff30L
  1; 17; 36;0x3c000008020fc3a96a46ff2eL
  1; 17; 37;0x3c000008020fc397ba24ffe2L
  1; 17; 38;0x3c000008020fc3378e27fffcL
  1; 17; 39;0x3c000008020fdd09e6e2ffe4L
  1; 17; 40;0x3c000008020fdda956f3fffaL
  1; 17; 41;0x3c000008020fdd9772eefff9L
  1; 17; 42;0x3c000008020fdd37663dfff7L
  1; 17; 43;0x3c000008020fde17ae3afff8L
  1; 17; 44;0x3c000008020fdea9fd35ffe6L
  1; 17; 45;0x3c000008020fde97012fffe5L
  1; 17; 46;0x3c000008020f07099a39ff23L
  1; 17; 47;0x3c000008020f07a99a33ff3dL
  1; 17; 48;0x3c000008020f0789da86ff3eL
  1; 17; 49;0x3c000008020f07294e8aff3fL
  1; 17; 50;0x3c000008020f0417ce39fff0L
  1; 17; 51;0x3c000008020f04a96e45ffeeL
  1; 17; 52;0x3c000008020f0497ca20ff22L
  1; 17; 53;0x3c000008020f04378e39ff3cL
  1; 17; 54;0x3c000008020f1a09e6fcff24L
  1; 17; 55;0x3c000008020f1aa93af4ff3aL
  1; 17; 56;0x3c000008020f1a97aeedff39L
  1; 17; 57;0x3c000008020f1a379ae1ff37L
  1; 17; 58;0x3c000008020f1917aa33ff38L
  1; 17; 59;0x3c000008020f19a9e634ff26L
  1; 17; 60;0x3c000008020f19970e26ff25L
  1; 17; 61;0x3c000008020fd4099d39ff33L
  1; 17; 62;0x3c000008020fd4a97236ff32L
  1; 17; 63;0x3c000008020fd489d69bff31L
  1; 17; 64;0x3c000008020fd4294e8dff2fL
  1; 17; 65;0x3c000008020fc817d239ffe0L
  1; 17; 66;0x3c000008020fc8a9965effe1L
  1; 17; 67;0x3c000008020fc897c65fffedL
  1; 17; 68;0x3c000008020fc8378e3affecL
  1; 17; 69;0x3c000008020fd617013fffebL
  1; 17; 70;0x3c000008020fd6a92ef3ffeaL
  1; 17; 71;0x3c000008020fd697aaedffe9L
  1; 17; 72;0x3c000008020fd637963eff27L
  1; 17; 73;0x3c000008020fd5177a36ff28L
  1; 17; 74;0x3c000008020fd5b71a33ff36L
  1; 17; 75;0x3c000008020fd589ea29ff35L
  1; 17; 76;0x3c000008020fdb098a24ffe3L
  1; 17; 77;0x3c000008020fdba9aa3afffdL
  1; 17; 78;0x3c000008020fdb89c18efffeL
  1; 17; 79;0x3c000008020fdb298e8dffffL
  1; 17; 80;0x3c000008020fd817ce22ff30L
  1; 17; 81;0x3c000008020fd8a97245ff2eL
  1; 17; 82;0x3c000008020fd897a13cffe2L
  1; 17; 83;0x3c000008020fd8379227fffcL
  1; 17; 84;0x3c000008020fc609eae1ffe4L
  1; 17; 85;0x3c000008020fc6a956f3fffaL
  1; 17; 86;0x3c000008020fc69772eefff9L
  1; 17; 87;0x3c000008020fc6376a3bfff7L
  1; 17; 88;0x3c000008020fc517b23cfff8L
  1; 17; 89;0x3c000008020fc5a9ea35ffe6L
  1; 17; 90;0x3c000008020fc589e630ffe5L
  1; 17; 91;0x3c000008020f1c099a39ff23L
  1; 17; 92;0x3c000008020f1ca96633ff3dL
  1; 17; 93;0x3c000008020f1c89da89ff3eL
  1; 17; 94;0x3c000008020f1c295d8bff3fL
  1; 17; 95;0x3c000008020f0017ce27fff0L
  1; 17; 96;0x3c000008020f00a96e46ffeeL
  1; 17; 97;0x3c000008020f0097c620ff22L
  1; 17; 98;0x3c000008020f00379228ff3cL
  1; 17; 99;0x3c000008020f0109eafcff24L
  1; 17;100;0x3c000008020f01a936f4ff3aL
  1; 17;101;0x3c000008020f0197b2edff39L
  1; 17;102;0x3c000008020f013766e0ff37L
  1; 17;103;0x3c000008020f0217a633ff38L
  1; 17;104;0x3c000008020f02a9ee35ff26L
  1; 17;105;0x3c000008020f02971226ff25L
  1; 17;106;0x3c000008020fc7098e22ff33L
  1; 17;107;0x3c000008020fc7a9bd27ff32L
  1; 17;108;0x3c000008020fc7891d89ff31L
  1; 17;109;0x3c000008020fc7295692ff2fL
  1; 17;110;0x3c000008020fc4171d39ffe0L
  1; 17;111;0x3c000008020fc4a9665bffe1L
  1; 17;112;0x3c000008020fc497d65dffedL
  1; 17;113;0x3c000008020fc4379622ffecL
  1; 17;114;0x3c000008020fda09ee3dffebL
  1; 17;115;0x3c000008020fdaa921f4ffeaL
  1; 17;116;0x3c000008020fda97b6f0ffe9L
  1; 17;117;0x3c000008020fda376623ff27L
  1; 17;118;0x3c000008020fd917bd36ff28L
  1; 17;119;0x3c000008020fd9a9ee33ff36L
  1; 17;120;0x3c000008020fd989fa2aff35L
  1; 17;121;0x3c000008020fd709413affe3L
  1; 17;122;0x3c000008020fd7a9613afffdL
  1; 17;123;0x3c000008020fd789c18dfffeL
  1; 17;124;0x3c000008020fd7298a8dffffL
  1; 17;125;0x3c000008020fcb17ca22ff30L
  1; 17;126;0x3c000008020fcba96e5bff2eL
  1; 17;127;0x3c000008020fcb97ba3affe2L
  1; 17;128;0x3c000008020fcb378e28fffcL
  1; 18;  1;0x3c000008020fd4173af5ff33L
  1; 18;  2;0x3c000008020fd4b72ae5ff32L
  1; 18;  3;0x3c000008020fd497fdfdff91L
  1; 18;  4;0x3c000008020fd4378ef8ff2fL
  1; 18;  5;0x3c000008020fc817f6e6ffe0L
  1; 18;  6;0x3c000008020fc8b7aef3ffe1L
  1; 18;  7;0x3c000008020fc8974eeeffedL
  1; 18;  8;0x3c000008020fc837eeffffecL
  1; 18;  9;0x3c000008020fd617fdffffebL
  1; 18; 10;0x3c000008020fd6b721efffeaL
  1; 18; 11;0x3c000008020fd697f2f7ffe9L
  1; 18; 12;0x3c000008020fd6372eeaff87L
  1; 18; 13;0x3c000008020fd51752f1ff28L
  1; 18; 14;0x3c000008020fd5a921e8ff36L
  1; 18; 15;0x3c000008020fd597f6e8ff35L
  1; 18; 16;0x3c000008020fdb1721e8ffe3L
  1; 18; 17;0x3c000008020fdbb736e5fffdL
  1; 18; 18;0x3c000008020fdb97e6e3ff5eL
  1; 18; 19;0x3c000008020fdb3796f7ffffL
  1; 18; 20;0x3c000008020fd817fae5ff30L
  1; 18; 21;0x3c000008020fd8b7c6f2ff2eL
  1; 18; 22;0x3c000008020fd89756f0ffe2L
  1; 18; 23;0x3c000008020fd837eefffffcL
  1; 18; 24;0x3c000008020fc617fdffffe4L
  1; 18; 25;0x3c000008020fc6b75deffffaL
  1; 18; 26;0x3c000008020fc697f2e9fff9L
  1; 18; 27;0x3c000008020fc6372aebff57L
  1; 18; 28;0x3c000008020fc5174af3fff8L
  1; 18; 29;0x3c000008020fc5a95de7ffe6L
  1; 18; 30;0x3c000008020fc597fae2ffe5L
  1; 18; 31;0x3c000008020f1c173af5ff23L
  1; 18; 32;0x3c000008020f1cb72afbff3dL
  1; 18; 33;0x3c000008020f1c97fdfdff9eL
  1; 18; 34;0x3c000008020f1c3786f8ff3fL
  1; 18; 35;0x3c000008020f0017f6e5fff0L
  1; 18; 36;0x3c000008020f00b7baf2ffeeL
  1; 18; 37;0x3c000008020f00973aeaff22L
  1; 18; 38;0x3c000008020f0037f2ffff3cL
  1; 18; 39;0x3c000008020f0117fdffff24L
  1; 18; 40;0x3c000008020f01b721f1ff3aL
  1; 18; 41;0x3c000008020f0197eef8ff39L
  1; 18; 42;0x3c000008020f01372aeaff97L
  1; 18; 43;0x3c000008020f021752eeff38L
  1; 18; 44;0x3c000008020f02a932f5ff26L
  1; 18; 45;0x3c000008020f0297f6faff25L
  1; 18; 46;0x3c000008020fc7173af5ff33L
  1; 18; 47;0x3c000008020fc7b72ae5ff32L
  1; 18; 48;0x3c000008020fc797fdfeff91L
  1; 18; 49;0x3c000008020fc7378af8ff2fL
  1; 18; 50;0x3c000008020fc417f6e5ffe0L
  1; 18; 51;0x3c000008020fc4b7aaf2ffe1L
  1; 18; 52;0x3c000008020fc4974aedffedL
  1; 18; 53;0x3c000008020fc437eeffffecL
  1; 18; 54;0x3c000008020fda17fdffffebL
  1; 18; 55;0x3c000008020fdab721f0ffeaL
  1; 18; 56;0x3c000008020fda97f2f7ffe9L
  1; 18; 57;0x3c000008020fda372aeaff87L
  1; 18; 58;0x3c000008020fd91752efff28L
  1; 18; 59;0x3c000008020fd9a936f6ff36L
  1; 18; 60;0x3c000008020fd997f6e8ff35L
  1; 18; 61;0x3c000008020fd7173af5ffe3L
  1; 18; 62;0x3c000008020fd7b72efbfffdL
  1; 18; 63;0x3c000008020fd797fdfeff5eL
  1; 18; 64;0x3c000008020fd7378ef7ffffL
  1; 18; 65;0x3c000008020fcb17f6e5ff30L
  1; 18; 66;0x3c000008020fcbb7baf1ff2eL
  1; 18; 67;0x3c000008020fcb9752edffe2L
  1; 18; 68;0x3c000008020fcb37eefffffcL
  1; 18; 69;0x3c000008020fca17fdffffe4L
  1; 18; 70;0x3c000008020fcab721effffaL
  1; 18; 71;0x3c000008020fca97f2f8fff9L
  1; 18; 72;0x3c000008020fca372aeaff57L
  1; 18; 73;0x3c000008020fc91746f1fff8L
  1; 18; 74;0x3c000008020fc9a936e8ffe6L
  1; 18; 75;0x3c000008020fc997fafaffe5L
  1; 18; 76;0x3c000008020fdf1721f4ff23L
  1; 18; 77;0x3c000008020fdfb72efbff3dL
  1; 18; 78;0x3c000008020fdf97fdfdff9eL
  1; 18; 79;0x3c000008020fdf378ef8ff3fL
  1; 18; 80;0x3c000008020fc317fae5fff0L
  1; 18; 81;0x3c000008020fc3b7baf2ffeeL
  1; 18; 82;0x3c000008020fc39721ebff22L
  1; 18; 83;0x3c000008020fc337eeffff3cL
  1; 18; 84;0x3c000008020fdd17fdffff24L
  1; 18; 85;0x3c000008020fddb721efff3aL
  1; 18; 86;0x3c000008020fdd97eef8ff39L
  1; 18; 87;0x3c000008020fdd372aeaff97L
  1; 18; 88;0x3c000008020fde1756f0ff38L
  1; 18; 89;0x3c000008020fdea921f6ff26L
  1; 18; 90;0x3c000008020fde97fae4ff25L
  1; 18; 91;0x3c000008020fdc1721f6ff33L
  1; 18; 92;0x3c000008020fdcb72ae5ff32L
  1; 18; 93;0x3c000008020fdc97fde3ff91L
  1; 18; 94;0x3c000008020fdc3792f7ff2fL
  1; 18; 95;0x3c000008020fc017f6e6ffe0L
  1; 18; 96;0x3c000008020fc0b7aaf3ffe1L
  1; 18; 97;0x3c000008020fc0974eeeffedL
  1; 18; 98;0x3c000008020fc037eeffffecL
  1; 18; 99;0x3c000008020fc117fdffffebL
  1; 18;100;0x3c000008020fc1b75df1ffeaL
  1; 18;101;0x3c000008020fc197f2eaffe9L
  1; 18;102;0x3c000008020fc1372eeaff87L
  1; 18;103;0x3c000008020fc2175af1ff28L
  1; 18;104;0x3c000008020fc2a921e7ff36L
  1; 18;105;0x3c000008020fc297f6e7ff35L
  1; 18;106;0x3c000008020fcc1721e8ffe3L
  1; 18;107;0x3c000008020fccb732fbfffdL
  1; 18;108;0x3c000008020fcc97fdfdff5eL
  1; 18;109;0x3c000008020fcc378ef7ffffL
  1; 18;110;0x3c000008020fd017f6e5ff30L
  1; 18;111;0x3c000008020fd0b7baf2ff2eL
  1; 18;112;0x3c000008020fd0974eeeffe2L
  1; 18;113;0x3c000008020fd037eefffffcL
  1; 18;114;0x3c000008020fce17fdffffe4L
  1; 18;115;0x3c000008020fceb721effffaL
  1; 18;116;0x3c000008020fce97f2f8fff9L
  1; 18;117;0x3c000008020fce372aeaff57L
  1; 18;118;0x3c000008020fcd174af2fff8L
  1; 18;119;0x3c000008020fcda93ae8ffe6L
  1; 18;120;0x3c000008020fcd97f6fcffe5L
  1; 18;121;0x3c000008020fdb1721f4ff23L
  1; 18;122;0x3c000008020fdbb72afbff3dL
  1; 18;123;0x3c000008020fdb97fdfdff9eL
  1; 18;124;0x3c000008020fdb378af8ff3fL
  1; 18;125;0x3c000008020fd817fae5fff0L
  1; 18;126;0x3c000008020fd8b7b6f2ffeeL
  1; 18;127;0x3c000008020fd8973aebff22L
  1; 18;128;0x3c000008020fd837eeffff3cL
  1; 20;  1;0x3c000008020fdf09ea5fff23L
  1; 20;  2;0x3c000008020fdfb7aa3bff3dL
  1; 20;  3;0x3c000008020fdf97d239ff3eL
  1; 20;  4;0x3c000008020fdf370a2fff3fL
  1; 20;  5;0x3c000008020fc317b222fff0L
  1; 20;  6;0x3c000008020fc3b78ee2ffeeL
  1; 20;  7;0x3c000008020fc39786f6ff22L
  1; 20;  8;0x3c000008020fc33786f1ff3cL
  1; 20;  9;0x3c000008020fdd17a6e2ff24L
  1; 20; 10;0x3c000008020fddb766eeff3aL
  1; 20; 11;0x3c000008020fdd977d20ff39L
  1; 20; 12;0x3c000008020fdd373dffff97L
  1; 20; 13;0x3c000008020fde17964bff38L
  1; 20; 14;0x3c000008020fdeb77af2ff26L
  1; 20; 15;0x3c000008020fde97bae0ff25L
  1; 20; 16;0x3c000008020fdc09e65fff33L
  1; 20; 17;0x3c000008020fdcb7aa3bff32L
  1; 20; 18;0x3c000008020fdc97c636ff31L
  1; 20; 19;0x3c000008020fdc37da36ff2fL
  1; 20; 20;0x3c000008020fc017ce20ffe0L
  1; 20; 21;0x3c000008020fc0b79ae2ffe1L
  1; 20; 22;0x3c000008020fc0978ef6ffedL
  1; 20; 23;0x3c000008020fc03786f2ffecL
  1; 20; 24;0x3c000008020fc117c6e0ffebL
  1; 20; 25;0x3c000008020fc1b7bdeeffeaL
  1; 20; 26;0x3c000008020fc1976a46ffe9L
  1; 20; 27;0x3c000008020fc13736ffff87L
  1; 20; 28;0x3c000008020fc2179650ff28L
  1; 20; 29;0x3c000008020fc2b76af1ff36L
  1; 20; 30;0x3c000008020fc297bae1ff35L
  1; 20; 31;0x3c000008020fcc093d45ffe3L
  1; 20; 32;0x3c000008020fccb7ae26fffdL
  1; 20; 33;0x3c000008020fcc97da5dfffeL
  1; 20; 34;0x3c000008020fcc370a22ffffL
  1; 20; 35;0x3c000008020fd017b23aff30L
  1; 20; 36;0x3c000008020fd0b741e0ff2eL
  1; 20; 37;0x3c000008020fd09792e7ffe2L
  1; 20; 38;0x3c000008020fd0379df1fffcL
  1; 20; 39;0x3c000008020fce17ae3dffe4L
  1; 20; 40;0x3c000008020fceb7b2f0fffaL
  1; 20; 41;0x3c000008020fce977a46fff9L
  1; 20; 42;0x3c000008020fce3721feff57L
  1; 20; 43;0x3c000008020fcd176e52fff8L
  1; 20; 44;0x3c000008020fcdb776f4ffe6L
  1; 20; 45;0x3c000008020fcd97bae2ffe5L
  1; 20; 46;0x3c000008020fdb09fa5dff23L
  1; 20; 47;0x3c000008020fdbb7b226ff3dL
  1; 20; 48;0x3c000008020fdb97d63aff3eL
  1; 20; 49;0x3c000008020fdb371a34ff3fL
  1; 20; 50;0x3c000008020fd817ba20fff0L
  1; 20; 51;0x3c000008020fd8b79ae0ffeeL
  1; 20; 52;0x3c000008020fd89792f6ff22L
  1; 20; 53;0x3c000008020fd8378ef1ff3cL
  1; 20; 54;0x3c000008020fc617a6e0ff24L
  1; 20; 55;0x3c000008020fc6b772f0ff3aL
  1; 20; 56;0x3c000008020fc6976a45ff39L
  1; 20; 57;0x3c000008020fc6372affff97L
  1; 20; 58;0x3c000008020fc5177d51ff38L
  1; 20; 59;0x3c000008020fc5b7a6f3ff26L
  1; 20; 60;0x3c000008020fc597a13eff25L
  1; 20; 61;0x3c000008020f1f09e621ff33L
  1; 20; 62;0x3c000008020f1fb7aa3dff32L
  1; 20; 63;0x3c000008020f1f97c636ff31L
  1; 20; 64;0x3c000008020f1f37c127ff2fL
  1; 20; 65;0x3c000008020f0817a122ff30L
  1; 20; 66;0x3c000008020f08b7923bff2eL
  1; 20; 67;0x3c000008020f08979ae4ffe2L
  1; 20; 68;0x3c000008020f083792f3fffcL
  1; 20; 69;0x3c000008020f1617ce29ffe4L
  1; 20; 70;0x3c000008020f16b7ddf2fffaL
  1; 20; 71;0x3c000008020f1697ae4dfff9L
  1; 20; 72;0x3c000008020f1d3736ffff87L
  1; 20; 73;0x3c000008020f1e179a50ff28L
  1; 20; 74;0x3c000008020f1eb766f0ff36L
  1; 20; 75;0x3c000008020f1e97b6e1ff35L
  1; 20; 76;0x3c000008020fcf09e143ffe3L
  1; 20; 77;0x3c000008020fcfb7aa3bfffdL
  1; 20; 78;0x3c000008020fcf97d65efffeL
  1; 20; 79;0x3c000008020fcf37063affffL
  1; 20; 80;0x3c000008020fd317ae27ff20L
  1; 20; 81;0x3c000008020fd3b75afcff21L
  1; 20; 82;0x3c000008020fd3979df5ff2dL
  1; 20; 83;0x3c000008020fd33786efff2cL
  1; 20; 84;0x3c000008020fd217aee2ff2bL
  1; 20; 85;0x3c000008020fd2b7bdf0ff2aL
  1; 20; 86;0x3c000008020fd2977646ff29L
  1; 20; 87;0x3c000008020fd23732feff57L
  1; 20; 88;0x3c000008020fd1179a52fff8L
  1; 20; 89;0x3c000008020fd1b772f3ffe6L
  1; 20; 90;0x3c000008020fd197b6fcffe5L
  1; 20; 91;0x3c000008020fdf093a4bfff3L
  1; 20; 92;0x3c000008020fdfb7b637fff2L
  1; 20; 93;0x3c000008020fdf970e36fff1L
  1; 20; 94;0x3c000008020fdf371d32ffefL
  1; 20; 95;0x3c000008020fc317a15ffff0L
  1; 20; 96;0x3c000008020fc3b79a3effeeL
  1; 20; 97;0x3c000008020fc3978ee8ff22L
  1; 20; 98;0x3c000008020fc33796f2ff3cL
  1; 20; 99;0x3c000008020fdd17ae3dff24L
  1; 20;100;0x3c000008020fddb772f1ff3aL
  1; 20;101;0x3c000008020fdd976e5bff39L
  1; 20;102;0x3c000008020fdd373ae3ff47L
  1; 20;103;0x3c000008020fde17664dffe8L
  1; 20;104;0x3c000008020fdeb7bdf3fff6L
  1; 20;105;0x3c000008020fde97bae2fff5L
  1; 20;106;0x3c000008020f0709ea21ff33L
  1; 20;107;0x3c000008020f07b7bd23ff32L
  1; 20;108;0x3c000008020f0797ca36ff31L
  1; 20;109;0x3c000008020f07371d28ff2fL
  1; 20;110;0x3c000008020f0417ae3aff30L
  1; 20;111;0x3c000008020f04b741e2ff2eL
  1; 20;112;0x3c000008020f04978ee7ffe2L
  1; 20;113;0x3c000008020f043741f1fffcL
  1; 20;114;0x3c000008020f1a17b23effe4L
  1; 20;115;0x3c000008020f1ab7aef0fffaL
  1; 20;116;0x3c000008020f1a977658fff9L
  1; 20;117;0x3c000008020f1a373affff87L
  1; 20;118;0x3c000008020f19179652ff28L
  1; 20;119;0x3c000008020f19b76af0ff36L
  1; 20;120;0x3c000008020f1997dde1ff35L
  1; 20;121;0x3c000008020fd4093d43ffe3L
  1; 20;122;0x3c000008020fd4b7aa23fffdL
  1; 20;123;0x3c000008020fd497d620fffeL
  1; 20;124;0x3c000008020fd4370a3cffffL
  1; 20;125;0x3c000008020fc817b227ff20L
  1; 20;126;0x3c000008020fc8b741e4ff21L
  1; 20;127;0x3c000008020fc89786f6ff2dL
  1; 20;128;0x3c000008020fc8379defff2cL
