Link ID; Channel ID; Line; Data 
  1; 15;  1;0xbcbcbcbc3c3f8008020f2195f16bfffcL
  1; 15;  2;0xf16bfffc3c3f8008020f21953966fffdL
  1; 15;  3;0x3966fffd3c3f8008020f21959162fffeL
  1; 15;  4;0x9162fffe3c3f8008020f21952d77ffffL
  1; 15;  5;0x2d77ffff3c3f8008020f21958555fff0L
  1; 15;  6;0x8555fff03c3f8008020f21955979fff1L
  1; 15;  7;0x5979fff13c3f8008020f21959d7cfff2L
  1; 15;  8;0x9d7cfff23c3f8008020f2195895cfff3L
  1; 15;  9;0x895cfff33c3f8008020f2195c99afff4L
  1; 15; 10;0xc99afff43c3f8008020f21952997fff5L
  1; 15; 11;0x2997fff53c3f8008020f2195e183fff6L
  1; 15; 12;0xe183fff63c3f8008020f2194f15cfff7L
  1; 15; 13;0xf15cfff73c3f8008020f2195c95dfff8L
  1; 15; 14;0xc95dfff83c3f8008020f2194bd83fff9L
  1; 15; 15;0xbd83fff93c3f8008020f2195c98dfffaL
  1; 15; 16;0xbcbcbcbc3c3fa008020f0195fd6dffccL
  1; 15; 17;0xfd6dffcc3c3fa008020f01954d6bffcdL
  1; 15; 18;0x4d6bffcd3c3fa008020f01959169ffceL
  1; 15; 19;0x9169ffce3c3fa008020f0195417affcfL
  1; 15; 20;0x417affcf3c3fa008020f01958961ffc0L
  1; 15; 21;0x8961ffc03c3fa008020f01958d7affc1L
  1; 15; 22;0x8d7affc13c3fa008020f01958982ffc2L
  1; 15; 23;0x8982ffc23c3fa008020f0195b166ffc3L
  1; 15; 24;0xb166ffc33c3fa008020f0195e99bffc4L
  1; 15; 25;0xe99bffc43c3fa008020f01955198ffc5L
  1; 15; 26;0x5198ffc53c3fa008020f0195f185ffc6L
  1; 15; 27;0xf185ffc63c3fa008020f0194f95effc7L
  1; 15; 28;0xf95effc73c3fa008020f0195d95effc8L
  1; 15; 29;0xd95effc83c3fa008020f0194dd86ffc9L
  1; 15; 30;0xdd86ffc93c3fa008020f0195d991ffcaL
  1; 15; 31;0xbcbcbcbc3c3fc008020f2195fd6affdcL
  1; 15; 32;0xfd6affdc3c3fc008020f2195396fffddL
  1; 15; 33;0x396fffdd3c3fc008020f21958d66ffdeL
  1; 15; 34;0x8d66ffde3c3fc008020f2195297effdfL
  1; 15; 35;0x297effdf3c3fc008020f2195815dffd0L
  1; 15; 36;0x815dffd03c3fc008020f21957180ffd1L
  1; 15; 37;0x7180ffd13c3fc008020f2195a981ffd2L
  1; 15; 38;0xa981ffd23c3fc008020f2195a55dffd3L
  1; 15; 39;0xa55dffd33c3fc008020f2195d99dffd4L
  1; 15; 40;0xd99dffd43c3fc008020f2195559affd5L
  1; 15; 41;0x559affd53c3fc008020f2195f587ffd6L
  1; 15; 42;0xf587ffd63c3fc008020f2195095affd7L
  1; 15; 43;0x95affd73c3fc008020f2195d95cffd8L
  1; 15; 44;0xd95cffd83c3fc008020f2194e98affd9L
  1; 15; 45;0xe98affd93c3fc008020f2195c193ffdaL
  1; 15; 46;0xbcbcbcbc3c3fe008020f0195d56affecL
  1; 15; 47;0xd56affec3c3fe008020f01954169ffedL
  1; 15; 48;0x4169ffed3c3fe008020f0195956affeeL
  1; 15; 49;0x956affee3c3fe008020f01951d76ffefL
  1; 15; 50;0x1d76ffef3c3fe008020f0195915bffe0L
  1; 15; 51;0x915bffe03c3fe008020f01956978ffe1L
  1; 15; 52;0x6978ffe13c3fe008020f0195897bffe2L
  1; 15; 53;0x897bffe23c3fe008020f0195915dffe3L
  1; 15; 54;0x915dffe33c3fe008020f0195c59effe4L
  1; 15; 55;0xc59effe43c3fe008020f01952996ffe5L
  1; 15; 56;0x2996ffe53c3fe008020f0195e983ffe6L
  1; 15; 57;0xe983ffe63c3fe008020f0194ed59ffe7L
  1; 15; 58;0xed59ffe73c3fe008020f0195d160ffe8L
  1; 15; 59;0xd160ffe83c3fe008020f0194cd84ffe9L
  1; 15; 60;0xcd84ffe93c3fe008020f0195bd93ffeaL
  1; 15; 61;0xbcbcbcbc3c3c0008020f2195f96dfffcL
  1; 15; 62;0xf96dfffc3c3c0008020f21953569fffdL
  1; 15; 63;0x3569fffd3c3c0008020f21959164fffeL
  1; 15; 64;0x9164fffe3c3c0008020f21953179ffffL
  1; 15; 65;0x3179ffff3c3c0008020f21958d56fff0L
  1; 15; 66;0x8d56fff03c3c0008020f2195697cfff1L
  1; 15; 67;0x697cfff13c3c0008020f2195997dfff2L
  1; 15; 68;0x997dfff23c3c0008020f21959961fff3L
  1; 15; 69;0x9961fff33c3c0008020f2195cd9cfff4L
  1; 15; 70;0xcd9cfff43c3c0008020f21953598fff5L
  1; 15; 71;0x3598fff53c3c0008020f2195e184fff6L
  1; 15; 72;0xe184fff63c3c0008020f2194f95dfff7L
  1; 15; 73;0xf95dfff73c3c0008020f2195d561fff8L
  1; 15; 74;0xd561fff83c3c0008020f2194b984fff9L
  1; 15; 75;0xb984fff93c3c0008020f2195c58efffaL
  1; 15; 76;0xbcbcbcbc3c3c2008020f0195f16cffccL
  1; 15; 77;0xf16cffcc3c3c2008020f01954569ffcdL
  1; 15; 78;0x4569ffcd3c3c2008020f01958565ffceL
  1; 15; 79;0x8565ffce3c3c2008020f01952d78ffcfL
  1; 15; 80;0x2d78ffcf3c3c2008020f01957d5bffc0L
  1; 15; 81;0x7d5bffc03c3c2008020f01958579ffc1L
  1; 15; 82;0x8579ffc13c3c2008020f01958180ffc2L
  1; 15; 83;0x8180ffc23c3c2008020f0195b160ffc3L
  1; 15; 84;0xb160ffc33c3c2008020f0195dd98ffc4L
  1; 15; 85;0xdd98ffc43c3c2008020f01954594ffc5L
  1; 15; 86;0x4594ffc53c3c2008020f0195e984ffc6L
  1; 15; 87;0xe984ffc63c3c2008020f0194f55cffc7L
  1; 15; 88;0xf55cffc73c3c2008020f0195d159ffc8L
  1; 15; 89;0xd159ffc83c3c2008020f0194d585ffc9L
  1; 15; 90;0xd585ffc93c3c2008020f0195d58effcaL
  1; 15; 91;0xbcbcbcbc3c3c4008020f2195f568ffdcL
  1; 15; 92;0xf568ffdc3c3c4008020f2195316effddL
  1; 15; 93;0x316effdd3c3c4008020f21958164ffdeL
  1; 15; 94;0x8164ffde3c3c4008020f2195257effdfL
  1; 15; 95;0x257effdf3c3c4008020f2195795dffd0L
  1; 15; 96;0x795dffd03c3c4008020f2195717dffd1L
  1; 15; 97;0x717dffd13c3c4008020f2195a180ffd2L
  1; 15; 98;0xa180ffd23c3c4008020f2195a160ffd3L
  1; 15; 99;0xa160ffd33c3c4008020f2195d99effd4L
  1; 15;100;0xd99effd43c3c4008020f21955198ffd5L
  1; 15;101;0x5198ffd53c3c4008020f2195ed87ffd6L
  1; 15;102;0xed87ffd63c3c4008020f2194f956ffd7L
  1; 15;103;0xf956ffd73c3c4008020f2195d95cffd8L
  1; 15;104;0xd95cffd83c3c4008020f2194e586ffd9L
  1; 15;105;0xe586ffd93c3c4008020f2195b992ffdaL
  1; 15;106;0xbcbcbcbc3c3c6008020f0195d96dffecL
  1; 15;107;0xd96dffec3c3c6008020f0195416cffedL
  1; 15;108;0x416cffed3c3c6008020f0195916affeeL
  1; 15;109;0x916affee3c3c6008020f01952979ffefL
  1; 15;110;0x2979ffef3c3c6008020f0195915bffe0L
  1; 15;111;0x915bffe03c3c6008020f01956979ffe1L
  1; 15;112;0x6979ffe13c3c6008020f0195897bffe2L
  1; 15;113;0x897bffe23c3c6008020f0195955effe3L
  1; 15;114;0x955effe33c3c6008020f0195c1a1ffe4L
  1; 15;115;0xc1a1ffe43c3c6008020f01953598ffe5L
  1; 15;116;0x3598ffe53c3c6008020f0195f187ffe6L
  1; 15;117;0xf187ffe63c3c6008020f0194ed5affe7L
  1; 15;118;0xed5affe73c3c6008020f0195d160ffe8L
  1; 15;119;0xd160ffe83c3c6008020f0194d985ffe9L
  1; 15;120;0xd985ffe93c3c6008020f0195cd95ffeaL
  1; 15;121;0xbcbcbcbc3c3c8008020f2195f16afffcL
  1; 15;122;0xf16afffc3c3c8008020f21952d65fffdL
  1; 15;123;0x2d65fffd3c3c8008020f21959161fffeL
  1; 15;124;0x9161fffe3c3c8008020f21952976ffffL
  1; 15;125;0x2976ffff3c3c8008020f21958155fff0L
  1; 15;126;0x8155fff03c3c8008020f2195597afff1L
  1; 15;127;0x597afff13c3c8008020f2195917bfff2L
  1; 15;128;0x917bfff23c3c8008020f2195855cfff3L
  1; 15;129;0x855cfff33c3c8008020f2195c59afff4L
  1; 15;130;0xc59afff43c3c8008020f21953198fff5L
  1; 15;131;0x3198fff53c3c8008020f2195e183fff6L
  1; 15;132;0xe183fff63c3c8008020f2194f55afff7L
  1; 15;133;0xf55afff73c3c8008020f2195c95dfff8L
  1; 15;134;0xc95dfff83c3c8008020f2194bd83fff9L
  1; 15;135;0xbd83fff93c3c8008020f2195c18bfffaL
  1; 15;136;0xbcbcbcbc3c3ca008020f0196056fffccL
  1; 15;137;0x56fffcc3c3ca008020f0195556dffcdL
  1; 15;138;0x556dffcd3c3ca008020f01959569ffceL
  1; 15;139;0x9569ffce3c3ca008020f0195457bffcfL
  1; 15;140;0x457bffcf3c3ca008020f0195895fffc0L
  1; 15;141;0x895fffc03c3ca008020f0195897cffc1L
  1; 15;142;0x897cffc13c3ca008020f01959184ffc2L
  1; 15;143;0x9184ffc23c3ca008020f0195b165ffc3L
  1; 15;144;0xb165ffc33c3ca008020f0195f19effc4L
  1; 15;145;0xf19effc43c3ca008020f01954999ffc5L
  1; 15;146;0x4999ffc53c3ca008020f0195f589ffc6L
  1; 15;147;0xf589ffc63c3ca008020f0195015fffc7L
  1; 15;148;0x15fffc73c3ca008020f0195e55effc8L
  1; 15;149;0xe55effc83c3ca008020f0194e188ffc9L
  1; 15;150;0xe188ffc93c3ca008020f0195dd93ffcaL
  1; 15;151;0xbcbcbcbc3c3cc008020f2195f567ffdcL
  1; 15;152;0xf567ffdc3c3cc008020f2195316effddL
  1; 15;153;0x316effdd3c3cc008020f21958563ffdeL
  1; 15;154;0x8563ffde3c3cc008020f2195217effdfL
  1; 15;155;0x217effdf3c3cc008020f2195755cffd0L
  1; 15;156;0x755cffd03c3cc008020f21956d7dffd1L
  1; 15;157;0x6d7dffd13c3cc008020f2195a57dffd2L
  1; 15;158;0xa57dffd23c3cc008020f2195a95effd3L
  1; 15;159;0xa95effd33c3cc008020f2195d19bffd4L
  1; 15;160;0xd19bffd43c3cc008020f21955196ffd5L
  1; 15;161;0x5196ffd53c3cc008020f2195ed89ffd6L
  1; 15;162;0xed89ffd63c3cc008020f21950558ffd7L
  1; 15;163;0x558ffd73c3cc008020f2195d55cffd8L
  1; 15;164;0xd55cffd83c3cc008020f2194e188ffd9L
  1; 15;165;0xe188ffd93c3cc008020f2195b992ffdaL
  1; 15;166;0xbcbcbcbc3c3ce008020f0195e56fffecL
  1; 15;167;0xe56fffec3c3ce008020f01953d6bffedL
  1; 15;168;0x3d6bffed3c3ce008020f0195996cffeeL
  1; 15;169;0x996cffee3c3ce008020f01952979ffefL
  1; 15;170;0x2979ffef3c3ce008020f0195a95cffe0L
  1; 15;171;0xa95cffe03c3ce008020f0195757affe1L
  1; 15;172;0x757affe13c3ce008020f01958d7dffe2L
  1; 15;173;0x8d7dffe23c3ce008020f0195915effe3L
  1; 15;174;0x915effe33c3ce008020f0195cda1ffe4L
  1; 15;175;0xcda1ffe43c3ce008020f01953999ffe5L
  1; 15;176;0x3999ffe53c3ce008020f0195f986ffe6L
  1; 15;177;0xf986ffe63c3ce008020f0194f95affe7L
  1; 15;178;0xf95affe73c3ce008020f0195d162ffe8L
  1; 15;179;0xd162ffe83c3ce008020f0194dd85ffe9L
  1; 15;180;0xdd85ffe93c3ce008020f0195c995ffeaL
  1; 15;181;0xbcbcbcbc3c3d0008020f2195f16cfffcL
  1; 15;182;0xf16cfffc3c3d0008020f21953567fffdL
  1; 15;183;0x3567fffd3c3d0008020f21959962fffeL
  1; 15;184;0x9962fffe3c3d0008020f21953179ffffL
  1; 15;185;0x3179ffff3c3d0008020f21958556fff0L
  1; 15;186;0x8556fff03c3d0008020f2195657afff1L
  1; 15;187;0x657afff13c3d0008020f2195957bfff2L
  1; 15;188;0x957bfff23c3d0008020f2195895cfff3L
  1; 15;189;0x895cfff33c3d0008020f2195c99cfff4L
  1; 15;190;0xc99cfff43c3d0008020f21953598fff5L
  1; 15;191;0x3598fff53c3d0008020f2195dd82fff6L
  1; 15;192;0xdd82fff63c3d0008020f2194ed5cfff7L
  1; 15;193;0xed5cfff73c3d0008020f2195c960fff8L
  1; 15;194;0xc960fff83c3d0008020f2194c986fff9L
  1; 15;195;0xc986fff93c3d0008020f2195c98efffaL
  1; 15;196;0xbcbcbcbc3c3d2008020f0195f16dffccL
  1; 15;197;0xf16dffcc3c3d2008020f01954969ffcdL
  1; 15;198;0x4969ffcd3c3d2008020f01958d66ffceL
  1; 15;199;0x8d66ffce3c3d2008020f01954177ffcfL
  1; 15;200;0x4177ffcf3c3d2008020f0195795bffc0L
  1; 15;201;0x795bffc03c3d2008020f01958579ffc1L
  1; 15;202;0x8579ffc13c3d2008020f01958581ffc2L
  1; 15;203;0x8581ffc23c3d2008020f0195b563ffc3L
  1; 15;204;0xb563ffc33c3d2008020f0195e19affc4L
  1; 15;205;0xe19affc43c3d2008020f01954596ffc5L
  1; 15;206;0x4596ffc53c3d2008020f0195f184ffc6L
  1; 15;207;0xf184ffc63c3d2008020f0194f95dffc7L
  1; 15;208;0xf95dffc73c3d2008020f0195d55cffc8L
  1; 15;209;0xd55cffc83c3d2008020f0194d984ffc9L
  1; 15;210;0xd984ffc93c3d2008020f0195d58effcaL
  1; 15;211;0xbcbcbcbc3c3d4008020f2196056cffdcL
  1; 15;212;0x56cffdc3c3d4008020f2195496fffddL
  1; 15;213;0x496fffdd3c3d4008020f21959165ffdeL
  1; 15;214;0x9165ffde3c3d4008020f21953182ffdfL
  1; 15;215;0x3182ffdf3c3d4008020f2195815dffd0L
  1; 15;216;0x815dffd03c3d4008020f2195817fffd1L
  1; 15;217;0x817fffd13c3d4008020f2195b181ffd2L
  1; 15;218;0xb181ffd23c3d4008020f2195a95fffd3L
  1; 15;219;0xa95fffd33c3d4008020f2195dda1ffd4L
  1; 15;220;0xdda1ffd43c3d4008020f2195599bffd5L
  1; 15;221;0x599bffd53c3d4008020f2195f189ffd6L
  1; 15;222;0xf189ffd63c3d4008020f2195095affd7L
  1; 15;223;0x95affd73c3d4008020f2195d961ffd8L
  1; 15;224;0xd961ffd83c3d4008020f2194f98bffd9L
  1; 15;225;0xf98bffd93c3d4008020f2195c596ffdaL
  1; 15;226;0xbcbcbcbc3c3d6008020f0195e16cffecL
  1; 15;227;0xe16cffec3c3d6008020f0195356affedL
  1; 15;228;0x356affed3c3d6008020f0195896affeeL
  1; 15;229;0x896affee3c3d6008020f01952177ffefL
  1; 15;230;0x2177ffef3c3d6008020f01958d5cffe0L
  1; 15;231;0x8d5cffe03c3d6008020f01956978ffe1L
  1; 15;232;0x6978ffe13c3d6008020f0195897bffe2L
  1; 15;233;0x897bffe23c3d6008020f0195955cffe3L
  1; 15;234;0x955cffe33c3d6008020f0195c1a0ffe4L
  1; 15;235;0xc1a0ffe43c3d6008020f01953197ffe5L
  1; 15;236;0x3197ffe53c3d6008020f0195ed84ffe6L
  1; 15;237;0xed84ffe63c3d6008020f0194ed59ffe7L
  1; 15;238;0xed59ffe73c3d6008020f0195cd5effe8L
  1; 15;239;0xcd5effe83c3d6008020f0194d583ffe9L
  1; 15;240;0xd583ffe93c3d6008020f0195c593ffeaL
  1; 15;241;0xbcbcbcbc3c3d8008020f2195ed6afffcL
  1; 15;242;0xed6afffc3c3d8008020f21953569fffdL
  1; 15;243;0x3569fffd3c3d8008020f21959d64fffeL
  1; 15;244;0x9d64fffe3c3d8008020f21952d78ffffL
  1; 15;245;0x2d78ffff3c3d8008020f21958d56fff0L
  1; 15;246;0x8d56fff03c3d8008020f21957179fff1L
  1; 15;247;0x7179fff13c3d8008020f2195957cfff2L
  1; 15;248;0x957cfff23c3d8008020f2195895efff3L
  1; 15;249;0x895efff33c3d8008020f2195cd9cfff4L
  1; 15;250;0xcd9cfff43c3d8008020f21953998fff5L
  1; 15;251;0x3998fff53c3d8008020f2195e183fff6L
  1; 15;252;0xe183fff63c3d8008020f2194f95dfff7L
  1; 15;253;0xf95dfff73c3d8008020f2195cd5efff8L
  1; 15;254;0xcd5efff83c3d8008020f2194b583fff9L
  1; 15;255;0xb583fff93c3d8008020f2195c590fffaL
  1; 15;256;0xbcbcbcbc3c3da008020f0195f96dffccL
  1; 16;  1;0xbcbcbcbc3c3f8008020f2194fd5ffffcL
  1; 16;  2;0xfd5ffffc3c3f8008020f21946125fffdL
  1; 16;  3;0x6125fffd3c3f8008020f2194ed5bfffeL
  1; 16;  4;0xed5bfffe3c3f8008020f21940d07ffffL
  1; 16;  5;0xd07ffff3c3f8008020f21940132fff0L
  1; 16;  6;0x132fff03c3f8008020f21948d58fff1L
  1; 16;  7;0x8d58fff13c3f8008020f21953540fff2L
  1; 16;  8;0x3540fff23c3f8008020f2194f179fff3L
  1; 16;  9;0xf179fff33c3f8008020f2195616afff4L
  1; 16; 10;0x616afff43c3f8008020f2194c16bfff5L
  1; 16; 11;0xc16bfff53c3f8008020f2195553dfff6L
  1; 16; 12;0x553dfff63c3f8008020f2194b569fff7L
  1; 16; 13;0xb569fff73c3f8008020f2194411efff8L
  1; 16; 14;0x411efff83c3f8008020f2194b532fff9L
  1; 16; 15;0xb532fff93c3f8008020f21945538fffaL
  1; 16; 16;0xbcbcbcbc3c3fa008020f01950966ffccL
  1; 16; 17;0x966ffcc3c3fa008020f0194752dffcdL
  1; 16; 18;0x752dffcd3c3fa008020f01950559ffceL
  1; 16; 19;0x559ffce3c3fa008020f01940d03ffcfL
  1; 16; 20;0xd03ffcf3c3fa008020f01941131ffc0L
  1; 16; 21;0x1131ffc03c3fa008020f0194915cffc1L
  1; 16; 22;0x915cffc13c3fa008020f0195353bffc2L
  1; 16; 23;0x353bffc23c3fa008020f0195057bffc3L
  1; 16; 24;0x57bffc33c3fa008020f01956d71ffc4L
  1; 16; 25;0x6d71ffc43c3fa008020f0194c96bffc5L
  1; 16; 26;0xc96bffc53c3fa008020f01955946ffc6L
  1; 16; 27;0x5946ffc63c3fa008020f0194b167ffc7L
  1; 16; 28;0xb167ffc73c3fa008020f0194591fffc8L
  1; 16; 29;0x591fffc83c3fa008020f0194c92effc9L
  1; 16; 30;0xc92effc93c3fa008020f01946137ffcaL
  1; 16; 31;0xbcbcbcbc3c3fc008020f21950560ffdcL
  1; 16; 32;0x560ffdc3c3fc008020f2194792affddL
  1; 16; 33;0x792affdd3c3fc008020f2194fd5cffdeL
  1; 16; 34;0xfd5cffde3c3fc008020f21940907ffdfL
  1; 16; 35;0x907ffdf3c3fc008020f21941d31ffd0L
  1; 16; 36;0x1d31ffd03c3fc008020f2194755bffd1L
  1; 16; 37;0x755bffd13c3fc008020f21954940ffd2L
  1; 16; 38;0x4940ffd23c3fc008020f2194f579ffd3L
  1; 16; 39;0xf579ffd33c3fc008020f2195696dffd4L
  1; 16; 40;0x696dffd43c3fc008020f2194c968ffd5L
  1; 16; 41;0xc968ffd53c3fc008020f21955147ffd6L
  1; 16; 42;0x5147ffd63c3fc008020f2194b164ffd7L
  1; 16; 43;0xb164ffd73c3fc008020f2194491effd8L
  1; 16; 44;0x491effd83c3fc008020f2194c133ffd9L
  1; 16; 45;0xc133ffd93c3fc008020f21946539ffdaL
  1; 16; 46;0xbcbcbcbc3c3fe008020f0194f15effecL
  1; 16; 47;0xf15effec3c3fe008020f01946526ffedL
  1; 16; 48;0x6526ffed3c3fe008020f0194f559ffeeL
  1; 16; 49;0xf559ffee3c3fe008020f0193e900ffefL
  1; 16; 50;0xe900ffef3c3fe008020f0193dd2fffe0L
  1; 16; 51;0xdd2fffe03c3fe008020f0194695cffe1L
  1; 16; 52;0x695cffe13c3fe008020f01952138ffe2L
  1; 16; 53;0x2138ffe23c3fe008020f0194ed71ffe3L
  1; 16; 54;0xed71ffe33c3fe008020f0195696affe4L
  1; 16; 55;0x696affe43c3fe008020f0194b964ffa5L
  1; 16; 56;0xb964ffa53c3fe008020f01955543ffe6L
  1; 16; 57;0x5543ffe63c3fe008020f0194a166ffe7L
  1; 16; 58;0xa166ffe73c3fe008020f0194491bffe8L
  1; 16; 59;0x491bffe83c3fe008020f01949929ffe9L
  1; 16; 60;0x9929ffe93c3fe008020f01945934ffeaL
  1; 16; 61;0xbcbcbcbc3c3c0008020f2195055dfffcL
  1; 16; 62;0x55dfffc3c3c0008020f21946929fffdL
  1; 16; 63;0x6929fffd3c3c0008020f2194f55cfffeL
  1; 16; 64;0xf55cfffe3c3c0008020f21940908ffffL
  1; 16; 65;0x908ffff3c3c0008020f21940d33fff0L
  1; 16; 66;0xd33fff03c3c0008020f2194915afff1L
  1; 16; 67;0x915afff13c3c0008020f21953543fff2L
  1; 16; 68;0x3543fff23c3c0008020f2194fd7cfff3L
  1; 16; 69;0xfd7cfff33c3c0008020f2195696efff4L
  1; 16; 70;0x696efff43c3c0008020f2194cd6cfff5L
  1; 16; 71;0xcd6cfff53c3c0008020f21956942fff6L
  1; 16; 72;0x6942fff63c3c0008020f2194b56afff7L
  1; 16; 73;0xb56afff73c3c0008020f21944921fff8L
  1; 16; 74;0x4921fff83c3c0008020f2194c133fff9L
  1; 16; 75;0xc133fff93c3c0008020f21946939fffaL
  1; 16; 76;0xbcbcbcbc3c3c2008020f01950164ffccL
  1; 16; 77;0x164ffcc3c3c2008020f0194712bffcdL
  1; 16; 78;0x712bffcd3c3c2008020f01950157ffceL
  1; 16; 79;0x157ffce3c3c2008020f01940501ffcfL
  1; 16; 80;0x501ffcf3c3c2008020f01940531ffc0L
  1; 16; 81;0x531ffc03c3c2008020f0194895affc1L
  1; 16; 82;0x895affc13c3c2008020f0195313affc2L
  1; 16; 83;0x313affc23c3c2008020f0194f579ffc3L
  1; 16; 84;0xf579ffc33c3c2008020f01956970ffc4L
  1; 16; 85;0x6970ffc43c3c2008020f0194cd6affc5L
  1; 16; 86;0xcd6affc53c3c2008020f01955947ffc6L
  1; 16; 87;0x5947ffc63c3c2008020f01949d68ffc7L
  1; 16; 88;0x9d68ffc73c3c2008020f0194511dffc8L
  1; 16; 89;0x511dffc83c3c2008020f0194c52affc9L
  1; 16; 90;0xc52affc93c3c2008020f01946134ffcaL
  1; 16; 91;0xbcbcbcbc3c3c4008020f2195095fffdcL
  1; 16; 92;0x95fffdc3c3c4008020f2194792affddL
  1; 16; 93;0x792affdd3c3c4008020f2194f15bffdeL
  1; 16; 94;0xf15bffde3c3c4008020f2193f505ffdfL
  1; 16; 95;0xf505ffdf3c3c4008020f21941930ffd0L
  1; 16; 96;0x1930ffd03c3c4008020f2194715affd1L
  1; 16; 97;0x715affd13c3c4008020f21954d3effd2L
  1; 16; 98;0x4d3effd23c3c4008020f2194f578ffd3L
  1; 16; 99;0xf578ffd33c3c4008020f2195616dffd4L
  1; 16;100;0x616dffd43c3c4008020f2194c569ffd5L
  1; 16;101;0xc569ffd53c3c4008020f21954d47ffd6L
  1; 16;102;0x4d47ffd63c3c4008020f2194ad65ffd7L
  1; 16;103;0xad65ffd73c3c4008020f2194411effd8L
  1; 16;104;0x411effd83c3c4008020f2194b932ffd9L
  1; 16;105;0xb932ffd93c3c4008020f2194693affdaL
  1; 16;106;0xbcbcbcbc3c3c6008020f0194f560ffecL
  1; 16;107;0xf560ffec3c3c6008020f0194752affedL
  1; 16;108;0x752affed3c3c6008020f0194fd5bffeeL
  1; 16;109;0xfd5bffee3c3c6008020f0193f102ffefL
  1; 16;110;0xf102ffef3c3c6008020f0193e131ffe0L
  1; 16;111;0xe131ffe03c3c6008020f0194755effe1L
  1; 16;112;0x755effe13c3c6008020f01953539ffe2L
  1; 16;113;0x3539ffe23c3c6008020f01950175ffe3L
  1; 16;114;0x175ffe33c3c6008020f0195716cffe4L
  1; 16;115;0x716cffe43c3c6008020f0194b969ffe5L
  1; 16;116;0xb969ffe53c3c6008020f01955d44ffe6L
  1; 16;117;0x5d44ffe63c3c6008020f0194ad66ffe7L
  1; 16;118;0xad66ffe73c3c6008020f01944d1fffe8L
  1; 16;119;0x4d1fffe83c3c6008020f0194a52cffe9L
  1; 16;120;0xa52cffe93c3c6008020f01946536ffeaL
  1; 16;121;0xbcbcbcbc3c3c8008020f2194fd5dfffcL
  1; 16;122;0xfd5dfffc3c3c8008020f21946127fffdL
  1; 16;123;0x6127fffd3c3c8008020f2194e95bfffeL
  1; 16;124;0xe95bfffe3c3c8008020f2193f507ffffL
  1; 16;125;0xf507ffff3c3c8008020f2193f931fff0L
  1; 16;126;0xf931fff03c3c8008020f21948157fff1L
  1; 16;127;0x8157fff13c3c8008020f2195293efff2L
  1; 16;128;0x293efff23c3c8008020f2194f179fff3L
  1; 16;129;0xf179fff33c3c8008020f21955d69fff4L
  1; 16;130;0x5d69fff43c3c8008020f2194b96afff5L
  1; 16;131;0xb96afff53c3c8008020f2195553ffff6L
  1; 16;132;0x553ffff63c3c8008020f2194ad69fff7L
  1; 16;133;0xad69fff73c3c8008020f21943d1dfff8L
  1; 16;134;0x3d1dfff83c3c8008020f2194b930fff9L
  1; 16;135;0xb930fff93c3c8008020f21945937fffaL
  1; 16;136;0xbcbcbcbc3c3ca008020f01951168ffccL
  1; 16;137;0x1168ffcc3c3ca008020f0194812effcdL
  1; 16;138;0x812effcd3c3ca008020f01950d5bffceL
  1; 16;139;0xd5bffce3c3ca008020f01940d04ffcfL
  1; 16;140;0xd04ffcf3c3ca008020f01941135ffc0L
  1; 16;141;0x1135ffc03c3ca008020f01949d5effc1L
  1; 16;142;0x9d5effc13c3ca008020f01954140ffc2L
  1; 16;143;0x4140ffc23c3ca008020f0195097bffc3L
  1; 16;144;0x97bffc33c3ca008020f01957974ffc4L
  1; 16;145;0x7974ffc43c3ca008020f0194d56fffc5L
  1; 16;146;0xd56fffc53c3ca008020f0195654affc6L
  1; 16;147;0x654affc63c3ca008020f0194a96affc7L
  1; 16;148;0xa96affc73c3ca008020f01946522ffc8L
  1; 16;149;0x6522ffc83c3ca008020f0194d52fffc9L
  1; 16;150;0xd52fffc93c3ca008020f01947137ffcaL
  1; 16;151;0xbcbcbcbc3c3cc008020f2195055fffdcL
  1; 16;152;0x55fffdc3c3cc008020f21947129ffddL
  1; 16;153;0x7129ffdd3c3cc008020f2194f55bffdeL
  1; 16;154;0xf55bffde3c3cc008020f2193ed06ffdfL
  1; 16;155;0xed06ffdf3c3cc008020f2194112fffd0L
  1; 16;156;0x112fffd03c3cc008020f21946958ffd1L
  1; 16;157;0x6958ffd13c3cc008020f2195493dffd2L
  1; 16;158;0x493dffd23c3cc008020f2194ed77ffd3L
  1; 16;159;0xed77ffd33c3cc008020f21955d6cffd4L
  1; 16;160;0x5d6cffd43c3cc008020f2194bd67ffd5L
  1; 16;161;0xbd67ffd53c3cc008020f21954d46ffd6L
  1; 16;162;0x4d46ffd63c3cc008020f2194a963ffd7L
  1; 16;163;0xa963ffd73c3cc008020f2194411effd8L
  1; 16;164;0x411effd83c3cc008020f2194b530ffd9L
  1; 16;165;0xb530ffd93c3cc008020f2194613affdaL
  1; 16;166;0xbcbcbcbc3c3ce008020f0194fd60ffecL
  1; 16;167;0xfd60ffec3c3ce008020f0194752affedL
  1; 16;168;0x752affed3c3ce008020f0195055dffeeL
  1; 16;169;0x55dffee3c3ce008020f0193f501ffefL
  1; 16;170;0xf501ffef3c3ce008020f0193dd30ffe0L
  1; 16;171;0xdd30ffe03c3ce008020f0194695cffe1L
  1; 16;172;0x695cffe13c3ce008020f0195353bffe2L
  1; 16;173;0x353bffe23c3ce008020f0194fd75ffe3L
  1; 16;174;0xfd75ffe33c3ce008020f0195756dffe4L
  1; 16;175;0x756dffe43c3ce008020f0194b968ffe5L
  1; 16;176;0xb968ffe53c3ce008020f01955d46ffe6L
  1; 16;177;0x5d46ffe63c3ce008020f0194ad66ffe7L
  1; 16;178;0xad66ffe73c3ce008020f01944d1effe8L
  1; 16;179;0x4d1effe83c3ce008020f0194b12affe9L
  1; 16;180;0xb12affe93c3ce008020f01946535ffeaL
  1; 16;181;0xbcbcbcbc3c3d0008020f2194fd60fffcL
  1; 16;182;0xfd60fffc3c3d0008020f21946928fffdL
  1; 16;183;0x6928fffd3c3d0008020f2194f15bfffeL
  1; 16;184;0xf15bfffe3c3d0008020f2193f508ffffL
  1; 16;185;0xf508ffff3c3d0008020f21940d33fff0L
  1; 16;186;0xd33fff03c3d0008020f21948d5afff1L
  1; 16;187;0x8d5afff13c3d0008020f21953541fff2L
  1; 16;188;0x3541fff23c3d0008020f2194f978fff3L
  1; 16;189;0xf978fff33c3d0008020f2195656efff4L
  1; 16;190;0x656efff43c3d0008020f2194c56cfff5L
  1; 16;191;0xc56cfff53c3d0008020f21955541fff6L
  1; 16;192;0x5541fff63c3d0008020f2194b56afff7L
  1; 16;193;0xb56afff73c3d0008020f21944920fff8L
  1; 16;194;0x4920fff83c3d0008020f2194bd32fff9L
  1; 16;195;0xbd32fff93c3d0008020f2194653afffaL
  1; 16;196;0xbcbcbcbc3c3d2008020f0194f563ffccL
  1; 16;197;0xf563ffcc3c3d2008020f0194692affcdL
  1; 16;198;0x692affcd3c3d2008020f01950155ffceL
  1; 16;199;0x155ffce3c3d2008020f01940500ffcfL
  1; 16;200;0x500ffcf3c3d2008020f01940531ffc0L
  1; 16;201;0x531ffc03c3d2008020f01948959ffc1L
  1; 16;202;0x8959ffc13c3d2008020f0195253bffc2L
  1; 16;203;0x253bffc23c3d2008020f0194f977ffc3L
  1; 16;204;0xf977ffc33c3d2008020f0195656effc4L
  1; 16;205;0x656effc43c3d2008020f0194c16bff85L
  1; 16;206;0xc16bff853c3d2008020f01955545ffc6L
  1; 16;207;0x5545ffc63c3d2008020f0194a168ffc7L
  1; 16;208;0xa168ffc73c3d2008020f01944d1dffc8L
  1; 16;209;0x4d1dffc83c3d2008020f0194bd2bffc9L
  1; 16;210;0xbd2bffc93c3d2008020f01946136ffcaL
  1; 16;211;0xbcbcbcbc3c3d4008020f21951162ffdcL
  1; 16;212;0x1162ffdc3c3d4008020f2194812cffddL
  1; 16;213;0x812cffdd3c3d4008020f2195015dffdeL
  1; 16;214;0x15dffde3c3d4008020f2193f906ffdfL
  1; 16;215;0xf906ffdf3c3d4008020f21942133ffd0L
  1; 16;216;0x2133ffd03c3d4008020f2194855cffd1L
  1; 16;217;0x855cffd13c3d4008020f21955141ffd2L
  1; 16;218;0x5141ffd23c3d4008020f2194f97affd3L
  1; 16;219;0xf97affd33c3d4008020f2195616dffd4L
  1; 16;220;0x616dffd43c3d4008020f2194c56bff95L
  1; 16;221;0xc56bff953c3d4008020f21954d48ffd6L
  1; 16;222;0x4d48ffd63c3d4008020f2194b165ffd7L
  1; 16;223;0xb165ffd73c3d4008020f21945121ffd8L
  1; 16;224;0x5121ffd83c3d4008020f2194bd33ffd9L
  1; 16;225;0xbd33ffd93c3d4008020f2194613cffdaL
  1; 16;226;0xbcbcbcbc3c3d6008020f0194f55effecL
  1; 16;227;0xf55effec3c3d6008020f0194712affedL
  1; 16;228;0x712affed3c3d6008020f0195015cffeeL
  1; 16;229;0x15cffee3c3d6008020f0193f501ffefL
  1; 16;230;0xf501ffef3c3d6008020f0193e12effe0L
  1; 16;231;0xe12effe03c3d6008020f0194715bffe1L
  1; 16;232;0x715bffe13c3d6008020f0195313affe2L
  1; 16;233;0x313affe23c3d6008020f01950174ffe3L
  1; 16;234;0x174ffe33c3d6008020f0195696dffe4L
  1; 16;235;0x696dffe43c3d6008020f0194bd6affe5L
  1; 16;236;0xbd6affe53c3d6008020f01955942ffe6L
  1; 16;237;0x5942ffe63c3d6008020f0194ad67ffe7L
  1; 16;238;0xad67ffe73c3d6008020f01944d1dffe8L
  1; 16;239;0x4d1dffe83c3d6008020f0194a52bffe9L
  1; 16;240;0xa52bffe93c3d6008020f01946536ffeaL
  1; 16;241;0xbcbcbcbc3c3d8008020f2194fd5dfffcL
  1; 16;242;0xfd5dfffc3c3d8008020f21946125fffdL
  1; 16;243;0x6125fffd3c3d8008020f2194e15dfffeL
  1; 16;244;0xe15dfffe3c3d8008020f21940506ffffL
  1; 16;245;0x506ffff3c3d8008020f21940130fff0L
  1; 16;246;0x130fff03c3d8008020f21948d56fff1L
  1; 16;247;0x8d56fff13c3d8008020f21952540fff2L
  1; 16;248;0x2540fff23c3d8008020f2194f578fff3L
  1; 16;249;0xf578fff33c3d8008020f2195616afff4L
  1; 16;250;0x616afff43c3d8008020f2194c169ffb5L
  1; 16;251;0xc169ffb53c3d8008020f21954d3efff6L
  1; 16;252;0x4d3efff63c3d8008020f2194b168fff7L
  1; 16;253;0xb168fff73c3d8008020f2194411dfff8L
  1; 16;254;0x411dfff83c3d8008020f2194b931fff9L
  1; 16;255;0xb931fff93c3d8008020f21945939fffaL
  1; 16;256;0xbcbcbcbc3c3da008020f01951564ffccL
  1; 17;  1;0xbcbcbcbc3c3f8008020f21946939fffcL
  1; 17;  2;0x6939fffc3c3f8008020f21941d3afffdL
  1; 17;  3;0x1d3afffd3c3f8008020f2193c900fffeL
  1; 17;  4;0xc900fffe3c3f8008020f219450faffffL
  1; 17;  5;0x50faffff3c3f8008020f2194fd40fff0L
  1; 17;  6;0xfd40fff03c3f8008020f21942130fff1L
  1; 17;  7;0x2130fff13c3f8008020f21951d34fff2L
  1; 17;  8;0x1d34fff23c3f8008020f21957938fff3L
  1; 17;  9;0x7938fff33c3f8008020f2194ad5dfff4L
  1; 17; 10;0xad5dfff43c3f8008020f2194ad73fff5L
  1; 17; 11;0xad73fff53c3f8008020f2195156dfff6L
  1; 17; 12;0x156dfff63c3f8008020f2195153bfff7L
  1; 17; 13;0x153bfff73c3f8008020f21956942fff8L
  1; 17; 14;0x6942fff83c3f8008020f2194a537fff9L
  1; 17; 15;0xa537fff93c3f8008020f2194c53afffaL
  1; 17; 16;0xbcbcbcbc3c3fa008020f0194613cffccL
  1; 17; 17;0x613cffcc3c3fa008020f0194313effcdL
  1; 17; 18;0x313effcd3c3fa008020f0193d509ffceL
  1; 17; 19;0xd509ffce3c3fa008020f019468faffcfL
  1; 17; 20;0x68faffcf3c3fa008020f0194f141ffc0L
  1; 17; 21;0xf141ffc03c3fa008020f01943531ffc1L
  1; 17; 22;0x3531ffc13c3fa008020f01952936ffc2L
  1; 17; 23;0x2936ffc23c3fa008020f0195793dffc3L
  1; 17; 24;0x793dffc33c3fa008020f0194a968ffc4L
  1; 17; 25;0xa968ffc43c3fa008020f0194b175ffc5L
  1; 17; 26;0xb175ffc53c3fa008020f01951d6effc6L
  1; 17; 27;0x1d6effc63c3fa008020f0195213effc7L
  1; 17; 28;0x213effc73c3fa008020f01958d49ffc8L
  1; 17; 29;0x8d49ffc83c3fa008020f0194a93affc9L
  1; 17; 30;0xa93affc93c3fa008020f0194b944ffcaL
  1; 17; 31;0xbcbcbcbc3c3fc008020f2194513cffdcL
  1; 17; 32;0x513cffdc3c3fc008020f21944543ffddL
  1; 17; 33;0x4543ffdd3c3fc008020f2193d108ffdeL
  1; 17; 34;0xd108ffde3c3fc008020f21946cfeffdfL
  1; 17; 35;0x6cfeffdf3c3fc008020f2195093cffd0L
  1; 17; 36;0x93cffd03c3fc008020f21942d35ffd1L
  1; 17; 37;0x2d35ffd13c3fc008020f21952137ffd2L
  1; 17; 38;0x2137ffd23c3fc008020f2195753cffd3L
  1; 17; 39;0x753cffd33c3fc008020f2194a95cffd4L
  1; 17; 40;0xa95cffd43c3fc008020f2194a97affd5L
  1; 17; 41;0xa97affd53c3fc008020f2195116effd6L
  1; 17; 42;0x116effd63c3fc008020f21952144ffd7L
  1; 17; 43;0x2144ffd73c3fc008020f2195794dffd8L
  1; 17; 44;0x794dffd83c3fc008020f2194ad38ffd9L
  1; 17; 45;0xad38ffd93c3fc008020f2194dd49ffdaL
  1; 17; 46;0xbcbcbcbc3c3fe008020f01946938ffecL
  1; 17; 47;0x6938ffec3c3fe008020f0194393cffedL
  1; 17; 48;0x393cffed3c3fe008020f0193d106ffeeL
  1; 17; 49;0xd106ffee3c3fe008020f01944cfdffefL
  1; 17; 50;0x4cfdffef3c3fe008020f0194e942ffe0L
  1; 17; 51;0xe942ffe03c3fe008020f01942d33ffe1L
  1; 17; 52;0x2d33ffe13c3fe008020f01952537ffe2L
  1; 17; 53;0x2537ffe23c3fe008020f0195893bffe3L
  1; 17; 54;0x893bffe33c3fe008020f01949962ffe4L
  1; 17; 55;0x9962ffe43c3fe008020f01948d77ffe5L
  1; 17; 56;0x8d77ffe53c3fe008020f0195256bffe6L
  1; 17; 57;0x256bffe63c3fe008020f01951141ffe7L
  1; 17; 58;0x1141ffe73c3fe008020f0195694affe8L
  1; 17; 59;0x694affe83c3fe008020f0194a136ffe9L
  1; 17; 60;0xa136ffe93c3fe008020f0194b93affeaL
  1; 17; 61;0xbcbcbcbc3c3c0008020f2194793bfffcL
  1; 17; 62;0x793bfffc3c3c0008020f2194313cfffdL
  1; 17; 63;0x313cfffd3c3c0008020f2193d503fffeL
  1; 17; 64;0xd503fffe3c3c0008020f21945d00ffffL
  1; 17; 65;0x5d00ffff3c3c0008020f21950544fff0L
  1; 17; 66;0x544fff03c3c0008020f21943533fff1L
  1; 17; 67;0x3533fff13c3c0008020f21952537fff2L
  1; 17; 68;0x2537fff23c3c0008020f21958d3bfff3L
  1; 17; 69;0x8d3bfff33c3c0008020f2194b163fff4L
  1; 17; 70;0xb163fff43c3c0008020f2194b977fff5L
  1; 17; 71;0xb977fff53c3c0008020f21952972fff6L
  1; 17; 72;0x2972fff63c3c0008020f21952140fff7L
  1; 17; 73;0x2140fff73c3c0008020f21957144fff8L
  1; 17; 74;0x7144fff83c3c0008020f2194ad39fff9L
  1; 17; 75;0xad39fff93c3c0008020f2194d13dfffaL
  1; 17; 76;0xbcbcbcbc3c3c2008020f0194693affccL
  1; 17; 77;0x693affcc3c3c2008020f0194313affcdL
  1; 17; 78;0x313affcd3c3c2008020f0193cd08ffceL
  1; 17; 79;0xcd08ffce3c3c2008020f019460faffcfL
  1; 17; 80;0x60faffcf3c3c2008020f0194f13effc0L
  1; 17; 81;0xf13effc03c3c2008020f01943132ffc1L
  1; 17; 82;0x3132ffc13c3c2008020f01951d36ffc2L
  1; 17; 83;0x1d36ffc23c3c2008020f0195793bffc3L
  1; 17; 84;0x793bffc33c3c2008020f01949966ffc4L
  1; 17; 85;0x9966ffc43c3c2008020f0194ad72ffc5L
  1; 17; 86;0xad72ffc53c3c2008020f0195156fffc6L
  1; 17; 87;0x156fffc63c3c2008020f0195193effc7L
  1; 17; 88;0x193effc73c3c2008020f01958948ffc8L
  1; 17; 89;0x8948ffc83c3c2008020f0194a938ffc9L
  1; 17; 90;0xa938ffc93c3c2008020f0194b145ffcaL
  1; 17; 91;0xbcbcbcbc3c3c4008020f2194553cffdcL
  1; 17; 92;0x553cffdc3c3c4008020f21944142ffddL
  1; 17; 93;0x4142ffdd3c3c4008020f2193d107ffdeL
  1; 17; 94;0xd107ffde3c3c4008020f21947100ffdfL
  1; 17; 95;0x7100ffdf3c3c4008020f2194f93dffd0L
  1; 17; 96;0xf93dffd03c3c4008020f21943931ffd1L
  1; 17; 97;0x3931ffd13c3c4008020f21951d37ffd2L
  1; 17; 98;0x1d37ffd23c3c4008020f21957938ffd3L
  1; 17; 99;0x7938ffd33c3c4008020f2194a95affd4L
  1; 17;100;0xa95affd43c3c4008020f2194a97affd5L
  1; 17;101;0xa97affd53c3c4008020f2195156effd6L
  1; 17;102;0x156effd63c3c4008020f21952545ffd7L
  1; 17;103;0x2545ffd73c3c4008020f2195794cffd8L
  1; 17;104;0x794cffd83c3c4008020f2194a536ffd9L
  1; 17;105;0xa536ffd93c3c4008020f2194d945ffdaL
  1; 17;106;0xbcbcbcbc3c3c6008020f01947537ffecL
  1; 17;107;0x7537ffec3c3c6008020f01944541ffedL
  1; 17;108;0x4541ffed3c3c6008020f0193d508ffeeL
  1; 17;109;0xd508ffee3c3c6008020f01945902ffefL
  1; 17;110;0x5902ffef3c3c6008020f0194ed42ffe0L
  1; 17;111;0xed42ffe03c3c6008020f01943933ffe1L
  1; 17;112;0x3933ffe13c3c6008020f0195253bffe2L
  1; 17;113;0x253bffe23c3c6008020f01958d3dffe3L
  1; 17;114;0x8d3dffe33c3c6008020f0194a562ffe4L
  1; 17;115;0xa562ffe43c3c6008020f01948d78ffe5L
  1; 17;116;0x8d78ffe53c3c6008020f0195316effe6L
  1; 17;117;0x316effe63c3c6008020f01951544ffe7L
  1; 17;118;0x1544ffe73c3c6008020f01957d4cffe8L
  1; 17;119;0x7d4cffe83c3c6008020f0194a139ffe9L
  1; 17;120;0xa139ffe93c3c6008020f0194c53affeaL
  1; 17;121;0xbcbcbcbc3c3c8008020f21947139fffcL
  1; 17;122;0x7139fffc3c3c8008020f2194213afffdL
  1; 17;123;0x213afffd3c3c8008020f2193d901fffeL
  1; 17;124;0xd901fffe3c3c8008020f219450faffffL
  1; 17;125;0x50faffff3c3c8008020f21950141fff0L
  1; 17;126;0x141fff03c3c8008020f21942930fff1L
  1; 17;127;0x2930fff13c3c8008020f21951536fff2L
  1; 17;128;0x1536fff23c3c8008020f21957939fff3L
  1; 17;129;0x7939fff33c3c8008020f2194a55efff4L
  1; 17;130;0xa55efff43c3c8008020f2194ad73fff5L
  1; 17;131;0xad73fff53c3c8008020f2195116dfff6L
  1; 17;132;0x116dfff63c3c8008020f2195253efff7L
  1; 17;133;0x253efff73c3c8008020f21956944fff8L
  1; 17;134;0x6944fff83c3c8008020f2194a939fff9L
  1; 17;135;0xa939fff93c3c8008020f2194c939fffaL
  1; 17;136;0xbcbcbcbc3c3ca008020f0194713affccL
  1; 17;137;0x713affcc3c3ca008020f0194413effcdL
  1; 17;138;0x413effcd3c3ca008020f0193d507ffceL
  1; 17;139;0xd507ffce3c3ca008020f019468faffcfL
  1; 17;140;0x68faffcf3c3ca008020f01950141ffc0L
  1; 17;141;0x141ffc03c3ca008020f01943532ffc1L
  1; 17;142;0x3532ffc13c3ca008020f01952938ffc2L
  1; 17;143;0x2938ffc23c3ca008020f0195853dffc3L
  1; 17;144;0x853dffc33c3ca008020f0194a168ffc4L
  1; 17;145;0xa168ffc43c3ca008020f0194b574ffc5L
  1; 17;146;0xb574ffc53c3ca008020f01951571ffc6L
  1; 17;147;0x1571ffc63c3ca008020f0195293fffc7L
  1; 17;148;0x293fffc73c3ca008020f01958d49ffc8L
  1; 17;149;0x8d49ffc83c3ca008020f0194a93bffc9L
  1; 17;150;0xa93bffc93c3ca008020f0194b946ffcaL
  1; 17;151;0xbcbcbcbc3c3cc008020f2194513affdcL
  1; 17;152;0x513affdc3c3cc008020f21944140ffddL
  1; 17;153;0x4140ffdd3c3cc008020f2193c908ffdeL
  1; 17;154;0xc908ffde3c3cc008020f21946cfcffdfL
  1; 17;155;0x6cfcffdf3c3cc008020f2194fd3affd0L
  1; 17;156;0xfd3affd03c3cc008020f21942d30ffd1L
  1; 17;157;0x2d30ffd13c3cc008020f21951137ffd2L
  1; 17;158;0x1137ffd23c3cc008020f21956d39ffd3L
  1; 17;159;0x6d39ffd33c3cc008020f2194a95cffd4L
  1; 17;160;0xa95cffd43c3cc008020f21949d77ffd5L
  1; 17;161;0x9d77ffd53c3cc008020f21950d6cffd6L
  1; 17;162;0xd6cffd63c3cc008020f21951d42ffd7L
  1; 17;163;0x1d42ffd73c3cc008020f2195694bffd8L
  1; 17;164;0x694bffd83c3cc008020f2194a137ffd9L
  1; 17;165;0xa137ffd93c3cc008020f2194d145ffdaL
  1; 17;166;0xbcbcbcbc3c3ce008020f01947537ffecL
  1; 17;167;0x7537ffec3c3ce008020f0194453fffedL
  1; 17;168;0x453fffed3c3ce008020f0193d508ffeeL
  1; 17;169;0xd508ffee3c3ce008020f019458ffffefL
  1; 17;170;0x58ffffef3c3ce008020f0194f141ffe0L
  1; 17;171;0xf141ffe03c3ce008020f01943133ffe1L
  1; 17;172;0x3133ffe13c3ce008020f01952d3cffe2L
  1; 17;173;0x2d3cffe23c3ce008020f0195913bffe3L
  1; 17;174;0x913bffe33c3ce008020f0194a563ffe4L
  1; 17;175;0xa563ffe43c3ce008020f01948d77ffe5L
  1; 17;176;0x8d77ffe53c3ce008020f01953570ffe6L
  1; 17;177;0x3570ffe63c3ce008020f01951542ffe7L
  1; 17;178;0x1542ffe73c3ce008020f01957d4dffe8L
  1; 17;179;0x7d4dffe83c3ce008020f0194a139ffe9L
  1; 17;180;0xa139ffe93c3ce008020f0194c53bffeaL
  1; 17;181;0xbcbcbcbc3c3d0008020f2194753cfffcL
  1; 17;182;0x753cfffc3c3d0008020f2194293cfffdL
  1; 17;183;0x293cfffd3c3d0008020f2193d902fffeL
  1; 17;184;0xd902fffe3c3d0008020f219454fdffffL
  1; 17;185;0x54fdffff3c3d0008020f21950142fff0L
  1; 17;186;0x142fff03c3d0008020f21942d33fff1L
  1; 17;187;0x2d33fff13c3d0008020f21952535fff2L
  1; 17;188;0x2535fff23c3d0008020f2195853afff3L
  1; 17;189;0x853afff33c3d0008020f2194b160fff4L
  1; 17;190;0xb160fff43c3d0008020f2194b975fff5L
  1; 17;191;0xb975fff53c3d0008020f2195216ffff6L
  1; 17;192;0x216ffff63c3d0008020f2195213dfff7L
  1; 17;193;0x213dfff73c3d0008020f21957546fff8L
  1; 17;194;0x7546fff83c3d0008020f2194a938fff9L
  1; 17;195;0xa938fff93c3d0008020f2194cd3cfffaL
  1; 17;196;0xbcbcbcbc3c3d2008020f01946539ffccL
  1; 17;197;0x6539ffcc3c3d2008020f0194313affcdL
  1; 17;198;0x313affcd3c3d2008020f0193d106ffceL
  1; 17;199;0xd106ffce3c3d2008020f019464f9ffcfL
  1; 17;200;0x64f9ffcf3c3d2008020f0194f142ffc0L
  1; 17;201;0xf142ffc03c3d2008020f0194292effc1L
  1; 17;202;0x292effc13c3d2008020f01951d35ffc2L
  1; 17;203;0x1d35ffc23c3d2008020f0195753dffc3L
  1; 17;204;0x753dffc33c3d2008020f01949d65ffc4L
  1; 17;205;0x9d65ffc43c3d2008020f0194ad74ffc5L
  1; 17;206;0xad74ffc53c3d2008020f01950d6cffc6L
  1; 17;207;0xd6cffc63c3d2008020f0195213fffc7L
  1; 17;208;0x213fffc73c3d2008020f01958949ffc8L
  1; 17;209;0x8949ffc83c3d2008020f0194a539ffc9L
  1; 17;210;0xa539ffc93c3d2008020f0194b142ffcaL
  1; 17;211;0xbcbcbcbc3c3d4008020f2194593cffdcL
  1; 17;212;0x593cffdc3c3d4008020f21944943ffddL
  1; 17;213;0x4943ffdd3c3d4008020f2193d909ffdeL
  1; 17;214;0xd909ffde3c3d4008020f21947903ffdfL
  1; 17;215;0x7903ffdf3c3d4008020f21950d3dffd0L
  1; 17;216;0xd3dffd03c3d4008020f21943535ffd1L
  1; 17;217;0x3535ffd13c3d4008020f21951d37ffd2L
  1; 17;218;0x1d37ffd23c3d4008020f2195753cffd3L
  1; 17;219;0x753cffd33c3d4008020f2194ad5cffd4L
  1; 17;220;0xad5cffd43c3d4008020f2194b17bffd5L
  1; 17;221;0xb17bffd53c3d4008020f2195116effd6L
  1; 17;222;0x116effd63c3d4008020f21952545ffd7L
  1; 17;223;0x2545ffd73c3d4008020f2195794fffd8L
  1; 17;224;0x794fffd83c3d4008020f2194b139ffd9L
  1; 17;225;0xb139ffd93c3d4008020f2194dd48ffdaL
  1; 17;226;0xbcbcbcbc3c3d6008020f01947536ffecL
  1; 17;227;0x7536ffec3c3d6008020f0194413effedL
  1; 17;228;0x413effed3c3d6008020f0193d508ffeeL
  1; 17;229;0xd508ffee3c3d6008020f01945901ffefL
  1; 17;230;0x5901ffef3c3d6008020f0194ed43ffe0L
  1; 17;231;0xed43ffe03c3d6008020f01943134ffe1L
  1; 17;232;0x3134ffe13c3d6008020f01952d3affe2L
  1; 17;233;0x2d3affe23c3d6008020f0195893dffe3L
  1; 17;234;0x893dffe33c3d6008020f0194a163ffe4L
  1; 17;235;0xa163ffe43c3d6008020f01949178ffe5L
  1; 17;236;0x9178ffe53c3d6008020f0195356fffe6L
  1; 17;237;0x356fffe63c3d6008020f01951141ffe7L
  1; 17;238;0x1141ffe73c3d6008020f0195754bffe8L
  1; 17;239;0x754bffe83c3d6008020f0194a538ffe9L
  1; 17;240;0xa538ffe93c3d6008020f0194c53bffeaL
  1; 17;241;0xbcbcbcbc3c3d8008020f2194713afffcL
  1; 17;242;0x713afffc3c3d8008020f2194293bfffdL
  1; 17;243;0x293bfffd3c3d8008020f2193d901fffeL
  1; 17;244;0xd901fffe3c3d8008020f219454fcffffL
  1; 17;245;0x54fcffff3c3d8008020f2194fd42fff0L
  1; 17;246;0xfd42fff03c3d8008020f21942d33fff1L
  1; 17;247;0x2d33fff13c3d8008020f21952136fff2L
  1; 17;248;0x2136fff23c3d8008020f21958139fff3L
  1; 17;249;0x8139fff33c3d8008020f2194ad60fff4L
  1; 17;250;0xad60fff43c3d8008020f2194b575fff5L
  1; 17;251;0xb575fff53c3d8008020f21951d6efff6L
  1; 17;252;0x1d6efff63c3d8008020f2195153dfff7L
  1; 17;253;0x153dfff73c3d8008020f21957145fff8L
  1; 17;254;0x7145fff83c3d8008020f2194a938fff9L
  1; 17;255;0xa938fff93c3d8008020f2194c13efffaL
  1; 17;256;0xbcbcbcbc3c3da008020f0194693cffccL
  1; 18;  1;0xbcbcbcbc3c3f8008020f219691a1fffcL
  1; 18;  2;0x91a1fffc3c3f8008020f219651cefffdL
  1; 18;  3;0x51cefffd3c3f8008020f2196e5a7ffbeL
  1; 18;  4;0xe5a7ffbe3c3f8008020f219615b6ffffL
  1; 18;  5;0x15b6ffff3c3f8008020f2196e9bbfff0L
  1; 18;  6;0xe9bbfff03c3f8008020f2195adadfff1L
  1; 18;  7;0xadadfff13c3f8008020f2196499ffff2L
  1; 18;  8;0x499ffff23c3f8008020f219709ddfff3L
  1; 18;  9;0x9ddfff33c3f8008020f2196d1bcfff4L
  1; 18; 10;0xd1bcfff43c3f8008020f2196f5bafff5L
  1; 18; 11;0xf5bafff53c3f8008020f219721a6fff6L
  1; 18; 12;0x21a6fff63c3f8008020f2196b9b5ffb7L
  1; 18; 13;0xb9b5ffb73c3f8008020f219635a3fff8L
  1; 18; 14;0x35a3fff83c3f8008020f21953d8cfff9L
  1; 18; 15;0x3d8cfff93c3f8008020f2197158afffaL
  1; 18; 16;0xbcbcbcbc3c3fa008020f0196b1a4ffccL
  1; 18; 17;0xb1a4ffcc3c3fa008020f01966dcaffcdL
  1; 18; 18;0x6dcaffcd3c3fa008020f0196f1a6ff8eL
  1; 18; 19;0xf1a6ff8e3c3fa008020f01960dbcffcfL
  1; 18; 20;0xdbcffcf3c3fa008020f0196e9bfffc0L
  1; 18; 21;0xe9bfffc03c3fa008020f0195c1acffc1L
  1; 18; 22;0xc1acffc13c3fa008020f019655a4ffc2L
  1; 18; 23;0x55a4ffc23c3fa008020f0196fde0ffc3L
  1; 18; 24;0xfde0ffc33c3fa008020f0196cdbaffc4L
  1; 18; 25;0xcdbaffc43c3fa008020f0196fdbaffc5L
  1; 18; 26;0xfdbaffc53c3fa008020f019731acffc6L
  1; 18; 27;0x31acffc63c3fa008020f0196b1b6ff87L
  1; 18; 28;0xb1b6ff873c3fa008020f019621a7ffc8L
  1; 18; 29;0x21a7ffc83c3fa008020f0195398cffc9L
  1; 18; 30;0x398cffc93c3fa008020f0197318fffcaL
  1; 18; 31;0xbcbcbcbc3c3fc008020f2196a1a4ffdcL
  1; 18; 32;0xa1a4ffdc3c3fc008020f219659d3ffddL
  1; 18; 33;0x59d3ffdd3c3fc008020f2196f9a8ff9eL
  1; 18; 34;0xf9a8ff9e3c3fc008020f219615c0ffdfL
  1; 18; 35;0x15c0ffdf3c3fc008020f2196e9bfffd0L
  1; 18; 36;0xe9bfffd03c3fc008020f2195a1aeffd1L
  1; 18; 37;0xa1aeffd13c3fc008020f219655a2ffd2L
  1; 18; 38;0x55a2ffd23c3fc008020f219701dfffd3L
  1; 18; 39;0x1dfffd33c3fc008020f2196bdb6ffd4L
  1; 18; 40;0xbdb6ffd43c3fc008020f2196f1b9ffd5L
  1; 18; 41;0xf1b9ffd53c3fc008020f219715aeffd6L
  1; 18; 42;0x15aeffd63c3fc008020f2196c1b6ff97L
  1; 18; 43;0xc1b6ff973c3fc008020f219621aaffd8L
  1; 18; 44;0x21aaffd83c3fc008020f2195398dffd9L
  1; 18; 45;0x398dffd93c3fc008020f21972189ffdaL
  1; 18; 46;0xbcbcbcbc3c3fe008020f019695a3ffecL
  1; 18; 47;0x95a3ffec3c3fe008020f019639ceffedL
  1; 18; 48;0x39ceffed3c3fe008020f0196f1a6ffaeL
  1; 18; 49;0xf1a6ffae3c3fe008020f0195f9b7ffefL
  1; 18; 50;0xf9b7ffef3c3fe008020f0196f1bbffe0L
  1; 18; 51;0xf1bbffe03c3fe008020f0195b1aaffe1L
  1; 18; 52;0xb1aaffe13c3fe008020f0196259effe2L
  1; 18; 53;0x259effe23c3fe008020f0196fddbffe3L
  1; 18; 54;0xfddbffe33c3fe008020f0196b9b4ffe4L
  1; 18; 55;0xb9b4ffe43c3fe008020f0196edbbffe5L
  1; 18; 56;0xedbbffe53c3fe008020f019711a7ffe6L
  1; 18; 57;0x11a7ffe63c3fe008020f0196b5b6ffa7L
  1; 18; 58;0xb5b6ffa73c3fe008020f019615a1ffe8L
  1; 18; 59;0x15a1ffe83c3fe008020f0195198bffe9L
  1; 18; 60;0x198bffe93c3fe008020f01972190ffeaL
  1; 18; 61;0xbcbcbcbc3c3c0008020f219699a0fffcL
  1; 18; 62;0x99a0fffc3c3c0008020f219651cdfffdL
  1; 18; 63;0x51cdfffd3c3c0008020f2196f1a9ffbeL
  1; 18; 64;0xf1a9ffbe3c3c0008020f219611b6ffffL
  1; 18; 65;0x11b6ffff3c3c0008020f2196edbdfff0L
  1; 18; 66;0xedbdfff03c3c0008020f2195a1acfff1L
  1; 18; 67;0xa1acfff13c3c0008020f21963d9ffff2L
  1; 18; 68;0x3d9ffff23c3c0008020f21970ddcfff3L
  1; 18; 69;0xddcfff33c3c0008020f2196c9bbfff4L
  1; 18; 70;0xc9bbfff43c3c0008020f219705bafff5L
  1; 18; 71;0x5bafff53c3c0008020f219721a9fff6L
  1; 18; 72;0x21a9fff63c3c0008020f2196bdb7ffb7L
  1; 18; 73;0xbdb7ffb73c3c0008020f219635a6fff8L
  1; 18; 74;0x35a6fff83c3c0008020f2195418efff9L
  1; 18; 75;0x418efff93c3c0008020f21971d8afffaL
  1; 18; 76;0xbcbcbcbc3c3c2008020f0196a1a2ffccL
  1; 18; 77;0xa1a2ffcc3c3c2008020f01966dc9ffcdL
  1; 18; 78;0x6dc9ffcd3c3c2008020f0196e9a5ff8eL
  1; 18; 79;0xe9a5ff8e3c3c2008020f019605bbffcfL
  1; 18; 80;0x5bbffcf3c3c2008020f0196e9c1ffc0L
  1; 18; 81;0xe9c1ffc03c3c2008020f0195b9aaffc1L
  1; 18; 82;0xb9aaffc13c3c2008020f019651a5ffc2L
  1; 18; 83;0x51a5ffc23c3c2008020f0196f1e0ffc3L
  1; 18; 84;0xf1e0ffc33c3c2008020f0196cdb9ffc4L
  1; 18; 85;0xcdb9ffc43c3c2008020f019701b9ffc5L
  1; 18; 86;0x1b9ffc53c3c2008020f01972daaffc6L
  1; 18; 87;0x2daaffc63c3c2008020f0196adb4ff87L
  1; 18; 88;0xadb4ff873c3c2008020f019619a6ffc8L
  1; 18; 89;0x19a6ffc83c3c2008020f0195358bffc9L
  1; 18; 90;0x358bffc93c3c2008020f0197358effcaL
  1; 18; 91;0xbcbcbcbc3c3c4008020f2196a1a2ffdcL
  1; 18; 92;0xa1a2ffdc3c3c4008020f21965dd1ffddL
  1; 18; 93;0x5dd1ffdd3c3c4008020f2196fda9ff9eL
  1; 18; 94;0xfda9ff9e3c3c4008020f219615c0ffdfL
  1; 18; 95;0x15c0ffdf3c3c4008020f2196edbfffd0L
  1; 18; 96;0xedbfffd03c3c4008020f2195a1b1ffd1L
  1; 18; 97;0xa1b1ffd13c3c4008020f21965da1ffd2L
  1; 18; 98;0x5da1ffd23c3c4008020f2196fde1ffd3L
  1; 18; 99;0xfde1ffd33c3c4008020f2196b9b5ffd4L
  1; 18;100;0xb9b5ffd43c3c4008020f2196f5b9ffd5L
  1; 18;101;0xf5b9ffd53c3c4008020f219715aeffd6L
  1; 18;102;0x15aeffd63c3c4008020f2196cdb6ff97L
  1; 18;103;0xcdb6ff973c3c4008020f21961da8ffd8L
  1; 18;104;0x1da8ffd83c3c4008020f21952d8dffd9L
  1; 18;105;0x2d8dffd93c3c4008020f2197258bffdaL
  1; 18;106;0xbcbcbcbc3c3c6008020f0196a1a4ffecL
  1; 18;107;0xa1a4ffec3c3c6008020f019649d1ffedL
  1; 18;108;0x49d1ffed3c3c6008020f019705a8ffaeL
  1; 18;109;0x5a8ffae3c3c6008020f019601baffefL
  1; 18;110;0x1baffef3c3c6008020f0196f5bdffe0L
  1; 18;111;0xf5bdffe03c3c6008020f0195c1acffe1L
  1; 18;112;0xc1acffe13c3c6008020f0196319fffe2L
  1; 18;113;0x319fffe23c3c6008020f019709dfffe3L
  1; 18;114;0x9dfffe33c3c6008020f0196c1b9ffe4L
  1; 18;115;0xc1b9ffe43c3c6008020f019701bcffe5L
  1; 18;116;0x1bcffe53c3c6008020f019719abffe6L
  1; 18;117;0x19abffe63c3c6008020f0196bdb7ffa7L
  1; 18;118;0xbdb7ffa73c3c6008020f019619a4ffe8L
  1; 18;119;0x19a4ffe83c3c6008020f0195218effe9L
  1; 18;120;0x218effe93c3c6008020f0197258fffeaL
  1; 18;121;0xbcbcbcbc3c3c8008020f21968d9efffcL
  1; 18;122;0x8d9efffc3c3c8008020f21964dcefffdL
  1; 18;123;0x4dcefffd3c3c8008020f2196e5a8ffbeL
  1; 18;124;0xe5a8ffbe3c3c8008020f21960db6ffffL
  1; 18;125;0xdb6ffff3c3c8008020f2196e1bbfff0L
  1; 18;126;0xe1bbfff03c3c8008020f2195a5adfff1L
  1; 18;127;0xa5adfff13c3c8008020f21963da1fff2L
  1; 18;128;0x3da1fff23c3c8008020f219705ddfff3L
  1; 18;129;0x5ddfff33c3c8008020f2196cdbbfff4L
  1; 18;130;0xcdbbfff43c3c8008020f2196f1b8fff5L
  1; 18;131;0xf1b8fff53c3c8008020f219721a5fff6L
  1; 18;132;0x21a5fff63c3c8008020f2196b5b5ffb7L
  1; 18;133;0xb5b5ffb73c3c8008020f219629a3fff8L
  1; 18;134;0x29a3fff83c3c8008020f2195358cfff9L
  1; 18;135;0x358cfff93c3c8008020f21970d89fffaL
  1; 18;136;0xbcbcbcbc3c3ca008020f0196a5a5ffccL
  1; 18;137;0xa5a5ffcc3c3ca008020f019675c9ffcdL
  1; 18;138;0x75c9ffcd3c3ca008020f019701a9ff8eL
  1; 18;139;0x1a9ff8e3c3ca008020f019611bfffcfL
  1; 18;140;0x11bfffcf3c3ca008020f0196edc2ffc0L
  1; 18;141;0xedc2ffc03c3ca008020f0195c9acffc1L
  1; 18;142;0xc9acffc13c3ca008020f01965da7ffc2L
  1; 18;143;0x5da7ffc23c3ca008020f019701e2ffc3L
  1; 18;144;0x1e2ffc33c3ca008020f0196d1bbffc4L
  1; 18;145;0xd1bbffc43c3ca008020f019705baffc5L
  1; 18;146;0x5baffc53c3ca008020f019741adffc6L
  1; 18;147;0x41adffc63c3ca008020f0196b9b8ff87L
  1; 18;148;0xb9b8ff873c3ca008020f019629a7ffc8L
  1; 18;149;0x29a7ffc83c3ca008020f01953d8fffc9L
  1; 18;150;0x3d8fffc93c3ca008020f01973d92ffcaL
  1; 18;151;0xbcbcbcbc3c3cc008020f219691a3ffdcL
  1; 18;152;0x91a3ffdc3c3cc008020f21964dcfffddL
  1; 18;153;0x4dcfffdd3c3cc008020f2196f9a6ff9eL
  1; 18;154;0xf9a6ff9e3c3cc008020f21960dbeffdfL
  1; 18;155;0xdbeffdf3c3cc008020f2196e5beffd0L
  1; 18;156;0xe5beffd03c3cc008020f21959daeffd1L
  1; 18;157;0x9daeffd13c3cc008020f219655a0ffd2L
  1; 18;158;0x55a0ffd23c3cc008020f219701e0ffd3L
  1; 18;159;0x1e0ffd33c3cc008020f2196b5b6ffd4L
  1; 18;160;0xb5b6ffd43c3cc008020f2196edb7ffd5L
  1; 18;161;0xedb7ffd53c3cc008020f219711acffd6L
  1; 18;162;0x11acffd63c3cc008020f2196c5b3ff97L
  1; 18;163;0xc5b3ff973c3cc008020f219615a8ffd8L
  1; 18;164;0x15a8ffd83c3cc008020f2195358affd9L
  1; 18;165;0x358affd93c3cc008020f21971587ffdaL
  1; 18;166;0xbcbcbcbc3c3ce008020f0196a5a2ffecL
  1; 18;167;0xa5a2ffec3c3ce008020f019649d0ffedL
  1; 18;168;0x49d0ffed3c3ce008020f019705aaffaeL
  1; 18;169;0x5aaffae3c3ce008020f0195fdbbffefL
  1; 18;170;0xfdbbffef3c3ce008020f0196f9beffe0L
  1; 18;171;0xf9beffe03c3ce008020f0195c1acffe1L
  1; 18;172;0xc1acffe13c3ce008020f019631a0ffe2L
  1; 18;173;0x31a0ffe23c3ce008020f019709deffe3L
  1; 18;174;0x9deffe33c3ce008020f0196c9b8ffe4L
  1; 18;175;0xc9b8ffe43c3ce008020f0196f9bbffe5L
  1; 18;176;0xf9bbffe53c3ce008020f01971dacffe6L
  1; 18;177;0x1dacffe63c3ce008020f0196c1b7ffa7L
  1; 18;178;0xc1b7ffa73c3ce008020f019625a5ffe8L
  1; 18;179;0x25a5ffe83c3ce008020f0195218effe9L
  1; 18;180;0x218effe93c3ce008020f01972990ffeaL
  1; 18;181;0xbcbcbcbc3c3d0008020f2196999ffffcL
  1; 18;182;0x999ffffc3c3d0008020f219659cdfffdL
  1; 18;183;0x59cdfffd3c3d0008020f2196f5a9ffbeL
  1; 18;184;0xf5a9ffbe3c3d0008020f219619b8ffffL
  1; 18;185;0x19b8ffff3c3d0008020f2196f1bcfff0L
  1; 18;186;0xf1bcfff03c3d0008020f2195adaefff1L
  1; 18;187;0xadaefff13c3d0008020f219645a2fff2L
  1; 18;188;0x45a2fff23c3d0008020f219715ddfff3L
  1; 18;189;0x15ddfff33c3d0008020f2196d5bbfff4L
  1; 18;190;0xd5bbfff43c3d0008020f219701bafff5L
  1; 18;191;0x1bafff53c3d0008020f219729a9fff6L
  1; 18;192;0x29a9fff63c3d0008020f2196b5b8ffb7L
  1; 18;193;0xb5b8ffb73c3d0008020f219639a6fff8L
  1; 18;194;0x39a6fff83c3d0008020f2195418dfff9L
  1; 18;195;0x418dfff93c3d0008020f21971d8cfffaL
  1; 18;196;0xbcbcbcbc3c3d2008020f0196a5a3ffccL
  1; 18;197;0xa5a3ffcc3c3d2008020f019671caffcdL
  1; 18;198;0x71caffcd3c3d2008020f0196f1a6ff8eL
  1; 18;199;0xf1a6ff8e3c3d2008020f019601bcffcfL
  1; 18;200;0x1bcffcf3c3d2008020f0196edc1ffc0L
  1; 18;201;0xedc1ffc03c3d2008020f0195c5a9ffc1L
  1; 18;202;0xc5a9ffc13c3d2008020f019659a6ffc2L
  1; 18;203;0x59a6ffc23c3d2008020f019701e1ffc3L
  1; 18;204;0x1e1ffc33c3d2008020f0196d1baffc4L
  1; 18;205;0xd1baffc43c3d2008020f0196f9bcffc5L
  1; 18;206;0xf9bcffc53c3d2008020f019735aaffc6L
  1; 18;207;0x35aaffc63c3d2008020f0196b1b7ff87L
  1; 18;208;0xb1b7ff873c3d2008020f019625a5ffc8L
  1; 18;209;0x25a5ffc83c3d2008020f0195398fffc9L
  1; 18;210;0x398fffc93c3d2008020f01973590ffcaL
  1; 18;211;0xbcbcbcbc3c3d4008020f2196a5a8ffdcL
  1; 18;212;0xa5a8ffdc3c3d4008020f219665d5ffddL
  1; 18;213;0x65d5ffdd3c3d4008020f219709aaff9eL
  1; 18;214;0x9aaff9e3c3d4008020f219625c3ffdfL
  1; 18;215;0x25c3ffdf3c3d4008020f2196f1c1ffd0L
  1; 18;216;0xf1c1ffd03c3d4008020f2195a9b2ffd1L
  1; 18;217;0xa9b2ffd13c3d4008020f21965da2ffd2L
  1; 18;218;0x5da2ffd23c3d4008020f21970de2ffd3L
  1; 18;219;0xde2ffd33c3d4008020f2196c9b8ffd4L
  1; 18;220;0xc9b8ffd43c3d4008020f2196fdb9ffd5L
  1; 18;221;0xfdb9ffd53c3d4008020f21971dafffd6L
  1; 18;222;0x1dafffd63c3d4008020f2196cdb7ff97L
  1; 18;223;0xcdb7ff973c3d4008020f219625acffd8L
  1; 18;224;0x25acffd83c3d4008020f21954190ffd9L
  1; 18;225;0x4190ffd93c3d4008020f2197258bffdaL
  1; 18;226;0xbcbcbcbc3c3d6008020f019699a2ffecL
  1; 18;227;0x99a2ffec3c3d6008020f01963dccffedL
  1; 18;228;0x3dccffed3c3d6008020f0196f5a6ffaeL
  1; 18;229;0xf5a6ffae3c3d6008020f0195f9b7ffefL
  1; 18;230;0xf9b7ffef3c3d6008020f0196f1baffe0L
  1; 18;231;0xf1baffe03c3d6008020f0195b1acffe1L
  1; 18;232;0xb1acffe13c3d6008020f0196219dffe2L
  1; 18;233;0x219dffe23c3d6008020f0196fddcffe3L
  1; 18;234;0xfddcffe33c3d6008020f0196bdb5ffe4L
  1; 18;235;0xbdb5ffe43c3d6008020f0196edbcffe5L
  1; 18;236;0xedbcffe53c3d6008020f019715aaffe6L
  1; 18;237;0x15aaffe63c3d6008020f0196b1b6ffa7L
  1; 18;238;0xb1b6ffa73c3d6008020f019615a0ffe8L
  1; 18;239;0x15a0ffe83c3d6008020f0195158cffe9L
  1; 18;240;0x158cffe93c3d6008020f0197218cffeaL
  1; 18;241;0xbcbcbcbc3c3d8008020f21968da0fffcL
  1; 18;242;0x8da0fffc3c3d8008020f219651cdfffdL
  1; 18;243;0x51cdfffd3c3d8008020f2196e9a9ffbeL
  1; 18;244;0xe9a9ffbe3c3d8008020f219611b7ffffL
  1; 18;245;0x11b7ffff3c3d8008020f2196edbcfff0L
  1; 18;246;0xedbcfff03c3d8008020f2195a5aefff1L
  1; 18;247;0xa5aefff13c3d8008020f21963da1fff2L
  1; 18;248;0x3da1fff23c3d8008020f21970ddcfff3L
  1; 18;249;0xddcfff33c3d8008020f2196d1bbfff4L
  1; 18;250;0xd1bbfff43c3d8008020f2196fdbbfff5L
  1; 18;251;0xfdbbfff53c3d8008020f219729a8fff6L
  1; 18;252;0x29a8fff63c3d8008020f2196b5b7ffb7L
  1; 18;253;0xb5b7ffb73c3d8008020f219635a3fff8L
  1; 18;254;0x35a3fff83c3d8008020f2195358efff9L
  1; 18;255;0x358efff93c3d8008020f21971587fffaL
  1; 18;256;0xbcbcbcbc3c3da008020f0196ada4ffccL
  1; 20;  1;0x9c1ffe53c3ee008020f01963558ffe6L
  1; 20;  2;0x3558ffe63c3ee008020f019655a6ffa7L
  1; 20;  3;0x55a6ffa73c3ee008020f01964d61ffe8L
  1; 20;  4;0x4d61ffe83c3ee008020f01960da0ffe9L
  1; 20;  5;0xda0ffe93c3ee008020f019629a5ffeaL
  1; 20;  6;0xbcbcbcbc3c3f0008020f21959966fffcL
  1; 20;  7;0x9966fffc3c3f0008020f21961195fffdL
  1; 20;  8;0x1195fffd3c3f0008020f21960568fffeL
  1; 20;  9;0x568fffe3c3f0008020f21959565ffffL
  1; 20; 10;0x9565ffff3c3f0008020f21960d68fff0L
  1; 20; 11;0xd68fff03c3f0008020f21966597fff1L
  1; 20; 12;0x6597fff13c3f0008020f21967da9fff2L
  1; 20; 13;0x7da9fff23c3f0008020f2196a1affff3L
  1; 20; 14;0xa1affff33c3f0008020f2196098efff4L
  1; 20; 15;0x98efff43c3f0008020f219611c1fff5L
  1; 20; 16;0x11c1fff53c3f0008020f21963556fff6L
  1; 20; 17;0x3556fff63c3f0008020f219645a4ffb7L
  1; 20; 18;0x45a4ffb73c3f0008020f21963553fff8L
  1; 20; 19;0x3553fff83c3f0008020f2196099bfff9L
  1; 20; 20;0x99bfff93c3f0008020f219611a4fffaL
  1; 20; 21;0xbcbcbcbc3c3f2008020f0195cd6fffccL
  1; 20; 22;0xcd6fffcc3c3f2008020f0196219cffcdL
  1; 20; 23;0x219cffcd3c3f2008020f01961d75ffceL
  1; 20; 24;0x1d75ffce3c3f2008020f0195a96dffcfL
  1; 20; 25;0xa96dffcf3c3f2008020f01962573ffc0L
  1; 20; 26;0x2573ffc03c3f2008020f0196899affc1L
  1; 20; 27;0x899affc13c3f2008020f01968dacffc2L
  1; 20; 28;0x8dacffc23c3f2008020f019699b4ffc3L
  1; 20; 29;0x99b4ffc33c3f2008020f0196318dffc4L
  1; 20; 30;0x318dffc43c3f2008020f019639bfffc5L
  1; 20; 31;0x39bfffc53c3f2008020f0196495bffc6L
  1; 20; 32;0x495bffc63c3f2008020f019655acff87L
  1; 20; 33;0x55acff873c3f2008020f01964d59ffc8L
  1; 20; 34;0x4d59ffc83c3f2008020f019625a5ffc9L
  1; 20; 35;0x25a5ffc93c3f2008020f019619a4ffcaL
  1; 20; 36;0xbcbcbcbc3c3f4008020f2195a969ffdcL
  1; 20; 37;0xa969ffdc3c3f4008020f21960996ffddL
  1; 20; 38;0x996ffdd3c3f4008020f2196056dffdeL
  1; 20; 39;0x56dffde3c3f4008020f2195896cffdfL
  1; 20; 40;0x896cffdf3c3f4008020f21961d6dffd0L
  1; 20; 41;0x1d6dffd03c3f4008020f21967d94ffd1L
  1; 20; 42;0x7d94ffd13c3f4008020f219689adffd2L
  1; 20; 43;0x89adffd23c3f4008020f219699b2ffd3L
  1; 20; 44;0x99b2ffd33c3f4008020f2196258fffd4L
  1; 20; 45;0x258fffd43c3f4008020f219605bdffd5L
  1; 20; 46;0x5bdffd53c3f4008020f21962553ffd6L
  1; 20; 47;0x2553ffd63c3f4008020f219655a7ff97L
  1; 20; 48;0x55a7ff973c3f4008020f21963d59ffd8L
  1; 20; 49;0x3d59ffd83c3f4008020f2196019cffd9L
  1; 20; 50;0x19cffd93c3f4008020f2196099dffdaL
  1; 20; 51;0xbcbcbcbc3c3f6008020f01958961ffecL
  1; 20; 52;0x8961ffec3c3f6008020f01960d98ffedL
  1; 20; 53;0xd98ffed3c3f6008020f0195ed73ffeeL
  1; 20; 54;0xed73ffee3c3f6008020f0195a971ffefL
  1; 20; 55;0xa971ffef3c3f6008020f01960169ffe0L
  1; 20; 56;0x169ffe03c3f6008020f01965196ffe1L
  1; 20; 57;0x5196ffe13c3f6008020f019681a5ffe2L
  1; 20; 58;0x81a5ffe23c3f6008020f0196a5b2ffe3L
  1; 20; 59;0xa5b2ffe33c3f6008020f0196218effe4L
  1; 20; 60;0x218effe43c3f6008020f01960dc0ffe5L
  1; 20; 61;0xdc0ffe53c3f6008020f01962556ffe6L
  1; 20; 62;0x2556ffe63c3f6008020f019649a3ffa7L
  1; 20; 63;0x49a3ffa73c3f6008020f0196415effe8L
  1; 20; 64;0x415effe83c3f6008020f019601a0ffe9L
  1; 20; 65;0x1a0ffe93c3f6008020f01961da4ffeaL
  1; 20; 66;0xbcbcbcbc3c3f8008020f2195a56afffcL
  1; 20; 67;0xa56afffc3c3f8008020f21961998fffdL
  1; 20; 68;0x1998fffd3c3f8008020f2196156cfffeL
  1; 20; 69;0x156cfffe3c3f8008020f2195a969ffffL
  1; 20; 70;0xa969ffff3c3f8008020f21961d6cfff0L
  1; 20; 71;0x1d6cfff03c3f8008020f21966d99fff1L
  1; 20; 72;0x6d99fff13c3f8008020f219689acfff2L
  1; 20; 73;0x89acfff23c3f8008020f2196b1b2fff3L
  1; 20; 74;0xb1b2fff33c3f8008020f21961995fff4L
  1; 20; 75;0x1995fff43c3f8008020f219619c4fff5L
  1; 20; 76;0x19c4fff53c3f8008020f21964559fff6L
  1; 20; 77;0x4559fff63c3f8008020f219659aaffb7L
  1; 20; 78;0x59aaffb73c3f8008020f21964559fff8L
  1; 20; 79;0x4559fff83c3f8008020f2196159dfff9L
  1; 20; 80;0x159dfff93c3f8008020f219625a9fffaL
  1; 20; 81;0xbcbcbcbc3c3fa008020f0195c16dffccL
  1; 20; 82;0xc16dffcc3c3fa008020f0196199affcdL
  1; 20; 83;0x199affcd3c3fa008020f01961574ffceL
  1; 20; 84;0x1574ffce3c3fa008020f0195ad6cffcfL
  1; 20; 85;0xad6cffcf3c3fa008020f01961d70ffc0L
  1; 20; 86;0x1d70ffc03c3fa008020f0196799affc1L
  1; 20; 87;0x799affc13c3fa008020f019685aaffc2L
  1; 20; 88;0x85aaffc23c3fa008020f019689b1ffc3L
  1; 20; 89;0x89b1ffc33c3fa008020f0196258effc4L
  1; 20; 90;0x258effc43c3fa008020f019629bdffc5L
  1; 20; 91;0x29bdffc53c3fa008020f01963d5affc6L
  1; 20; 92;0x3d5affc63c3fa008020f01964daaff87L
  1; 20; 93;0x4daaff873c3fa008020f01964d58ffc8L
  1; 20; 94;0x4d58ffc83c3fa008020f01961da3ffc9L
  1; 20; 95;0x1da3ffc93c3fa008020f019621a2ffcaL
  1; 20; 96;0xbcbcbcbc3c3fc008020f2195b96dffdcL
  1; 20; 97;0xb96dffdc3c3fc008020f21961d99ffddL
  1; 20; 98;0x1d99ffdd3c3fc008020f21960972ffdeL
  1; 20; 99;0x972ffde3c3fc008020f21959d70ffdfL
  1; 20;100;0x9d70ffdf3c3fc008020f21963173ffd0L
  1; 20;101;0x3173ffd03c3fc008020f21968998ffd1L
  1; 20;102;0x8998ffd13c3fc008020f219695afffd2L
  1; 20;103;0x95afffd23c3fc008020f2196a1b7ffd3L
  1; 20;104;0xa1b7ffd33c3fc008020f21963192ffd4L
  1; 20;105;0x3192ffd43c3fc008020f219615c2ffd5L
  1; 20;106;0x15c2ffd53c3fc008020f21963556ffd6L
  1; 20;107;0x3556ffd63c3fc008020f219665aaff97L
  1; 20;108;0x65aaff973c3fc008020f2196555dffd8L
  1; 20;109;0x555dffd83c3fc008020f219605a2ffd9L
  1; 20;110;0x5a2ffd93c3fc008020f219621a2ffdaL
  1; 20;111;0xbcbcbcbc3c3fe008020f01958960ffecL
  1; 20;112;0x8960ffec3c3fe008020f01960197ffedL
  1; 20;113;0x197ffed3c3fe008020f0195ed73ffeeL
  1; 20;114;0xed73ffee3c3fe008020f0195a172ffefL
  1; 20;115;0xa172ffef3c3fe008020f0195f56bffe0L
  1; 20;116;0xf56bffe03c3fe008020f01965595ffe1L
  1; 20;117;0x5595ffe13c3fe008020f019679a5ffe2L
  1; 20;118;0x79a5ffe23c3fe008020f0196a9b0ffe3L
  1; 20;119;0xa9b0ffe33c3fe008020f01961d8affe4L
  1; 20;120;0x1d8affe43c3fe008020f0195fdc0ffe5L
  1; 20;121;0xfdc0ffe53c3fe008020f01962155ffe6L
  1; 20;122;0x2155ffe63c3fe008020f019641a4ffa7L
  1; 20;123;0x41a4ffa73c3fe008020f0196395bffe8L
  1; 20;124;0x395bffe83c3fe008020f0195fd9effe9L
  1; 20;125;0xfd9effe93c3fe008020f019619a1ffeaL
  1; 20;126;0xbcbcbcbc3c3c0008020f2195a569fffcL
  1; 20;127;0xa569fffc3c3c0008020f2196199afffdL
  1; 20;128;0x199afffd3c3c0008020f21960d6afffeL
  1; 20;129;0xd6afffe3c3c0008020f2195a168ffffL
  1; 20;130;0xa168ffff3c3c0008020f2196216cfff0L
  1; 20;131;0x216cfff03c3c0008020f21966999fff1L
  1; 20;132;0x6999fff13c3c0008020f219681acfff2L
  1; 20;133;0x81acfff23c3c0008020f2196b1b3fff3L
  1; 20;134;0xb1b3fff33c3c0008020f21961593fff4L
  1; 20;135;0x1593fff43c3c0008020f219619c3fff5L
  1; 20;136;0x19c3fff53c3c0008020f21964159fff6L
  1; 20;137;0x4159fff63c3c0008020f219655a9ffb7L
  1; 20;138;0x55a9ffb73c3c0008020f21964559fff8L
  1; 20;139;0x4559fff83c3c0008020f2196119bfff9L
  1; 20;140;0x119bfff93c3c0008020f219619a8fffaL
  1; 20;141;0xbcbcbcbc3c3c2008020f0195cd6fffccL
  1; 20;142;0xcd6fffcc3c3c2008020f0196219dffcdL
  1; 20;143;0x219dffcd3c3c2008020f01961575ffceL
  1; 20;144;0x1575ffce3c3c2008020f0195a56cffcfL
  1; 20;145;0xa56cffcf3c3c2008020f01962170ffc0L
  1; 20;146;0x2170ffc03c3c2008020f0196859bffc1L
  1; 20;147;0x859bffc13c3c2008020f019689aaffc2L
  1; 20;148;0x89aaffc23c3c2008020f019691b2ffc3L
  1; 20;149;0x91b2ffc33c3c2008020f0196358effc4L
  1; 20;150;0x358effc43c3c2008020f019631c0ffc5L
  1; 20;151;0x31c0ffc53c3c2008020f0196455bffc6L
  1; 20;152;0x455bffc63c3c2008020f01964dabff87L
  1; 20;153;0x4dabff873c3c2008020f0196555affc8L
  1; 20;154;0x555affc83c3c2008020f019621a4ffc9L
  1; 20;155;0x21a4ffc93c3c2008020f019619a2ffcaL
  1; 20;156;0xbcbcbcbc3c3c4008020f2195ad6affdcL
  1; 20;157;0xad6affdc3c3c4008020f21960997ffddL
  1; 20;158;0x997ffdd3c3c4008020f2195f96dffdeL
  1; 20;159;0xf96dffde3c3c4008020f21958d6dffdfL
  1; 20;160;0x8d6dffdf3c3c4008020f21961d6fffd0L
  1; 20;161;0x1d6fffd03c3c4008020f21967595ffd1L
  1; 20;162;0x7595ffd13c3c4008020f21968dafffd2L
  1; 20;163;0x8dafffd23c3c4008020f219695b3ffd3L
  1; 20;164;0x95b3ffd33c3c4008020f2196218effd4L
  1; 20;165;0x218effd43c3c4008020f219609bfffd5L
  1; 20;166;0x9bfffd53c3c4008020f21962154ffd6L
  1; 20;167;0x2154ffd63c3c4008020f219659a6ff97L
  1; 20;168;0x59a6ff973c3c4008020f2196415bffd8L
  1; 20;169;0x415bffd83c3c4008020f2195f99cffd9L
  1; 20;170;0xf99cffd93c3c4008020f21960d9cffdaL
  1; 20;171;0xbcbcbcbc3c3c6008020f01959965ffecL
  1; 20;172;0x9965ffec3c3c6008020f0196119affedL
  1; 20;173;0x119affed3c3c6008020f01960573ffeeL
  1; 20;174;0x573ffee3c3c6008020f0195b175ffefL
  1; 20;175;0xb175ffef3c3c6008020f0196056dffe0L
  1; 20;176;0x56dffe03c3c6008020f01966198ffe1L
  1; 20;177;0x6198ffe13c3c6008020f019689a7ffe2L
  1; 20;178;0x89a7ffe23c3c6008020f0196b1b3ffe3L
  1; 20;179;0xb1b3ffe33c3c6008020f01962d8effe4L
  1; 20;180;0x2d8effe43c3c6008020f01960dc1ffe5L
  1; 20;181;0xdc1ffe53c3c6008020f01963559ffe6L
  1; 20;182;0x3559ffe63c3c6008020f019659a6ffa7L
  1; 20;183;0x59a6ffa73c3c6008020f01964d61ffe8L
  1; 20;184;0x4d61ffe83c3c6008020f019609a1ffe9L
  1; 20;185;0x9a1ffe93c3c6008020f019629a5ffeaL
  1; 20;186;0xbcbcbcbc3c3c8008020f2195a967fffcL
  1; 20;187;0xa967fffc3c3c8008020f21961599fffdL
  1; 20;188;0x1599fffd3c3c8008020f21960169fffeL
  1; 20;189;0x169fffe3c3c8008020f2195a168ffffL
  1; 20;190;0xa168ffff3c3c8008020f21961d6afff0L
  1; 20;191;0x1d6afff03c3c8008020f21965d96fff1L
  1; 20;192;0x5d96fff13c3c8008020f219685abfff2L
  1; 20;193;0x85abfff23c3c8008020f2196adb0fff3L
  1; 20;194;0xadb0fff33c3c8008020f21961591fff4L
  1; 20;195;0x1591fff43c3c8008020f219611c2fff5L
  1; 20;196;0x11c2fff53c3c8008020f21964158fff6L
  1; 20;197;0x4158fff63c3c8008020f21964da6ffb7L
  1; 20;198;0x4da6ffb73c3c8008020f21964156fff8L
  1; 20;199;0x4156fff83c3c8008020f2196099cfff9L
  1; 20;200;0x99cfff93c3c8008020f219611a6fffaL
  1; 20;201;0xbcbcbcbc3c3ca008020f0195c16dffccL
  1; 20;202;0xc16dffcc3c3ca008020f01961999ffcdL
  1; 20;203;0x1999ffcd3c3ca008020f01961576ffceL
  1; 20;204;0x1576ffce3c3ca008020f0195b16bffcfL
  1; 20;205;0xb16bffcf3c3ca008020f01961d73ffc0L
  1; 20;206;0x1d73ffc03c3ca008020f01968d98ffc1L
  1; 20;207;0x8d98ffc13c3ca008020f019685a9ffc2L
  1; 20;208;0x85a9ffc23c3ca008020f01968db3ffc3L
  1; 20;209;0x8db3ffc33c3ca008020f0196298fffc4L
  1; 20;210;0x298fffc43c3ca008020f019631c0ffc5L
  1; 20;211;0x31c0ffc53c3ca008020f01964159ffc6L
  1; 20;212;0x4159ffc63c3ca008020f019655a9ff87L
  1; 20;213;0x55a9ff873c3ca008020f01964d59ffc8L
  1; 20;214;0x4d59ffc83c3ca008020f01961da3ffc9L
  1; 20;215;0x1da3ffc93c3ca008020f019621a3ffcaL
  1; 20;216;0xbcbcbcbc3c3cc008020f2195b56dffdcL
  1; 20;217;0xb56dffdc3c3cc008020f2196199affddL
  1; 20;218;0x199affdd3c3cc008020f21960d70ffdeL
  1; 20;219;0xd70ffde3c3cc008020f2195996fffdfL
  1; 20;220;0x996fffdf3c3cc008020f21962d73ffd0L
  1; 20;221;0x2d73ffd03c3cc008020f21969198ffd1L
  1; 20;222;0x9198ffd13c3cc008020f219695b0ffd2L
  1; 20;223;0x95b0ffd23c3cc008020f2196a1b7ffd3L
  1; 20;224;0xa1b7ffd33c3cc008020f21962d91ffd4L
  1; 20;225;0x2d91ffd43c3cc008020f219619c1ffd5L
  1; 20;226;0x19c1ffd53c3cc008020f21963156ffd6L
  1; 20;227;0x3156ffd63c3cc008020f219669abff97L
  1; 20;228;0x69abff973c3cc008020f2196495cffd8L
  1; 20;229;0x495cffd83c3cc008020f219609a1ffd9L
  1; 20;230;0x9a1ffd93c3cc008020f219615a1ffdaL
  1; 20;231;0xbcbcbcbc3c3ce008020f01958d62ffecL
  1; 20;232;0x8d62ffec3c3ce008020f01960598ffedL
  1; 20;233;0x598ffed3c3ce008020f0195f173ffeeL
  1; 20;234;0xf173ffee3c3ce008020f0195a974ffefL
  1; 20;235;0xa974ffef3c3ce008020f0195f96affe0L
  1; 20;236;0xf96affe03c3ce008020f01965596ffe1L
  1; 20;237;0x5596ffe13c3ce008020f019685a5ffe2L
  1; 20;238;0x85a5ffe23c3ce008020f0196a5afffe3L
  1; 20;239;0xa5afffe33c3ce008020f0196298affe4L
  1; 20;240;0x298affe43c3ce008020f019605c0ffe5L
  1; 20;241;0x5c0ffe53c3ce008020f01962d56ffe6L
  1; 20;242;0x2d56ffe63c3ce008020f019655a6ffa7L
  1; 20;243;0x55a6ffa73c3ce008020f0196415dffe8L
  1; 20;244;0x415dffe83c3ce008020f019609a1ffe9L
  1; 20;245;0x9a1ffe93c3ce008020f019625a4ffeaL
  1; 20;246;0xbcbcbcbc3c3d0008020f2195a967fffcL
  1; 20;247;0xa967fffc3c3d0008020f21961998fffdL
  1; 20;248;0x1998fffd3c3d0008020f21960969fffeL
  1; 20;249;0x969fffe3c3d0008020f2195a569ffffL
  1; 20;250;0xa569ffff3c3d0008020f2196196cfff0L
  1; 20;251;0x196cfff03c3d0008020f21966d95fff1L
  1; 20;252;0x6d95fff13c3d0008020f219681a9fff2L
  1; 20;253;0x81a9fff23c3d0008020f2196b5b0fff3L
  1; 20;254;0xb5b0fff33c3d0008020f21961992fff4L
  1; 20;255;0x1992fff43c3d0008020f219619c3fff5L
  1; 20;256;0x19c3fff53c3d0008020f21963959fff6L
