Link ID; Channel ID; Line; Data 
  1; 15;  1;0xbcbcbcbc3c03a008020f329729e6ffdaL
  1; 15;  2;0x29e6ffda3c03a008020f32d729e7ffdbL
  1; 15;  3;0x29e7ffdb3c03a008020f33175dc4ffdcL
  1; 15;  4;0x5dc4ffdc3c03a008020f3356c9c3ffddL
  1; 15;  5;0xc9c3ffdd3c03a008020f3396ddc2ffdeL
  1; 15;  6;0xddc2ffde3c03a008020f33d6e1d1ffdfL
  1; 15;  7;0xe1d1ffdf3c03a008020f3016f9c4ffd0L
  1; 15;  8;0xf9c4ffd03c03a008020f30572ddaffd1L
  1; 15;  9;0x2ddaffd13c03a008020f309755d6ffd2L
  1; 15; 10;0x55d6ffd23c03a008020f30d731ccffd3L
  1; 15; 11;0x31ccffd33c03a008020f311775f6ffd4L
  1; 15; 12;0x75f6ffd43c03a008020f3156f9eaffd5L
  1; 15; 13;0xf9eaffd53c03a008020f319785e8ffd6L
  1; 15; 14;0x85e8ffd63c03a008020f31d6a1baffd7L
  1; 15; 15;0xa1baffd73c03a008020f321751c3ffd8L
  1; 15; 16;0xbcbcbcbc3c03c008020f129729e3fffaL
  1; 15; 17;0x29e3fffa3c03c008020f12d721e8fffbL
  1; 15; 18;0x21e8fffb3c03c008020f13175dc5fffcL
  1; 15; 19;0x5dc5fffc3c03c008020f1356bdbefffdL
  1; 15; 20;0xbdbefffd3c03c008020f1396edbffffeL
  1; 15; 21;0xedbffffe3c03c008020f13d6f1c9ffffL
  1; 15; 22;0xf1c9ffff3c03c008020f101705befff0L
  1; 15; 23;0x5befff03c03c008020f105715d6fff1L
  1; 15; 24;0x15d6fff13c03c008020f109735d3fff2L
  1; 15; 25;0x35d3fff23c03c008020f10d711c9fff3L
  1; 15; 26;0x11c9fff33c03c008020f111761f3fff4L
  1; 15; 27;0x61f3fff43c03c008020f1156d1e9fff5L
  1; 15; 28;0xd1e9fff53c03c008020f119771e5fff6L
  1; 15; 29;0x71e5fff63c03c008020f11d689befff7L
  1; 15; 30;0x89befff73c03c008020f121741c3fff8L
  1; 15; 31;0xbcbcbcbc3c03e008020f329731e8ffdaL
  1; 15; 32;0x31e8ffda3c03e008020f32d729e7ffdbL
  1; 15; 33;0x29e7ffdb3c03e008020f331761c4ffdcL
  1; 15; 34;0x61c4ffdc3c03e008020f3356c5c5ffddL
  1; 15; 35;0xc5c5ffdd3c03e008020f3396e9c3ffdeL
  1; 15; 36;0xe9c3ffde3c03e008020f33d6edd1ffdfL
  1; 15; 37;0xedd1ffdf3c03e008020f301701c6ffd0L
  1; 15; 38;0x1c6ffd03c03e008020f30572ddbffd1L
  1; 15; 39;0x2ddbffd13c03e008020f30974dd8ffd2L
  1; 15; 40;0x4dd8ffd23c03e008020f30d731cdffd3L
  1; 15; 41;0x31cdffd33c03e008020f311781f7ffd4L
  1; 15; 42;0x81f7ffd43c03e008020f3156f1ebffd5L
  1; 15; 43;0xf1ebffd53c03e008020f319785eaffd6L
  1; 15; 44;0x85eaffd63c03e008020f31d6a9bbffd7L
  1; 15; 45;0xa9bbffd73c03e008020f321751c4ffd8L
  1; 15; 46;0xbcbcbcbc3c000008020f129725e2fffaL
  1; 15; 47;0x25e2fffa3c000008020f12d721e7fffbL
  1; 15; 48;0x21e7fffb3c000008020f131755c6fffcL
  1; 15; 49;0x55c6fffc3c000008020f1356bdbefffdL
  1; 15; 50;0xbdbefffd3c000008020f1396e9c0fffeL
  1; 15; 51;0xe9c0fffe3c000008020f13d6f5caffffL
  1; 15; 52;0xf5caffff3c000008020f101705bdfff0L
  1; 15; 53;0x5bdfff03c000008020f10571dd8fff1L
  1; 15; 54;0x1dd8fff13c000008020f109735d3fff2L
  1; 15; 55;0x35d3fff23c000008020f10d719c9fff3L
  1; 15; 56;0x19c9fff33c000008020f111761f4fff4L
  1; 15; 57;0x61f4fff43c000008020f1156d5e9fff5L
  1; 15; 58;0xd5e9fff53c000008020f11976de6fff6L
  1; 15; 59;0x6de6fff63c000008020f11d68dbdfff7L
  1; 15; 60;0x8dbdfff73c000008020f121741c4fff8L
  1; 15; 61;0xbcbcbcbc3c002008020f329731e7ffdaL
  1; 15; 62;0x31e7ffda3c002008020f32d729e6ffdbL
  1; 15; 63;0x29e6ffdb3c002008020f331759c3ffdcL
  1; 15; 64;0x59c3ffdc3c002008020f3356c5c5ffddL
  1; 15; 65;0xc5c5ffdd3c002008020f3396d9c4ffdeL
  1; 15; 66;0xd9c4ffde3c002008020f33d6f1d0ffdfL
  1; 15; 67;0xf1d0ffdf3c002008020f301701c6ffd0L
  1; 15; 68;0x1c6ffd03c002008020f305729d8ffd1L
  1; 15; 69;0x29d8ffd13c002008020f30974dd6ffd2L
  1; 15; 70;0x4dd6ffd23c002008020f30d72dccffd3L
  1; 15; 71;0x2dccffd33c002008020f311771f5ffd4L
  1; 15; 72;0x71f5ffd43c002008020f3156f1ebffd5L
  1; 15; 73;0xf1ebffd53c002008020f319781e9ffd6L
  1; 15; 74;0x81e9ffd63c002008020f31d699bbffd7L
  1; 15; 75;0x99bbffd73c002008020f321751c3ffd8L
  1; 15; 76;0xbcbcbcbc3c004008020f129731e4fffaL
  1; 15; 77;0x31e4fffa3c004008020f12d729e8fffbL
  1; 15; 78;0x29e8fffb3c004008020f131755c6fffcL
  1; 15; 79;0x55c6fffc3c004008020f1356c1befffdL
  1; 15; 80;0xc1befffd3c004008020f1396f1c1fffeL
  1; 15; 81;0xf1c1fffe3c004008020f13d6f5cbffffL
  1; 15; 82;0xf5cbffff3c004008020f101705befff0L
  1; 15; 83;0x5befff03c004008020f105725d6fff1L
  1; 15; 84;0x25d6fff13c004008020f10973dd4fff2L
  1; 15; 85;0x3dd4fff23c004008020f10d715cafff3L
  1; 15; 86;0x15cafff33c004008020f111769f4fff4L
  1; 15; 87;0x69f4fff43c004008020f1156d5eafff5L
  1; 15; 88;0xd5eafff53c004008020f119779e5fff6L
  1; 15; 89;0x79e5fff63c004008020f11d69dbdfff7L
  1; 15; 90;0x9dbdfff73c004008020f121749c5fff8L
  1; 15; 91;0xbcbcbcbc3c006008020f329721e8ffdaL
  1; 15; 92;0x21e8ffda3c006008020f32d721e6ffdbL
  1; 15; 93;0x21e6ffdb3c006008020f331759c3ffdcL
  1; 15; 94;0x59c3ffdc3c006008020f3356b9c3ffddL
  1; 15; 95;0xb9c3ffdd3c006008020f3396d5c1ffdeL
  1; 15; 96;0xd5c1ffde3c006008020f33d6e1ceffdfL
  1; 15; 97;0xe1ceffdf3c006008020f3016f5c5ffd0L
  1; 15; 98;0xf5c5ffd03c006008020f305729d8ffd1L
  1; 15; 99;0x29d8ffd13c006008020f309749d4ffd2L
  1; 15;100;0x49d4ffd23c006008020f30d729cbffd3L
  1; 15;101;0x29cbffd33c006008020f31176df6ffd4L
  1; 15;102;0x6df6ffd43c006008020f3156e9e9ffd5L
  1; 15;103;0xe9e9ffd53c006008020f319781e8ffd6L
  1; 15;104;0x81e8ffd63c006008020f31d699baffd7L
  1; 15;105;0x99baffd73c006008020f32174dc1ffd8L
  1; 15;106;0xbcbcbcbc3c008008020f129735e5fffaL
  1; 15;107;0x35e5fffa3c008008020f12d721e6fffbL
  1; 15;108;0x21e6fffb3c008008020f131761c7fffcL
  1; 15;109;0x61c7fffc3c008008020f1356c1c0fffdL
  1; 15;110;0xc1c0fffd3c008008020f1396f1c2fffeL
  1; 15;111;0xf1c2fffe3c008008020f13d6f1caffffL
  1; 15;112;0xf1caffff3c008008020f101709c1fff0L
  1; 15;113;0x9c1fff03c008008020f105729d8fff1L
  1; 15;114;0x29d8fff13c008008020f109741d6fff2L
  1; 15;115;0x41d6fff23c008008020f10d715cbfff3L
  1; 15;116;0x15cbfff33c008008020f111769f5fff4L
  1; 15;117;0x69f5fff43c008008020f1156d1e9fff5L
  1; 15;118;0xd1e9fff53c008008020f119775e5fff6L
  1; 15;119;0x75e5fff63c008008020f11d699bffff7L
  1; 15;120;0x99bffff73c008008020f121745c6fff8L
  1; 15;121;0xbcbcbcbc3c00a008020f329725e7ffdaL
  1; 15;122;0x25e7ffda3c00a008020f32d721e5ffdbL
  1; 15;123;0x21e5ffdb3c00a008020f331759c3ffdcL
  1; 15;124;0x59c3ffdc3c00a008020f3356c1c4ffddL
  1; 15;125;0xc1c4ffdd3c00a008020f3396d9c0ffdeL
  1; 15;126;0xd9c0ffde3c00a008020f33d6e1cfffdfL
  1; 15;127;0xe1cfffdf3c00a008020f301701c4ffd0L
  1; 15;128;0x1c4ffd03c00a008020f30572dd7ffd1L
  1; 15;129;0x2dd7ffd13c00a008020f309741d5ffd2L
  1; 15;130;0x41d5ffd23c00a008020f30d731cbffd3L
  1; 15;131;0x31cbffd33c00a008020f311775f6ffd4L
  1; 15;132;0x75f6ffd43c00a008020f3156ede9ffd5L
  1; 15;133;0xede9ffd53c00a008020f31977de7ffd6L
  1; 15;134;0x7de7ffd63c00a008020f31d699b7ffd7L
  1; 15;135;0x99b7ffd73c00a008020f321749c2ffd8L
  1; 15;136;0xbcbcbcbc3c00c008020f129731e4fffaL
  1; 15;137;0x31e4fffa3c00c008020f12d729e7fffbL
  1; 15;138;0x29e7fffb3c00c008020f131755c7fffcL
  1; 15;139;0x55c7fffc3c00c008020f1356c1befffdL
  1; 15;140;0xc1befffd3c00c008020f1396edc1fffeL
  1; 15;141;0xedc1fffe3c00c008020f13d6f1c8ffffL
  1; 15;142;0xf1c8ffff3c00c008020f101705befff0L
  1; 15;143;0x5befff03c00c008020f105721d6fff1L
  1; 15;144;0x21d6fff13c00c008020f109735d4fff2L
  1; 15;145;0x35d4fff23c00c008020f10d71dcafff3L
  1; 15;146;0x1dcafff33c00c008020f111765f4fff4L
  1; 15;147;0x65f4fff43c00c008020f1156d1e9fff5L
  1; 15;148;0xd1e9fff53c00c008020f119779e5fff6L
  1; 15;149;0x79e5fff63c00c008020f11d695bdfff7L
  1; 15;150;0x95bdfff73c00c008020f121741c5fff8L
  1; 15;151;0xbcbcbcbc3c00e008020f329725e7ffdaL
  1; 15;152;0x25e7ffda3c00e008020f32d721e6ffdbL
  1; 15;153;0x21e6ffdb3c00e008020f331759c4ffdcL
  1; 15;154;0x59c4ffdc3c00e008020f3356c5c6ffddL
  1; 15;155;0xc5c6ffdd3c00e008020f3396ddc2ffdeL
  1; 15;156;0xddc2ffde3c00e008020f33d6edd1ffdfL
  1; 15;157;0xedd1ffdf3c00e008020f3016f9c5ffd0L
  1; 15;158;0xf9c5ffd03c00e008020f305735d9ffd1L
  1; 15;159;0x35d9ffd13c00e008020f309749d5ffd2L
  1; 15;160;0x49d5ffd23c00e008020f30d731ccffd3L
  1; 15;161;0x31ccffd33c00e008020f311775f6ffd4L
  1; 15;162;0x75f6ffd43c00e008020f3156f5e9ffd5L
  1; 15;163;0xf5e9ffd53c00e008020f319781e8ffd6L
  1; 15;164;0x81e8ffd63c00e008020f31d69dbbffd7L
  1; 15;165;0x9dbbffd73c00e008020f32174dc4ffd8L
  1; 15;166;0xbcbcbcbc3c010008020f12972de3fffaL
  1; 15;167;0x2de3fffa3c010008020f12d721e7fffbL
  1; 15;168;0x21e7fffb3c010008020f131759c7fffcL
  1; 15;169;0x59c7fffc3c010008020f1356bdbdfffdL
  1; 15;170;0xbdbdfffd3c010008020f1396edc1fffeL
  1; 15;171;0xedc1fffe3c010008020f13d6f5c9ffffL
  1; 15;172;0xf5c9ffff3c010008020f101701bffff0L
  1; 15;173;0x1bffff03c010008020f10571dd6fff1L
  1; 15;174;0x1dd6fff13c010008020f109741d2fff2L
  1; 15;175;0x41d2fff23c010008020f10d715c9fff3L
  1; 15;176;0x15c9fff33c010008020f111765f4fff4L
  1; 15;177;0x65f4fff43c010008020f1156d5e8fff5L
  1; 15;178;0xd5e8fff53c010008020f119771e4fff6L
  1; 15;179;0x71e4fff63c010008020f11d691bbfff7L
  1; 15;180;0x91bbfff73c010008020f121745c2fff8L
  1; 15;181;0xbcbcbcbc3c012008020f32972de9ffdaL
  1; 15;182;0x2de9ffda3c012008020f32d729e6ffdbL
  1; 15;183;0x29e6ffdb3c012008020f33175dc4ffdcL
  1; 15;184;0x5dc4ffdc3c012008020f3356c5c5ffddL
  1; 15;185;0xc5c5ffdd3c012008020f3396e5c3ffdeL
  1; 15;186;0xe5c3ffde3c012008020f33d6e9cfffdfL
  1; 15;187;0xe9cfffdf3c012008020f301705c4ffd0L
  1; 15;188;0x5c4ffd03c012008020f305731daffd1L
  1; 15;189;0x31daffd13c012008020f30974dd6ffd2L
  1; 15;190;0x4dd6ffd23c012008020f30d739cbffd3L
  1; 15;191;0x39cbffd33c012008020f311771f7ffd4L
  1; 15;192;0x71f7ffd43c012008020f3156edebffd5L
  1; 15;193;0xedebffd53c012008020f319785e7ffd6L
  1; 15;194;0x85e7ffd63c012008020f31d6a5baffd7L
  1; 15;195;0xa5baffd73c012008020f321751c2ffd8L
  1; 15;196;0xbcbcbcbc3c014008020f12972de4fffaL
  1; 15;197;0x2de4fffa3c014008020f12d71de5fffbL
  1; 15;198;0x1de5fffb3c014008020f131751c5fffcL
  1; 15;199;0x51c5fffc3c014008020f1356b9bcfffdL
  1; 15;200;0xb9bcfffd3c014008020f1396e9c0fffeL
  1; 15;201;0xe9c0fffe3c014008020f13d6edc8ffffL
  1; 15;202;0xedc8ffff3c014008020f1016fdbefff0L
  1; 15;203;0xfdbefff03c014008020f10571dd5fff1L
  1; 15;204;0x1dd5fff13c014008020f109731d1fff2L
  1; 15;205;0x31d1fff23c014008020f10d719c7fff3L
  1; 15;206;0x19c7fff33c014008020f111765f4fff4L
  1; 15;207;0x65f4fff43c014008020f1156c9e8fff5L
  1; 15;208;0xc9e8fff53c014008020f119771e3fff6L
  1; 15;209;0x71e3fff63c014008020f11d68dbbfff7L
  1; 15;210;0x8dbbfff73c014008020f121739c2fff8L
  1; 15;211;0xbcbcbcbc3c016008020f32972de8ffdaL
  1; 15;212;0x2de8ffda3c016008020f32d725e8ffdbL
  1; 15;213;0x25e8ffdb3c016008020f33175dc5ffdcL
  1; 15;214;0x5dc5ffdc3c016008020f3356c5c6ffddL
  1; 15;215;0xc5c6ffdd3c016008020f3396e1c3ffdeL
  1; 15;216;0xe1c3ffde3c016008020f33d6e9d1ffdfL
  1; 15;217;0xe9d1ffdf3c016008020f301705c5ffd0L
  1; 15;218;0x5c5ffd03c016008020f305735daffd1L
  1; 15;219;0x35daffd13c016008020f30974dd7ffd2L
  1; 15;220;0x4dd7ffd23c016008020f30d72dccffd3L
  1; 15;221;0x2dccffd33c016008020f311771f6ffd4L
  1; 15;222;0x71f6ffd43c016008020f3156f1ebffd5L
  1; 15;223;0xf1ebffd53c016008020f319781e8ffd6L
  1; 15;224;0x81e8ffd63c016008020f31d69dbbffd7L
  1; 15;225;0x9dbbffd73c016008020f321751c4ffd8L
  1; 15;226;0xbcbcbcbc3c018008020f129729e3fffaL
  1; 15;227;0x29e3fffa3c018008020f12d721e6fffbL
  1; 15;228;0x21e6fffb3c018008020f131759c6fffcL
  1; 15;229;0x59c6fffc3c018008020f1356bdbdfffdL
  1; 15;230;0xbdbdfffd3c018008020f1396edc2fffeL
  1; 15;231;0xedc2fffe3c018008020f13d6f1caffffL
  1; 15;232;0xf1caffff3c018008020f10170dbefff0L
  1; 15;233;0xdbefff03c018008020f10571dd6fff1L
  1; 15;234;0x1dd6fff13c018008020f10973dd3fff2L
  1; 15;235;0x3dd3fff23c018008020f10d719cafff3L
  1; 15;236;0x19cafff33c018008020f111769f5fff4L
  1; 15;237;0x69f5fff43c018008020f1156c9e9fff5L
  1; 15;238;0xc9e9fff53c018008020f119775e4fff6L
  1; 15;239;0x75e4fff63c018008020f11d691bdfff7L
  1; 15;240;0x91bdfff73c018008020f121741c4fff8L
  1; 15;241;0xbcbcbcbc3c01a008020f329721e7ffdaL
  1; 15;242;0x21e7ffda3c01a008020f32d725e7ffdbL
  1; 15;243;0x25e7ffdb3c01a008020f331755c2ffdcL
  1; 15;244;0x55c2ffdc3c01a008020f3356bdc3ffddL
  1; 15;245;0xbdc3ffdd3c01a008020f3396ddc0ffdeL
  1; 15;246;0xddc0ffde3c01a008020f33d6e5cfffdfL
  1; 15;247;0xe5cfffdf3c01a008020f3016f9c3ffd0L
  1; 15;248;0xf9c3ffd03c01a008020f30572dd8ffd1L
  1; 15;249;0x2dd8ffd13c01a008020f309745d3ffd2L
  1; 15;250;0x45d3ffd23c01a008020f30d729cbffd3L
  1; 15;251;0x29cbffd33c01a008020f311775f6ffd4L
  1; 15;252;0x75f6ffd43c01a008020f3156e9eaffd5L
  1; 15;253;0xe9eaffd53c01a008020f319781e7ffd6L
  1; 15;254;0x81e7ffd63c01a008020f31d699baffd7L
  1; 15;255;0x99baffd73c01a008020f32174dc2ffd8L
  1; 15;256;0xbcbcbcbc3c01c008020f129739e4fffaL
  1; 16;  1;0xbcbcbcbc3c002008020f329651a8ffdaL
  1; 16;  2;0x51a8ffda3c002008020f32d6919effdbL
  1; 16;  3;0x919effdb3c002008020f3316e5c8ffdcL
  1; 16;  4;0xe5c8ffdc3c002008020f33566198ffddL
  1; 16;  5;0x6198ffdd3c002008020f339685cbffdeL
  1; 16;  6;0x85cbffde3c002008020f33d5e980ffdfL
  1; 16;  7;0xe980ffdf3c002008020f30161d9effd0L
  1; 16;  8;0x1d9effd03c002008020f305675bfffd1L
  1; 16;  9;0x75bfffd13c002008020f30971db1ffd2L
  1; 16; 10;0x1db1ffd23c002008020f30d6e9e2ffd3L
  1; 16; 11;0xe9e2ffd33c002008020f31170ddaffd4L
  1; 16; 12;0xddaffd43c002008020f3156e5d3ff95L
  1; 16; 13;0xe5d3ff953c002008020f319721c5ffd6L
  1; 16; 14;0x21c5ffd63c002008020f31d6b9d7ffd7L
  1; 16; 15;0xb9d7ffd73c002008020f3215e586ffd8L
  1; 16; 16;0xbcbcbcbc3c004008020f129645a5fffaL
  1; 16; 17;0x45a5fffa3c004008020f12d6819afffbL
  1; 16; 18;0x819afffb3c004008020f1316d5c3fffcL
  1; 16; 19;0xd5c3fffc3c004008020f13564995fffdL
  1; 16; 20;0x4995fffd3c004008020f139661c7fffeL
  1; 16; 21;0x61c7fffe3c004008020f13d5e57affffL
  1; 16; 22;0xe57affff3c004008020f1016059dfff0L
  1; 16; 23;0x59dfff03c004008020f105685bdfff1L
  1; 16; 24;0x85bdfff13c004008020f109701b0fff2L
  1; 16; 25;0x1b0fff23c004008020f10d6e9e0fff3L
  1; 16; 26;0xe9e0fff33c004008020f111709d6fff4L
  1; 16; 27;0x9d6fff43c004008020f1156e9d4ffb5L
  1; 16; 28;0xe9d4ffb53c004008020f119721befff6L
  1; 16; 29;0x21befff63c004008020f11d6bdd8fff7L
  1; 16; 30;0xbdd8fff73c004008020f1215d585fff8L
  1; 16; 31;0xbcbcbcbc3c006008020f32964da8ffdaL
  1; 16; 32;0x4da8ffda3c006008020f32d6859effdbL
  1; 16; 33;0x859effdb3c006008020f3316e5c7ffdcL
  1; 16; 34;0xe5c7ffdc3c006008020f33565595ffddL
  1; 16; 35;0x5595ffdd3c006008020f339679c9ffdeL
  1; 16; 36;0x79c9ffde3c006008020f33d5e57cffdfL
  1; 16; 37;0xe57cffdf3c006008020f3016159dffd0L
  1; 16; 38;0x159dffd03c006008020f305671beffd1L
  1; 16; 39;0x71beffd13c006008020f309715afffd2L
  1; 16; 40;0x15afffd23c006008020f30d6ede1ffd3L
  1; 16; 41;0xede1ffd33c006008020f311709daffd4L
  1; 16; 42;0x9daffd43c006008020f3156e5d3ffd5L
  1; 16; 43;0xe5d3ffd53c006008020f319715c4ffd6L
  1; 16; 44;0x15c4ffd63c006008020f31d6add6ffd7L
  1; 16; 45;0xadd6ffd73c006008020f3215e986ffd8L
  1; 16; 46;0xbcbcbcbc3c008008020f129649a7fffaL
  1; 16; 47;0x49a7fffa3c008008020f12d6899dfffbL
  1; 16; 48;0x899dfffb3c008008020f1316e1c8fffcL
  1; 16; 49;0xe1c8fffc3c008008020f13565196fffdL
  1; 16; 50;0x5196fffd3c008008020f13967dcafffeL
  1; 16; 51;0x7dcafffe3c008008020f13d5f17effffL
  1; 16; 52;0xf17effff3c008008020f101601a0fff0L
  1; 16; 53;0x1a0fff03c008008020f10568dbefff1L
  1; 16; 54;0x8dbefff13c008008020f109705b2fff2L
  1; 16; 55;0x5b2fff23c008008020f10d6e9e1fff3L
  1; 16; 56;0xe9e1fff33c008008020f11170dd9fff4L
  1; 16; 57;0xdd9fff43c008008020f1156e9d5fff5L
  1; 16; 58;0xe9d5fff53c008008020f119725befff6L
  1; 16; 59;0x25befff63c008008020f11d6c1dbfff7L
  1; 16; 60;0xc1dbfff73c008008020f1215e586fff8L
  1; 16; 61;0xbcbcbcbc3c00a008020f32964da7ffdaL
  1; 16; 62;0x4da7ffda3c00a008020f32d6819cffdbL
  1; 16; 63;0x819cffdb3c00a008020f3316e1c7ffdcL
  1; 16; 64;0xe1c7ffdc3c00a008020f33565997ffddL
  1; 16; 65;0x5997ffdd3c00a008020f339681c8ffdeL
  1; 16; 66;0x81c8ffde3c00a008020f33d5e57bffdfL
  1; 16; 67;0xe57bffdf3c00a008020f30160d9cffd0L
  1; 16; 68;0xd9cffd03c00a008020f305669beffd1L
  1; 16; 69;0x69beffd13c00a008020f309715afffd2L
  1; 16; 70;0x15afffd23c00a008020f30d6e5e0ffd3L
  1; 16; 71;0xe5e0ffd33c00a008020f311709d9ffd4L
  1; 16; 72;0x9d9ffd43c00a008020f3156e5d2ff95L
  1; 16; 73;0xe5d2ff953c00a008020f319715c3ffd6L
  1; 16; 74;0x15c3ffd63c00a008020f31d6b1d7ffd7L
  1; 16; 75;0xb1d7ffd73c00a008020f3215e184ffd8L
  1; 16; 76;0xbcbcbcbc3c00c008020f129645a7fffaL
  1; 16; 77;0x45a7fffa3c00c008020f12d6859bfffbL
  1; 16; 78;0x859bfffb3c00c008020f1316ddc9fffcL
  1; 16; 79;0xddc9fffc3c00c008020f13565197fffdL
  1; 16; 80;0x5197fffd3c00c008020f139675c8fffeL
  1; 16; 81;0x75c8fffe3c00c008020f13d5f97dffffL
  1; 16; 82;0xf97dffff3c00c008020f1016099ffff0L
  1; 16; 83;0x99ffff03c00c008020f105691befff1L
  1; 16; 84;0x91befff13c00c008020f109709b2fff2L
  1; 16; 85;0x9b2fff23c00c008020f10d6e9e1fff3L
  1; 16; 86;0xe9e1fff33c00c008020f111709d8fff4L
  1; 16; 87;0x9d8fff43c00c008020f1156edd6fff5L
  1; 16; 88;0xedd6fff53c00c008020f119721befff6L
  1; 16; 89;0x21befff63c00c008020f11d6b5dbfff7L
  1; 16; 90;0xb5dbfff73c00c008020f1215e184fff8L
  1; 16; 91;0xbcbcbcbc3c00e008020f329655a7ffdaL
  1; 16; 92;0x55a7ffda3c00e008020f32d6859effdbL
  1; 16; 93;0x859effdb3c00e008020f3316e1c7ffdcL
  1; 16; 94;0xe1c7ffdc3c00e008020f33565d97ffddL
  1; 16; 95;0x5d97ffdd3c00e008020f339685caffdeL
  1; 16; 96;0x85caffde3c00e008020f33d5e57effdfL
  1; 16; 97;0xe57effdf3c00e008020f3016199effd0L
  1; 16; 98;0x199effd03c00e008020f305679beffd1L
  1; 16; 99;0x79beffd13c00e008020f309719aeffd2L
  1; 16;100;0x19aeffd23c00e008020f30d6eddfffd3L
  1; 16;101;0xeddfffd33c00e008020f31170dd9ffd4L
  1; 16;102;0xdd9ffd43c00e008020f3156edd4ffd5L
  1; 16;103;0xedd4ffd53c00e008020f319715c5ffd6L
  1; 16;104;0x15c5ffd63c00e008020f31d6b9d7ffd7L
  1; 16;105;0xb9d7ffd73c00e008020f3215e985ffd8L
  1; 16;106;0xbcbcbcbc3c010008020f129645a6fffaL
  1; 16;107;0x45a6fffa3c010008020f12d6819afffbL
  1; 16;108;0x819afffb3c010008020f1316d1c6fffcL
  1; 16;109;0xd1c6fffc3c010008020f13564d95fffdL
  1; 16;110;0x4d95fffd3c010008020f13966dc8fffeL
  1; 16;111;0x6dc8fffe3c010008020f13d5e97bffffL
  1; 16;112;0xe97bffff3c010008020f1016099ffff0L
  1; 16;113;0x99ffff03c010008020f105689bdfff1L
  1; 16;114;0x89bdfff13c010008020f1096fdb1fff2L
  1; 16;115;0xfdb1fff23c010008020f10d6e9e0fff3L
  1; 16;116;0xe9e0fff33c010008020f111705d7fff4L
  1; 16;117;0x5d7fff43c010008020f1156e5d3fff5L
  1; 16;118;0xe5d3fff53c010008020f11971dbefff6L
  1; 16;119;0x1dbefff63c010008020f11d6b1d9fff7L
  1; 16;120;0xb1d9fff73c010008020f1215dd86fff8L
  1; 16;121;0xbcbcbcbc3c012008020f32965daaffdaL
  1; 16;122;0x5daaffda3c012008020f32d695a1ffdbL
  1; 16;123;0x95a1ffdb3c012008020f3316f5c8ffdcL
  1; 16;124;0xf5c8ffdc3c012008020f3356659affddL
  1; 16;125;0x659affdd3c012008020f339689caffdeL
  1; 16;126;0x89caffde3c012008020f33d5f581ffdfL
  1; 16;127;0xf581ffdf3c012008020f3016299fffd0L
  1; 16;128;0x299fffd03c012008020f305679c1ffd1L
  1; 16;129;0x79c1ffd13c012008020f309721b2ffd2L
  1; 16;130;0x21b2ffd23c012008020f30d6e9e2ffd3L
  1; 16;131;0xe9e2ffd33c012008020f311711dbffd4L
  1; 16;132;0x11dbffd43c012008020f3156edd6ffd5L
  1; 16;133;0xedd6ffd53c012008020f31971dc6ffd6L
  1; 16;134;0x1dc6ffd63c012008020f31d6b9d7ffd7L
  1; 16;135;0xb9d7ffd73c012008020f3215ed86ffd8L
  1; 16;136;0xbcbcbcbc3c014008020f129645a6fffaL
  1; 16;137;0x45a6fffa3c014008020f12d6759bfffbL
  1; 16;138;0x759bfffb3c014008020f1316d9c5fffcL
  1; 16;139;0xd9c5fffc3c014008020f13564994fffdL
  1; 16;140;0x4994fffd3c014008020f13966dc8fffeL
  1; 16;141;0x6dc8fffe3c014008020f13d5f57affffL
  1; 16;142;0xf57affff3c014008020f1016059efff0L
  1; 16;143;0x59efff03c014008020f10568dbefff1L
  1; 16;144;0x8dbefff13c014008020f109709b0fff2L
  1; 16;145;0x9b0fff23c014008020f10d6eddffff3L
  1; 16;146;0xeddffff33c014008020f111705d7fff4L
  1; 16;147;0x5d7fff43c014008020f1156e5d4ffb5L
  1; 16;148;0xe5d4ffb53c014008020f119719befff6L
  1; 16;149;0x19befff63c014008020f11d6b1d8fff7L
  1; 16;150;0xb1d8fff73c014008020f1215d984fff8L
  1; 16;151;0xbcbcbcbc3c016008020f329655a8ffdaL
  1; 16;152;0x55a8ffda3c016008020f32d6919effdbL
  1; 16;153;0x919effdb3c016008020f3316e5c9ffdcL
  1; 16;154;0xe5c9ffdc3c016008020f33566999ffddL
  1; 16;155;0x6999ffdd3c016008020f339685cbffdeL
  1; 16;156;0x85cbffde3c016008020f33d5ed7dffdfL
  1; 16;157;0xed7dffdf3c016008020f3016159effd0L
  1; 16;158;0x159effd03c016008020f305679c0ffd1L
  1; 16;159;0x79c0ffd13c016008020f30971db0ffd2L
  1; 16;160;0x1db0ffd23c016008020f30d6ede1ffd3L
  1; 16;161;0xede1ffd33c016008020f311711daffd4L
  1; 16;162;0x11daffd43c016008020f3156e5d5ffd5L
  1; 16;163;0xe5d5ffd53c016008020f319719c5ffd6L
  1; 16;164;0x19c5ffd63c016008020f31d6b5d7ffd7L
  1; 16;165;0xb5d7ffd73c016008020f3215e588ffd8L
  1; 16;166;0xbcbcbcbc3c018008020f129645a7fffaL
  1; 16;167;0x45a7fffa3c018008020f12d6799cfffbL
  1; 16;168;0x799cfffb3c018008020f1316d9c5fffcL
  1; 16;169;0xd9c5fffc3c018008020f13564d96fffdL
  1; 16;170;0x4d96fffd3c018008020f139671c9fffeL
  1; 16;171;0x71c9fffe3c018008020f13d5ed7dffffL
  1; 16;172;0xed7dffff3c018008020f10160d9dfff0L
  1; 16;173;0xd9dfff03c018008020f105689bdfff1L
  1; 16;174;0x89bdfff13c018008020f109705b1fff2L
  1; 16;175;0x5b1fff23c018008020f10d6e9e1fff3L
  1; 16;176;0xe9e1fff33c018008020f11170dd7fff4L
  1; 16;177;0xdd7fff43c018008020f1156e5d5ffb5L
  1; 16;178;0xe5d5ffb53c018008020f119721befff6L
  1; 16;179;0x21befff63c018008020f11d6b9dafff7L
  1; 16;180;0xb9dafff73c018008020f1215dd86fff8L
  1; 16;181;0xbcbcbcbc3c01a008020f329649a6ffdaL
  1; 16;182;0x49a6ffda3c01a008020f32d6819dffdbL
  1; 16;183;0x819dffdb3c01a008020f3316d9c5ffdcL
  1; 16;184;0xd9c5ffdc3c01a008020f33565594ffddL
  1; 16;185;0x5594ffdd3c01a008020f339681c7ffdeL
  1; 16;186;0x81c7ffde3c01a008020f33d5e97affdfL
  1; 16;187;0xe97affdf3c01a008020f3016119dffd0L
  1; 16;188;0x119dffd03c01a008020f30566dbdffd1L
  1; 16;189;0x6dbdffd13c01a008020f309715adffd2L
  1; 16;190;0x15adffd23c01a008020f30d6ede0ffd3L
  1; 16;191;0xede0ffd33c01a008020f311701d7ffd4L
  1; 16;192;0x1d7ffd43c01a008020f3156ddd4ff95L
  1; 16;193;0xddd4ff953c01a008020f319719c3ffd6L
  1; 16;194;0x19c3ffd63c01a008020f31d6add6ffd7L
  1; 16;195;0xadd6ffd73c01a008020f3215e186ffd8L
  1; 16;196;0xbcbcbcbc3c01c008020f129645a7fffaL
  1; 16;197;0x45a7fffa3c01c008020f12d67d9dfffbL
  1; 16;198;0x7d9dfffb3c01c008020f1316d9c5fffcL
  1; 16;199;0xd9c5fffc3c01c008020f13564996fffdL
  1; 16;200;0x4996fffd3c01c008020f139679c8fffeL
  1; 16;201;0x79c8fffe3c01c008020f13d5f57dffffL
  1; 16;202;0xf57dffff3c01c008020f10160d9efff0L
  1; 16;203;0xd9efff03c01c008020f10568dbcfff1L
  1; 16;204;0x8dbcfff13c01c008020f109705b0fff2L
  1; 16;205;0x5b0fff23c01c008020f10d6e9e2fff3L
  1; 16;206;0xe9e2fff33c01c008020f111709d7fff4L
  1; 16;207;0x9d7fff43c01c008020f1156e9d5ffb5L
  1; 16;208;0xe9d5ffb53c01c008020f119721bffff6L
  1; 16;209;0x21bffff63c01c008020f11d6c1dafff7L
  1; 16;210;0xc1dafff73c01c008020f1215e585fff8L
  1; 16;211;0xbcbcbcbc3c01e008020f329645a5ffdaL
  1; 16;212;0x45a5ffda3c01e008020f32d67d9cffdbL
  1; 16;213;0x7d9cffdb3c01e008020f3316d9c5ffdcL
  1; 16;214;0xd9c5ffdc3c01e008020f33565995ffddL
  1; 16;215;0x5995ffdd3c01e008020f339679c7ffdeL
  1; 16;216;0x79c7ffde3c01e008020f33d5dd7bffdfL
  1; 16;217;0xdd7bffdf3c01e008020f3016119cffd0L
  1; 16;218;0x119cffd03c01e008020f305669bdffd1L
  1; 16;219;0x69bdffd13c01e008020f309715adffd2L
  1; 16;220;0x15adffd23c01e008020f30d6e1deffd3L
  1; 16;221;0xe1deffd33c01e008020f311705d5ffd4L
  1; 16;222;0x5d5ffd43c01e008020f3156ddd2ffd5L
  1; 16;223;0xddd2ffd53c01e008020f319715c1ffd6L
  1; 16;224;0x15c1ffd63c01e008020f31d6a5d4ffd7L
  1; 16;225;0xa5d4ffd73c01e008020f3215d984ffd8L
  1; 16;226;0xbcbcbcbc3c020008020f12964da8fffaL
  1; 16;227;0x4da8fffa3c020008020f12d6859cfffbL
  1; 16;228;0x859cfffb3c020008020f1316ddc8fffcL
  1; 16;229;0xddc8fffc3c020008020f13565197fffdL
  1; 16;230;0x5197fffd3c020008020f139675c9fffeL
  1; 16;231;0x75c9fffe3c020008020f13d5f97fffffL
  1; 16;232;0xf97fffff3c020008020f101611a0fff0L
  1; 16;233;0x11a0fff03c020008020f105691c1fff1L
  1; 16;234;0x91c1fff13c020008020f10970db3fff2L
  1; 16;235;0xdb3fff23c020008020f10d6ede1fff3L
  1; 16;236;0xede1fff33c020008020f11170dd9fff4L
  1; 16;237;0xdd9fff43c020008020f1156e5d5fff5L
  1; 16;238;0xe5d5fff53c020008020f119729bffff6L
  1; 16;239;0x29bffff63c020008020f11d6c5dafff7L
  1; 16;240;0xc5dafff73c020008020f1215e987fff8L
  1; 16;241;0xbcbcbcbc3c022008020f329659a9ffdaL
  1; 16;242;0x59a9ffda3c022008020f32d691a1ffdbL
  1; 16;243;0x91a1ffdb3c022008020f3316e1c8ffdcL
  1; 16;244;0xe1c8ffdc3c022008020f33566198ffddL
  1; 16;245;0x6198ffdd3c022008020f339689caffdeL
  1; 16;246;0x89caffde3c022008020f33d5f180ffdfL
  1; 16;247;0xf180ffdf3c022008020f3016259fffd0L
  1; 16;248;0x259fffd03c022008020f305675bfffd1L
  1; 16;249;0x75bfffd13c022008020f309715b1ffd2L
  1; 16;250;0x15b1ffd23c022008020f30d6f1e1ffd3L
  1; 16;251;0xf1e1ffd33c022008020f31170ddaffd4L
  1; 16;252;0xddaffd43c022008020f3156e9d3ffd5L
  1; 16;253;0xe9d3ffd53c022008020f31971dc4ffd6L
  1; 16;254;0x1dc4ffd63c022008020f31d6b5d7ffd7L
  1; 16;255;0xb5d7ffd73c022008020f3215e587ffd8L
  1; 16;256;0xbcbcbcbc3c024008020f12963da5fffaL
  1; 17;  1;0xbcbcbcbc3c006008020f3296e1cfffdaL
  1; 17;  2;0xe1cfffda3c006008020f32d67d96ffdbL
  1; 17;  3;0x7d96ffdb3c006008020f33165dbeffdcL
  1; 17;  4;0x5dbeffdc3c006008020f335651c2ffddL
  1; 17;  5;0x51c2ffdd3c006008020f3395ed8bffdeL
  1; 17;  6;0xed8bffde3c006008020f33d68987ffdfL
  1; 17;  7;0x8987ffdf3c006008020f301715bbffd0L
  1; 17;  8;0x15bbffd03c006008020f30564db3ffd1L
  1; 17;  9;0x4db3ffd13c006008020f30971dbbffd2L
  1; 17; 10;0x1dbbffd23c006008020f30d771bfffd3L
  1; 17; 11;0x71bfffd33c006008020f3116d1d7ffd4L
  1; 17; 12;0xd1d7ffd43c006008020f3156a5ebffd5L
  1; 17; 13;0xa5ebffd53c006008020f31972decffd6L
  1; 17; 14;0x2decffd63c006008020f31d75dd6ffd7L
  1; 17; 15;0x5dd6ffd73c006008020f32173dc4ffd8L
  1; 17; 16;0xbcbcbcbc3c008008020f1296d5c8fffaL
  1; 17; 17;0xd5c8fffa3c008008020f12d6898dfffbL
  1; 17; 18;0x898dfffb3c008008020f131681bdfffcL
  1; 17; 19;0x81bdfffc3c008008020f135641bffffdL
  1; 17; 20;0x41bffffd3c008008020f1395f58afffeL
  1; 17; 21;0xf58afffe3c008008020f13d67989ffffL
  1; 17; 22;0x7989ffff3c008008020f101711c1fff0L
  1; 17; 23;0x11c1fff03c008008020f10564db2fff1L
  1; 17; 24;0x4db2fff13c008008020f109729bbfff2L
  1; 17; 25;0x29bbfff23c008008020f10d779bffff3L
  1; 17; 26;0x79bffff33c008008020f1116dddcfff4L
  1; 17; 27;0xdddcfff43c008008020f1156b1eafff5L
  1; 17; 28;0xb1eafff53c008008020f11973decfff6L
  1; 17; 29;0x3decfff63c008008020f11d759d4fff7L
  1; 17; 30;0x59d4fff73c008008020f121731bdfff8L
  1; 17; 31;0xbcbcbcbc3c00a008020f3296ddcdffdaL
  1; 17; 32;0xddcdffda3c00a008020f32d66992ffdbL
  1; 17; 33;0x6992ffdb3c00a008020f331651bcffdcL
  1; 17; 34;0x51bcffdc3c00a008020f33564dc2ffddL
  1; 17; 35;0x4dc2ffdd3c00a008020f3395ed8dffdeL
  1; 17; 36;0xed8dffde3c00a008020f33d67d85ffdfL
  1; 17; 37;0x7d85ffdf3c00a008020f301715bbffd0L
  1; 17; 38;0x15bbffd03c00a008020f305645b1ffd1L
  1; 17; 39;0x45b1ffd13c00a008020f309719b8ffd2L
  1; 17; 40;0x19b8ffd23c00a008020f30d769bdffd3L
  1; 17; 41;0x69bdffd33c00a008020f3116d1d6ffd4L
  1; 17; 42;0xd1d6ffd43c00a008020f31569deaffd5L
  1; 17; 43;0x9deaffd53c00a008020f319725eaffd6L
  1; 17; 44;0x25eaffd63c00a008020f31d755d5ffd7L
  1; 17; 45;0x55d5ffd73c00a008020f321731c2ffd8L
  1; 17; 46;0xbcbcbcbc3c00c008020f1296d9c6fffaL
  1; 17; 47;0xd9c6fffa3c00c008020f12d6918bfffbL
  1; 17; 48;0x918bfffb3c00c008020f131679bbfffcL
  1; 17; 49;0x79bbfffc3c00c008020f135635befffdL
  1; 17; 50;0x35befffd3c00c008020f1395f189fffeL
  1; 17; 51;0xf189fffe3c00c008020f13d66d8affffL
  1; 17; 52;0x6d8affff3c00c008020f101715bffff0L
  1; 17; 53;0x15bffff03c00c008020f105649b2fff1L
  1; 17; 54;0x49b2fff13c00c008020f109719b8fff2L
  1; 17; 55;0x19b8fff23c00c008020f10d779bcfff3L
  1; 17; 56;0x79bcfff33c00c008020f1116d5dafff4L
  1; 17; 57;0xd5dafff43c00c008020f1156b9eafff5L
  1; 17; 58;0xb9eafff53c00c008020f119731edfff6L
  1; 17; 59;0x31edfff63c00c008020f11d755d3fff7L
  1; 17; 60;0x55d3fff73c00c008020f121735bcfff8L
  1; 17; 61;0xbcbcbcbc3c00e008020f3296e9d1ffdaL
  1; 17; 62;0xe9d1ffda3c00e008020f32d68195ffdbL
  1; 17; 63;0x8195ffdb3c00e008020f331661bdffdcL
  1; 17; 64;0x61bdffdc3c00e008020f335651c4ffddL
  1; 17; 65;0x51c4ffdd3c00e008020f3395fd8effdeL
  1; 17; 66;0xfd8effde3c00e008020f33d68d88ffdfL
  1; 17; 67;0x8d88ffdf3c00e008020f301719bbffd0L
  1; 17; 68;0x19bbffd03c00e008020f30564db5ffd1L
  1; 17; 69;0x4db5ffd13c00e008020f309721baffd2L
  1; 17; 70;0x21baffd23c00e008020f30d76dbeffd3L
  1; 17; 71;0x6dbeffd33c00e008020f3116e1d7ffd4L
  1; 17; 72;0xe1d7ffd43c00e008020f3156a9eaffd5L
  1; 17; 73;0xa9eaffd53c00e008020f31972decffd6L
  1; 17; 74;0x2decffd63c00e008020f31d759d8ffd7L
  1; 17; 75;0x59d8ffd73c00e008020f32173dc5ffd8L
  1; 17; 76;0xbcbcbcbc3c010008020f1296c9c4fffaL
  1; 17; 77;0xc9c4fffa3c010008020f12d68189fffbL
  1; 17; 78;0x8189fffb3c010008020f131675bcfffcL
  1; 17; 79;0x75bcfffc3c010008020f13562dbcfffdL
  1; 17; 80;0x2dbcfffd3c010008020f1395f187fffeL
  1; 17; 81;0xf187fffe3c010008020f13d66585ffffL
  1; 17; 82;0x6585ffff3c010008020f101709befff0L
  1; 17; 83;0x9befff03c010008020f105641b2fff1L
  1; 17; 84;0x41b2fff13c010008020f109715b8fff2L
  1; 17; 85;0x15b8fff23c010008020f10d775b9fff3L
  1; 17; 86;0x75b9fff33c010008020f1116d5d9fff4L
  1; 17; 87;0xd5d9fff43c010008020f1156ade8fff5L
  1; 17; 88;0xade8fff53c010008020f119729e9fff6L
  1; 17; 89;0x29e9fff63c010008020f11d74dd0fff7L
  1; 17; 90;0x4dd0fff73c010008020f121731bcfff8L
  1; 17; 91;0xbcbcbcbc3c012008020f3296e9d1ffdaL
  1; 17; 92;0xe9d1ffda3c012008020f32d68195ffdbL
  1; 17; 93;0x8195ffdb3c012008020f33165dbdffdcL
  1; 17; 94;0x5dbdffdc3c012008020f335659c5ffddL
  1; 17; 95;0x59c5ffdd3c012008020f3395f98effdeL
  1; 17; 96;0xf98effde3c012008020f33d69589ffdfL
  1; 17; 97;0x9589ffdf3c012008020f301721bcffd0L
  1; 17; 98;0x21bcffd03c012008020f305655b3ffd1L
  1; 17; 99;0x55b3ffd13c012008020f309725bdffd2L
  1; 17;100;0x25bdffd23c012008020f30d76dbdffd3L
  1; 17;101;0x6dbdffd33c012008020f3116d9d9ffd4L
  1; 17;102;0xd9d9ffd43c012008020f3156b1ebffd5L
  1; 17;103;0xb1ebffd53c012008020f319731ecffd6L
  1; 17;104;0x31ecffd63c012008020f31d75dd7ffd7L
  1; 17;105;0x5dd7ffd73c012008020f321741c6ffd8L
  1; 17;106;0xbcbcbcbc3c014008020f1296d5c6fffaL
  1; 17;107;0xd5c6fffa3c014008020f12d6858bfffbL
  1; 17;108;0x858bfffb3c014008020f131671bbfffcL
  1; 17;109;0x71bbfffc3c014008020f13562dbafffdL
  1; 17;110;0x2dbafffd3c014008020f1395f187fffeL
  1; 17;111;0xf187fffe3c014008020f13d66586ffffL
  1; 17;112;0x6586ffff3c014008020f10170dbdfff0L
  1; 17;113;0xdbdfff03c014008020f105649b0fff1L
  1; 17;114;0x49b0fff13c014008020f109721b8fff2L
  1; 17;115;0x21b8fff23c014008020f10d775bcfff3L
  1; 17;116;0x75bcfff33c014008020f1116d9d8fff4L
  1; 17;117;0xd9d8fff43c014008020f1156a9e8fff5L
  1; 17;118;0xa9e8fff53c014008020f11972debfff6L
  1; 17;119;0x2debfff63c014008020f11d74dd2fff7L
  1; 17;120;0x4dd2fff73c014008020f121731bcfff8L
  1; 17;121;0xbcbcbcbc3c016008020f3296e5cfffdaL
  1; 17;122;0xe5cfffda3c016008020f32d67994ffdbL
  1; 17;123;0x7994ffdb3c016008020f331661bcffdcL
  1; 17;124;0x61bcffdc3c016008020f335659c4ffddL
  1; 17;125;0x59c4ffdd3c016008020f3395ed8effdeL
  1; 17;126;0xed8effde3c016008020f33d68d8bffdfL
  1; 17;127;0x8d8bffdf3c016008020f301719bdffd0L
  1; 17;128;0x19bdffd03c016008020f30564db3ffd1L
  1; 17;129;0x4db3ffd13c016008020f309721baffd2L
  1; 17;130;0x21baffd23c016008020f30d769bdffd3L
  1; 17;131;0x69bdffd33c016008020f3116d5d7ffd4L
  1; 17;132;0xd5d7ffd43c016008020f3156a9eaffd5L
  1; 17;133;0xa9eaffd53c016008020f31972decffd6L
  1; 17;134;0x2decffd63c016008020f31d755d6ffd7L
  1; 17;135;0x55d6ffd73c016008020f321741c5ffd8L
  1; 17;136;0xbcbcbcbc3c018008020f1296d1c4fffaL
  1; 17;137;0xd1c4fffa3c018008020f12d68d8bfffbL
  1; 17;138;0x8d8bfffb3c018008020f131675bcfffcL
  1; 17;139;0x75bcfffc3c018008020f13562dbdfffdL
  1; 17;140;0x2dbdfffd3c018008020f1395fd89fffeL
  1; 17;141;0xfd89fffe3c018008020f13d66d86ffffL
  1; 17;142;0x6d86ffff3c018008020f101711c0fff0L
  1; 17;143;0x11c0fff03c018008020f105645b2fff1L
  1; 17;144;0x45b2fff13c018008020f109721b7fff2L
  1; 17;145;0x21b7fff23c018008020f10d779bcfff3L
  1; 17;146;0x79bcfff33c018008020f1116dddafff4L
  1; 17;147;0xdddafff43c018008020f1156b1eafff5L
  1; 17;148;0xb1eafff53c018008020f119735ecfff6L
  1; 17;149;0x35ecfff63c018008020f11d755d2fff7L
  1; 17;150;0x55d2fff73c018008020f121731bdfff8L
  1; 17;151;0xbcbcbcbc3c01a008020f3296e5ceffdaL
  1; 17;152;0xe5ceffda3c01a008020f32d67996ffdbL
  1; 17;153;0x7996ffdb3c01a008020f331659bdffdcL
  1; 17;154;0x59bdffdc3c01a008020f335659c1ffddL
  1; 17;155;0x59c1ffdd3c01a008020f3395ed8cffdeL
  1; 17;156;0xed8cffde3c01a008020f33d68589ffdfL
  1; 17;157;0x8589ffdf3c01a008020f301715bbffd0L
  1; 17;158;0x15bbffd03c01a008020f305649b1ffd1L
  1; 17;159;0x49b1ffd13c01a008020f309719b9ffd2L
  1; 17;160;0x19b9ffd23c01a008020f30d769beffd3L
  1; 17;161;0x69beffd33c01a008020f3116d9d6ffd4L
  1; 17;162;0xd9d6ffd43c01a008020f31569deaffd5L
  1; 17;163;0x9deaffd53c01a008020f31972decffd6L
  1; 17;164;0x2decffd63c01a008020f31d759d8ffd7L
  1; 17;165;0x59d8ffd73c01a008020f321739c2ffd8L
  1; 17;166;0xbcbcbcbc3c01c008020f1296ddc6fffaL
  1; 17;167;0xddc6fffa3c01c008020f12d68d8cfffbL
  1; 17;168;0x8d8cfffb3c01c008020f131679bdfffcL
  1; 17;169;0x79bdfffc3c01c008020f13562dbcfffdL
  1; 17;170;0x2dbcfffd3c01c008020f1395f189fffeL
  1; 17;171;0xf189fffe3c01c008020f13d66d86ffffL
  1; 17;172;0x6d86ffff3c01c008020f101719bffff0L
  1; 17;173;0x19bffff03c01c008020f10563db2fff1L
  1; 17;174;0x3db2fff13c01c008020f109719b6fff2L
  1; 17;175;0x19b6fff23c01c008020f10d771bbfff3L
  1; 17;176;0x71bbfff33c01c008020f1116ddd9fff4L
  1; 17;177;0xddd9fff43c01c008020f1156b1e9fff5L
  1; 17;178;0xb1e9fff53c01c008020f119735ebfff6L
  1; 17;179;0x35ebfff63c01c008020f11d755d1fff7L
  1; 17;180;0x55d1fff73c01c008020f121731bafff8L
  1; 17;181;0xbcbcbcbc3c01e008020f3296e1ceffdaL
  1; 17;182;0xe1ceffda3c01e008020f32d67994ffdbL
  1; 17;183;0x7994ffdb3c01e008020f331659bbffdcL
  1; 17;184;0x59bbffdc3c01e008020f33564dc2ffddL
  1; 17;185;0x4dc2ffdd3c01e008020f3395ed8bffdeL
  1; 17;186;0xed8bffde3c01e008020f33d68989ffdfL
  1; 17;187;0x8989ffdf3c01e008020f301709baffd0L
  1; 17;188;0x9baffd03c01e008020f30564db1ffd1L
  1; 17;189;0x4db1ffd13c01e008020f30971db9ffd2L
  1; 17;190;0x1db9ffd23c01e008020f30d769bcffd3L
  1; 17;191;0x69bcffd33c01e008020f3116d1d5ffd4L
  1; 17;192;0xd1d5ffd43c01e008020f3156a1e9ffd5L
  1; 17;193;0xa1e9ffd53c01e008020f319721eaffd6L
  1; 17;194;0x21eaffd63c01e008020f31d755d6ffd7L
  1; 17;195;0x55d6ffd73c01e008020f321739c3ffd8L
  1; 17;196;0xbcbcbcbc3c020008020f1296d5c6fffaL
  1; 17;197;0xd5c6fffa3c020008020f12d6918bfffbL
  1; 17;198;0x918bfffb3c020008020f13167dbbfffcL
  1; 17;199;0x7dbbfffc3c020008020f135631bcfffdL
  1; 17;200;0x31bcfffd3c020008020f1395f588fffeL
  1; 17;201;0xf588fffe3c020008020f13d67188ffffL
  1; 17;202;0x7188ffff3c020008020f101711c1fff0L
  1; 17;203;0x11c1fff03c020008020f105651b2fff1L
  1; 17;204;0x51b2fff13c020008020f109719b9fff2L
  1; 17;205;0x19b9fff23c020008020f10d775bcfff3L
  1; 17;206;0x75bcfff33c020008020f1116d5d9fff4L
  1; 17;207;0xd5d9fff43c020008020f1156bde8fff5L
  1; 17;208;0xbde8fff53c020008020f11972debfff6L
  1; 17;209;0x2debfff63c020008020f11d751d2fff7L
  1; 17;210;0x51d2fff73c020008020f121731bcfff8L
  1; 17;211;0xbcbcbcbc3c022008020f3296f5d3ffdaL
  1; 17;212;0xf5d3ffda3c022008020f32d68594ffdbL
  1; 17;213;0x8594ffdb3c022008020f331665beffdcL
  1; 17;214;0x65beffdc3c022008020f335655c5ffddL
  1; 17;215;0x55c5ffdd3c022008020f3395f590ffdeL
  1; 17;216;0xf590ffde3c022008020f33d6918bffdfL
  1; 17;217;0x918bffdf3c022008020f301721bdffd0L
  1; 17;218;0x21bdffd03c022008020f305655b4ffd1L
  1; 17;219;0x55b4ffd13c022008020f309729bcffd2L
  1; 17;220;0x29bcffd23c022008020f30d771bfffd3L
  1; 17;221;0x71bfffd33c022008020f3116d9d9ffd4L
  1; 17;222;0xd9d9ffd43c022008020f3156b1ebffd5L
  1; 17;223;0xb1ebffd53c022008020f319735edffd6L
  1; 17;224;0x35edffd63c022008020f31d761d9ffd7L
  1; 17;225;0x61d9ffd73c022008020f32173dc6ffd8L
  1; 17;226;0xbcbcbcbc3c024008020f1296cdc3fffaL
  1; 17;227;0xcdc3fffa3c024008020f12d6818afffbL
  1; 17;228;0x818afffb3c024008020f131671bbfffcL
  1; 17;229;0x71bbfffc3c024008020f13562db9fffdL
  1; 17;230;0x2db9fffd3c024008020f1395e986fffeL
  1; 17;231;0xe986fffe3c024008020f13d66585ffffL
  1; 17;232;0x6585ffff3c024008020f101705bdfff0L
  1; 17;233;0x5bdfff03c024008020f105645b2fff1L
  1; 17;234;0x45b2fff13c024008020f109711b7fff2L
  1; 17;235;0x11b7fff23c024008020f10d771bafff3L
  1; 17;236;0x71bafff33c024008020f1116cdd9fff4L
  1; 17;237;0xcdd9fff43c024008020f1156a9e7fff5L
  1; 17;238;0xa9e7fff53c024008020f11972debfff6L
  1; 17;239;0x2debfff63c024008020f11d751d1fff7L
  1; 17;240;0x51d1fff73c024008020f121731b9fff8L
  1; 17;241;0xbcbcbcbc3c026008020f3296e9d0ffdaL
  1; 17;242;0xe9d0ffda3c026008020f32d67994ffdbL
  1; 17;243;0x7994ffdb3c026008020f331661bdffdcL
  1; 17;244;0x61bdffdc3c026008020f335659c5ffddL
  1; 17;245;0x59c5ffdd3c026008020f3395f18fffdeL
  1; 17;246;0xf18fffde3c026008020f33d6958bffdfL
  1; 17;247;0x958bffdf3c026008020f301719bbffd0L
  1; 17;248;0x19bbffd03c026008020f305649b5ffd1L
  1; 17;249;0x49b5ffd13c026008020f309719bbffd2L
  1; 17;250;0x19bbffd23c026008020f30d771beffd3L
  1; 17;251;0x71beffd33c026008020f3116d9d9ffd4L
  1; 17;252;0xd9d9ffd43c026008020f3156adebffd5L
  1; 17;253;0xadebffd53c026008020f319735edffd6L
  1; 17;254;0x35edffd63c026008020f31d759d7ffd7L
  1; 17;255;0x59d7ffd73c026008020f321741c4ffd8L
  1; 17;256;0xbcbcbcbc3c028008020f1296d1c5fffaL
  1; 18;  1;0xbcbcbcbc3c00c008020f1297e5dcfffaL
  1; 18;  2;0xe5dcfffa3c00c008020f12d789e5fffbL
  1; 18;  3;0x89e5fffb3c00c008020f1317bde6fffcL
  1; 18;  4;0xbde6fffc3c00c008020f1357b9fbfffdL
  1; 18;  5;0xb9fbfffd3c00c008020f1397f5f9ffbeL
  1; 18;  6;0xf5f9ffbe3c00c008020f13d779f6ffffL
  1; 18;  7;0x79f6ffff3c00c008020f1017e1f9fff0L
  1; 18;  8;0xe1f9fff03c00c008020f10572decfff1L
  1; 18;  9;0x2decfff13c00c008020f10979deefff2L
  1; 18; 10;0x9deefff23c00c008020f10d7edfffff3L
  1; 18; 11;0xedfffff33c00c008020f1117fdfffff4L
  1; 18; 12;0xfdfffff43c00c008020f1157c1f0fff5L
  1; 18; 13;0xc1f0fff53c00c008020f1197e9f4fff6L
  1; 18; 14;0xe9f4fff63c00c008020f11d7d1f5ffb7L
  1; 18; 15;0xd1f5ffb73c00c008020f12179deafff8L
  1; 18; 16;0xbcbcbcbc3c00e008020f3297e5ddffdaL
  1; 18; 17;0xe5ddffda3c00e008020f32d79de5ffdbL
  1; 18; 18;0x9de5ffdb3c00e008020f3317bde7ffdcL
  1; 18; 19;0xbde7ffdc3c00e008020f3357c1fbffddL
  1; 18; 20;0xc1fbffdd3c00e008020f3397f5faff9eL
  1; 18; 21;0xf5faff9e3c00e008020f33d779f8ffdfL
  1; 18; 22;0x79f8ffdf3c00e008020f3017e5faffd0L
  1; 18; 23;0xe5faffd03c00e008020f305731edffd1L
  1; 18; 24;0x31edffd13c00e008020f3097adefffd2L
  1; 18; 25;0xadefffd23c00e008020f30d7edffffd3L
  1; 18; 26;0xedffffd33c00e008020f3117fdffffd4L
  1; 18; 27;0xfdffffd43c00e008020f3157c1efffd5L
  1; 18; 28;0xc1efffd53c00e008020f3197e9f6ffd6L
  1; 18; 29;0xe9f6ffd63c00e008020f31d7d5f4ff97L
  1; 18; 30;0xd5f4ff973c00e008020f321795ecffd8L
  1; 18; 31;0xbcbcbcbc3c010008020f1297e5defffaL
  1; 18; 32;0xe5defffa3c010008020f12d791e4fffbL
  1; 18; 33;0x91e4fffb3c010008020f1317b9e5fffcL
  1; 18; 34;0xb9e5fffc3c010008020f1357bdfbfffdL
  1; 18; 35;0xbdfbfffd3c010008020f1397f5f9ffbeL
  1; 18; 36;0xf5f9ffbe3c010008020f13d775f5ffffL
  1; 18; 37;0x75f5ffff3c010008020f1017e9f9fff0L
  1; 18; 38;0xe9f9fff03c010008020f105735ecfff1L
  1; 18; 39;0x35ecfff13c010008020f1097a1edfff2L
  1; 18; 40;0xa1edfff23c010008020f10d7edfffff3L
  1; 18; 41;0xedfffff33c010008020f1117fdfffff4L
  1; 18; 42;0xfdfffff43c010008020f1157c1effff5L
  1; 18; 43;0xc1effff53c010008020f1197e9f4fff6L
  1; 18; 44;0xe9f4fff63c010008020f11d7d1f5ffb7L
  1; 18; 45;0xd1f5ffb73c010008020f1217a1eafff8L
  1; 18; 46;0xbcbcbcbc3c012008020f3297e5dcffdaL
  1; 18; 47;0xe5dcffda3c012008020f32d79de4ffdbL
  1; 18; 48;0x9de4ffdb3c012008020f3317bde7ffdcL
  1; 18; 49;0xbde7ffdc3c012008020f3357c1faffddL
  1; 18; 50;0xc1faffdd3c012008020f3397f9faff9eL
  1; 18; 51;0xf9faff9e3c012008020f33d77df8ffdfL
  1; 18; 52;0x7df8ffdf3c012008020f3017e5f9ffd0L
  1; 18; 53;0xe5f9ffd03c012008020f30572dedffd1L
  1; 18; 54;0x2dedffd13c012008020f3097b1efffd2L
  1; 18; 55;0xb1efffd23c012008020f30d7edffffd3L
  1; 18; 56;0xedffffd33c012008020f3117fdffffd4L
  1; 18; 57;0xfdffffd43c012008020f3157c1efffd5L
  1; 18; 58;0xc1efffd53c012008020f3197e9f7ffd6L
  1; 18; 59;0xe9f7ffd63c012008020f31d7d5f5ff97L
  1; 18; 60;0xd5f5ff973c012008020f321791edffd8L
  1; 18; 61;0xbcbcbcbc3c014008020f1297e1dcfffaL
  1; 18; 62;0xe1dcfffa3c014008020f12d789e5fffbL
  1; 18; 63;0x89e5fffb3c014008020f1317b9e3fffcL
  1; 18; 64;0xb9e3fffc3c014008020f1357b9fbfffdL
  1; 18; 65;0xb9fbfffd3c014008020f1397f5f8ffbeL
  1; 18; 66;0xf5f8ffbe3c014008020f13d771f5ffffL
  1; 18; 67;0x71f5ffff3c014008020f1017e5f8fff0L
  1; 18; 68;0xe5f8fff03c014008020f105731ecfff1L
  1; 18; 69;0x31ecfff13c014008020f1097a1ecfff2L
  1; 18; 70;0xa1ecfff23c014008020f10d7edfffff3L
  1; 18; 71;0xedfffff33c014008020f1117fdfffff4L
  1; 18; 72;0xfdfffff43c014008020f1157c1effff5L
  1; 18; 73;0xc1effff53c014008020f1197e9f3fff6L
  1; 18; 74;0xe9f3fff63c014008020f11d7d1f4ffb7L
  1; 18; 75;0xd1f4ffb73c014008020f12179de8fff8L
  1; 18; 76;0xbcbcbcbc3c016008020f3297e5dfffdaL
  1; 18; 77;0xe5dfffda3c016008020f32d79de4ffdbL
  1; 18; 78;0x9de4ffdb3c016008020f3317bde8ffdcL
  1; 18; 79;0xbde8ffdc3c016008020f3357c1fbffddL
  1; 18; 80;0xc1fbffdd3c016008020f3397f9fbff9eL
  1; 18; 81;0xf9fbff9e3c016008020f33d77df9ffdfL
  1; 18; 82;0x7df9ffdf3c016008020f3017e5faffd0L
  1; 18; 83;0xe5faffd03c016008020f30572dedffd1L
  1; 18; 84;0x2dedffd13c016008020f3097b5f0ffd2L
  1; 18; 85;0xb5f0ffd23c016008020f30d7edffffd3L
  1; 18; 86;0xedffffd33c016008020f3117fdffffd4L
  1; 18; 87;0xfdffffd43c016008020f3157c1efffd5L
  1; 18; 88;0xc1efffd53c016008020f3197e9f7ffd6L
  1; 18; 89;0xe9f7ffd63c016008020f31d7d5f5ff97L
  1; 18; 90;0xd5f5ff973c016008020f321791edffd8L
  1; 18; 91;0xbcbcbcbc3c018008020f1297e5ddfffaL
  1; 18; 92;0xe5ddfffa3c018008020f12d791e5fffbL
  1; 18; 93;0x91e5fffb3c018008020f1317b9e5fffcL
  1; 18; 94;0xb9e5fffc3c018008020f1357bdfafffdL
  1; 18; 95;0xbdfafffd3c018008020f1397f5f9ffbeL
  1; 18; 96;0xf5f9ffbe3c018008020f13d779f6ffffL
  1; 18; 97;0x79f6ffff3c018008020f1017e5f9fff0L
  1; 18; 98;0xe5f9fff03c018008020f105735ecfff1L
  1; 18; 99;0x35ecfff13c018008020f1097a1eefff2L
  1; 18;100;0xa1eefff23c018008020f10d7edfffff3L
  1; 18;101;0xedfffff33c018008020f1117fdfffff4L
  1; 18;102;0xfdfffff43c018008020f1157c1f0fff5L
  1; 18;103;0xc1f0fff53c018008020f1197e9f4fff6L
  1; 18;104;0xe9f4fff63c018008020f11d7d1f4ffb7L
  1; 18;105;0xd1f4ffb73c018008020f12179deafff8L
  1; 18;106;0xbcbcbcbc3c01a008020f3297e5daffdaL
  1; 18;107;0xe5daffda3c01a008020f32d799e2ffdbL
  1; 18;108;0x99e2ffdb3c01a008020f3317b9e6ffdcL
  1; 18;109;0xb9e6ffdc3c01a008020f3357bdfbffddL
  1; 18;110;0xbdfbffdd3c01a008020f3397f5f9ff9eL
  1; 18;111;0xf5f9ff9e3c01a008020f33d775f7ffdfL
  1; 18;112;0x75f7ffdf3c01a008020f3017e1faffd0L
  1; 18;113;0xe1faffd03c01a008020f305725edffd1L
  1; 18;114;0x25edffd13c01a008020f3097a9edffd2L
  1; 18;115;0xa9edffd23c01a008020f30d7e9ffffd3L
  1; 18;116;0xe9ffffd33c01a008020f3117fdfeffd4L
  1; 18;117;0xfdfeffd43c01a008020f3157bdefffd5L
  1; 18;118;0xbdefffd53c01a008020f3197e9f6ffd6L
  1; 18;119;0xe9f6ffd63c01a008020f31d7d1f4ff97L
  1; 18;120;0xd1f4ff973c01a008020f321789ecffd8L
  1; 18;121;0xbcbcbcbc3c01c008020f1297e5ddfffaL
  1; 18;122;0xe5ddfffa3c01c008020f12d78de5fffbL
  1; 18;123;0x8de5fffb3c01c008020f1317bde5fffcL
  1; 18;124;0xbde5fffc3c01c008020f1357b9fbfffdL
  1; 18;125;0xb9fbfffd3c01c008020f1397f5faffbeL
  1; 18;126;0xf5faffbe3c01c008020f13d775f5ffffL
  1; 18;127;0x75f5ffff3c01c008020f1017e5f9fff0L
  1; 18;128;0xe5f9fff03c01c008020f105731edfff1L
  1; 18;129;0x31edfff13c01c008020f1097a1eefff2L
  1; 18;130;0xa1eefff23c01c008020f10d7f1fffff3L
  1; 18;131;0xf1fffff33c01c008020f1117fdfffff4L
  1; 18;132;0xfdfffff43c01c008020f1157c1f0fff5L
  1; 18;133;0xc1f0fff53c01c008020f1197e9f4fff6L
  1; 18;134;0xe9f4fff63c01c008020f11d7d1f4ffb7L
  1; 18;135;0xd1f4ffb73c01c008020f1217a1eafff8L
  1; 18;136;0xbcbcbcbc3c01e008020f3297e5dbffdaL
  1; 18;137;0xe5dbffda3c01e008020f32d799e4ffdbL
  1; 18;138;0x99e4ffdb3c01e008020f3317bde6ffdcL
  1; 18;139;0xbde6ffdc3c01e008020f3357bdfbffddL
  1; 18;140;0xbdfbffdd3c01e008020f3397f1f9ff9eL
  1; 18;141;0xf1f9ff9e3c01e008020f33d77df7ffdfL
  1; 18;142;0x7df7ffdf3c01e008020f3017e5faffd0L
  1; 18;143;0xe5faffd03c01e008020f305729edffd1L
  1; 18;144;0x29edffd13c01e008020f3097adeeffd2L
  1; 18;145;0xadeeffd23c01e008020f30d7edffffd3L
  1; 18;146;0xedffffd33c01e008020f3117fdfeffd4L
  1; 18;147;0xfdfeffd43c01e008020f3157bdf0ffd5L
  1; 18;148;0xbdf0ffd53c01e008020f3197e9f6ffd6L
  1; 18;149;0xe9f6ffd63c01e008020f31d7d1f5ff97L
  1; 18;150;0xd1f5ff973c01e008020f321791ecffd8L
  1; 18;151;0xbcbcbcbc3c020008020f1297e9dffffaL
  1; 18;152;0xe9dffffa3c020008020f12d795e5fffbL
  1; 18;153;0x95e5fffb3c020008020f1317b9e6fffcL
  1; 18;154;0xb9e6fffc3c020008020f1357c1fbfffdL
  1; 18;155;0xc1fbfffd3c020008020f1397f5fbffbeL
  1; 18;156;0xf5fbffbe3c020008020f13d77df6ffffL
  1; 18;157;0x7df6ffff3c020008020f1017e5fafff0L
  1; 18;158;0xe5fafff03c020008020f105731edfff1L
  1; 18;159;0x31edfff13c020008020f1097a9eefff2L
  1; 18;160;0xa9eefff23c020008020f10d7f1fffff3L
  1; 18;161;0xf1fffff33c020008020f1117fdfffff4L
  1; 18;162;0xfdfffff43c020008020f1157c1effff5L
  1; 18;163;0xc1effff53c020008020f1197edf5fff6L
  1; 18;164;0xedf5fff63c020008020f11d7d1f4ffb7L
  1; 18;165;0xd1f4ffb73c020008020f1217a1ebfff8L
  1; 18;166;0xbcbcbcbc3c022008020f3297e5dbffdaL
  1; 18;167;0xe5dbffda3c022008020f32d79de3ffdbL
  1; 18;168;0x9de3ffdb3c022008020f3317bde7ffdcL
  1; 18;169;0xbde7ffdc3c022008020f3357c1fbffddL
  1; 18;170;0xc1fbffdd3c022008020f3397f5f9ff9eL
  1; 18;171;0xf5f9ff9e3c022008020f33d779f7ffdfL
  1; 18;172;0x79f7ffdf3c022008020f3017e5faffd0L
  1; 18;173;0xe5faffd03c022008020f305729edffd1L
  1; 18;174;0x29edffd13c022008020f3097adeeffd2L
  1; 18;175;0xadeeffd23c022008020f30d7edffffd3L
  1; 18;176;0xedffffd33c022008020f3117fdfeffd4L
  1; 18;177;0xfdfeffd43c022008020f3157c1efffd5L
  1; 18;178;0xc1efffd53c022008020f3197e9f7ffd6L
  1; 18;179;0xe9f7ffd63c022008020f31d7d5f4ff97L
  1; 18;180;0xd5f4ff973c022008020f321791edffd8L
  1; 18;181;0xbcbcbcbc3c024008020f1297e5ddfffaL
  1; 18;182;0xe5ddfffa3c024008020f12d791e5fffbL
  1; 18;183;0x91e5fffb3c024008020f1317bde5fffcL
  1; 18;184;0xbde5fffc3c024008020f1357bdfafffdL
  1; 18;185;0xbdfafffd3c024008020f1397f1f9ffbeL
  1; 18;186;0xf1f9ffbe3c024008020f13d771f5ffffL
  1; 18;187;0x71f5ffff3c024008020f1017e1f9fff0L
  1; 18;188;0xe1f9fff03c024008020f10572debfff1L
  1; 18;189;0x2debfff13c024008020f1097a5edfff2L
  1; 18;190;0xa5edfff23c024008020f10d7f1fffff3L
  1; 18;191;0xf1fffff33c024008020f1117fdfffff4L
  1; 18;192;0xfdfffff43c024008020f1157c1effff5L
  1; 18;193;0xc1effff53c024008020f1197edf4fff6L
  1; 18;194;0xedf4fff63c024008020f11d7d1f5ffb7L
  1; 18;195;0xd1f5ffb73c024008020f12179de9fff8L
  1; 18;196;0xbcbcbcbc3c026008020f3297e5ddffdaL
  1; 18;197;0xe5ddffda3c026008020f32d7a1e5ffdbL
  1; 18;198;0xa1e5ffdb3c026008020f3317c1e8ffdcL
  1; 18;199;0xc1e8ffdc3c026008020f3357c1faffddL
  1; 18;200;0xc1faffdd3c026008020f3397f9fbff9eL
  1; 18;201;0xf9fbff9e3c026008020f33d77df8ffdfL
  1; 18;202;0x7df8ffdf3c026008020f3017e9f9ffd0L
  1; 18;203;0xe9f9ffd03c026008020f30572deeffd1L
  1; 18;204;0x2deeffd13c026008020f3097b1efffd2L
  1; 18;205;0xb1efffd23c026008020f30d7f1ffffd3L
  1; 18;206;0xf1ffffd33c026008020f3117fdffffd4L
  1; 18;207;0xfdffffd43c026008020f3157c1f0ffd5L
  1; 18;208;0xc1f0ffd53c026008020f3197e9f6ffd6L
  1; 18;209;0xe9f6ffd63c026008020f31d7d9f5ff97L
  1; 18;210;0xd9f5ff973c026008020f321795edffd8L
  1; 18;211;0xbcbcbcbc3c028008020f1297e5dbfffaL
  1; 18;212;0xe5dbfffa3c028008020f12d78de5fffbL
  1; 18;213;0x8de5fffb3c028008020f1317b9e5fffcL
  1; 18;214;0xb9e5fffc3c028008020f1357b9fafffdL
  1; 18;215;0xb9fafffd3c028008020f1397f1faffbeL
  1; 18;216;0xf1faffbe3c028008020f13d775f5ffffL
  1; 18;217;0x75f5ffff3c028008020f1017e5f8fff0L
  1; 18;218;0xe5f8fff03c028008020f105725ebfff1L
  1; 18;219;0x25ebfff13c028008020f10979deefff2L
  1; 18;220;0x9deefff23c028008020f10d7edfffff3L
  1; 18;221;0xedfffff33c028008020f1117fdfffff4L
  1; 18;222;0xfdfffff43c028008020f1157c1effff5L
  1; 18;223;0xc1effff53c028008020f1197e9f4fff6L
  1; 18;224;0xe9f4fff63c028008020f11d7d1f4ffb7L
  1; 18;225;0xd1f4ffb73c028008020f121799e9fff8L
  1; 18;226;0xbcbcbcbc3c02a008020f3297e5ddffdaL
  1; 18;227;0xe5ddffda3c02a008020f32d79de4ffdbL
  1; 18;228;0x9de4ffdb3c02a008020f3317c1e7ffdcL
  1; 18;229;0xc1e7ffdc3c02a008020f3357c5fbffddL
  1; 18;230;0xc5fbffdd3c02a008020f3397f9faff9eL
  1; 18;231;0xf9faff9e3c02a008020f33d77df8ffdfL
  1; 18;232;0x7df8ffdf3c02a008020f3017e9faffd0L
  1; 18;233;0xe9faffd03c02a008020f305731edffd1L
  1; 18;234;0x31edffd13c02a008020f3097b1efffd2L
  1; 18;235;0xb1efffd23c02a008020f30d7f1ffffd3L
  1; 18;236;0xf1ffffd33c02a008020f3117fdffffd4L
  1; 18;237;0xfdffffd43c02a008020f3157c1f0ffd5L
  1; 18;238;0xc1f0ffd53c02a008020f3197e9f7ffd6L
  1; 18;239;0xe9f7ffd63c02a008020f31d7d5f5ff97L
  1; 18;240;0xd5f5ff973c02a008020f321799edffd8L
  1; 18;241;0xbcbcbcbc3c02c008020f1297e5ddfffaL
  1; 18;242;0xe5ddfffa3c02c008020f12d791e6fffbL
  1; 18;243;0x91e6fffb3c02c008020f1317bde5fffcL
  1; 18;244;0xbde5fffc3c02c008020f1357bdfbfffdL
  1; 18;245;0xbdfbfffd3c02c008020f1397f5f9ffbeL
  1; 18;246;0xf5f9ffbe3c02c008020f13d775f6ffffL
  1; 18;247;0x75f6ffff3c02c008020f1017e5f9fff0L
  1; 18;248;0xe5f9fff03c02c008020f105735ecfff1L
  1; 18;249;0x35ecfff13c02c008020f10979deefff2L
  1; 18;250;0x9deefff23c02c008020f10d7edfffff3L
  1; 18;251;0xedfffff33c02c008020f1117fdfffff4L
  1; 18;252;0xfdfffff43c02c008020f1157c1f0fff5L
  1; 18;253;0xc1f0fff53c02c008020f1197e9f4fff6L
  1; 18;254;0xe9f4fff63c02c008020f11d7d1f4ffb7L
  1; 18;255;0xd1f4ffb73c02c008020f12179deafff8L
  1; 18;256;0xbcbcbcbc3c02e008020f3297e5dbffdaL
  1; 20;  1;0xbcbcbcbc3c016008020f329745e1ffdaL
  1; 20;  2;0x45e1ffda3c016008020f32d6adc3ffdbL
  1; 20;  3;0xadc3ffdb3c016008020f331701c2ffdcL
  1; 20;  4;0x1c2ffdc3c016008020f335759dcffddL
  1; 20;  5;0x59dcffdd3c016008020f33973dc8ffdeL
  1; 20;  6;0x3dc8ffde3c016008020f33d70dcdffdfL
  1; 20;  7;0xdcdffdf3c016008020f301761c9ffd0L
  1; 20;  8;0x61c9ffd03c016008020f3057ade4ffd1L
  1; 20;  9;0xade4ffd13c016008020f30979deaffd2L
  1; 20; 10;0x9deaffd23c016008020f30d7a5f0ffd3L
  1; 20; 11;0xa5f0ffd33c016008020f31176de4ffd4L
  1; 20; 12;0x6de4ffd43c016008020f315765f2ffd5L
  1; 20; 13;0x65f2ffd53c016008020f319775baffd6L
  1; 20; 14;0x75baffd63c016008020f31d7ddffff97L
  1; 20; 15;0xddffff973c016008020f321789b1ffd8L
  1; 20; 16;0xbcbcbcbc3c018008020f129749e3fffaL
  1; 20; 17;0x49e3fffa3c018008020f12d69dc5fffbL
  1; 20; 18;0x9dc5fffb3c018008020f1316f9c0fffcL
  1; 20; 19;0xf9c0fffc3c018008020f13575ddefffdL
  1; 20; 20;0x5ddefffd3c018008020f13973dc2fffeL
  1; 20; 21;0x3dc2fffe3c018008020f13d721c7ffffL
  1; 20; 22;0x21c7ffff3c018008020f101759c5fff0L
  1; 20; 23;0x59c5fff03c018008020f105799e5fff1L
  1; 20; 24;0x99e5fff13c018008020f10979deafff2L
  1; 20; 25;0x9deafff23c018008020f10d7adf0fff3L
  1; 20; 26;0xadf0fff33c018008020f111761e6fff4L
  1; 20; 27;0x61e6fff43c018008020f115771f2fff5L
  1; 20; 28;0x71f2fff53c018008020f119785bdfff6L
  1; 20; 29;0x85bdfff63c018008020f11d7d5ffffb7L
  1; 20; 30;0xd5ffffb73c018008020f121789aefff8L
  1; 20; 31;0xbcbcbcbc3c01a008020f329741dfffdaL
  1; 20; 32;0x41dfffda3c01a008020f32d6a9c3ffdbL
  1; 20; 33;0xa9c3ffdb3c01a008020f3316f5c2ffdcL
  1; 20; 34;0xf5c2ffdc3c01a008020f335751ddffddL
  1; 20; 35;0x51ddffdd3c01a008020f339735c6ffdeL
  1; 20; 36;0x35c6ffde3c01a008020f33d709ccffdfL
  1; 20; 37;0x9ccffdf3c01a008020f30175dc8ffd0L
  1; 20; 38;0x5dc8ffd03c01a008020f3057ade4ffd1L
  1; 20; 39;0xade4ffd13c01a008020f309799eaffd2L
  1; 20; 40;0x99eaffd23c01a008020f30d7a5f1ffd3L
  1; 20; 41;0xa5f1ffd33c01a008020f311765e3ffd4L
  1; 20; 42;0x65e3ffd43c01a008020f315759f2ffd5L
  1; 20; 43;0x59f2ffd53c01a008020f31976db8ffd6L
  1; 20; 44;0x6db8ffd63c01a008020f31d7ddffff97L
  1; 20; 45;0xddffff973c01a008020f321781b0ffd8L
  1; 20; 46;0xbcbcbcbc3c01c008020f129749e3fffaL
  1; 20; 47;0x49e3fffa3c01c008020f12d6a1c7fffbL
  1; 20; 48;0xa1c7fffb3c01c008020f1316f9befffcL
  1; 20; 49;0xf9befffc3c01c008020f13575dddfffdL
  1; 20; 50;0x5dddfffd3c01c008020f139745c4fffeL
  1; 20; 51;0x45c4fffe3c01c008020f13d71dc6ffffL
  1; 20; 52;0x1dc6ffff3c01c008020f10175dc6fff0L
  1; 20; 53;0x5dc6fff03c01c008020f105799e6fff1L
  1; 20; 54;0x99e6fff13c01c008020f109799e9fff2L
  1; 20; 55;0x99e9fff23c01c008020f10d7adf0fff3L
  1; 20; 56;0xadf0fff33c01c008020f111765e6fff4L
  1; 20; 57;0x65e6fff43c01c008020f115771f3fff5L
  1; 20; 58;0x71f3fff53c01c008020f119781bdfff6L
  1; 20; 59;0x81bdfff63c01c008020f11d7d5ffffb7L
  1; 20; 60;0xd5ffffb73c01c008020f12178db1fff8L
  1; 20; 61;0xbcbcbcbc3c01e008020f329745e1ffdaL
  1; 20; 62;0x45e1ffda3c01e008020f32d6a9c2ffdbL
  1; 20; 63;0xa9c2ffdb3c01e008020f3316fdbfffdcL
  1; 20; 64;0xfdbfffdc3c01e008020f335755ddffddL
  1; 20; 65;0x55ddffdd3c01e008020f339741c8ffdeL
  1; 20; 66;0x41c8ffde3c01e008020f33d70dcbffdfL
  1; 20; 67;0xdcbffdf3c01e008020f301761c9ffd0L
  1; 20; 68;0x61c9ffd03c01e008020f3057a9e5ffd1L
  1; 20; 69;0xa9e5ffd13c01e008020f30979de9ffd2L
  1; 20; 70;0x9de9ffd23c01e008020f30d7a5f0ffd3L
  1; 20; 71;0xa5f0ffd33c01e008020f311765e4ffd4L
  1; 20; 72;0x65e4ffd43c01e008020f315765f2ffd5L
  1; 20; 73;0x65f2ffd53c01e008020f319771baffd6L
  1; 20; 74;0x71baffd63c01e008020f31d7e1ffff97L
  1; 20; 75;0xe1ffff973c01e008020f321785b1ffd8L
  1; 20; 76;0xbcbcbcbc3c03c008020f129745e3fffaL
  1; 20; 77;0x45e3fffa3c03c008020f12d691c4fffbL
  1; 20; 78;0x91c4fffb3c03c008020f1316f5befffcL
  1; 20; 79;0xf5befffc3c03c008020f135759ddfffdL
  1; 20; 80;0x59ddfffd3c03c008020f13973dc3fffeL
  1; 20; 81;0x3dc3fffe3c03c008020f13d711c5ffffL
  1; 20; 82;0x11c5ffff3c03c008020f101755c4fff0L
  1; 20; 83;0x55c4fff03c03c008020f105799e6fff1L
  1; 20; 84;0x99e6fff13c03c008020f109799e9fff2L
  1; 20; 85;0x99e9fff23c03c008020f10d7adeffff3L
  1; 20; 86;0xadeffff33c03c008020f111755e5fff4L
  1; 20; 87;0x55e5fff43c03c008020f115765f3fff5L
  1; 20; 88;0x65f3fff53c03c008020f11977dbcfff6L
  1; 20; 89;0x7dbcfff63c03c008020f11d7d1feffb7L
  1; 20; 90;0xd1feffb73c03c008020f121779adfff8L
  1; 20; 91;0xbcbcbcbc3c03e008020f329749e1ffdaL
  1; 20; 92;0x49e1ffda3c03e008020f32d6b9c5ffdbL
  1; 20; 93;0xb9c5ffdb3c03e008020f331705c5ffdcL
  1; 20; 94;0x5c5ffdc3c03e008020f33575ddeffddL
  1; 20; 95;0x5ddeffdd3c03e008020f339745c9ffdeL
  1; 20; 96;0x45c9ffde3c03e008020f33d719cfffdfL
  1; 20; 97;0x19cfffdf3c03e008020f301769caffd0L
  1; 20; 98;0x69caffd03c03e008020f3057b1e6ffd1L
  1; 20; 99;0xb1e6ffd13c03e008020f30979debffd2L
  1; 20;100;0x9debffd23c03e008020f30d7adf1ffd3L
  1; 20;101;0xadf1ffd33c03e008020f311779e5ffd4L
  1; 20;102;0x79e5ffd43c03e008020f315769f3ffd5L
  1; 20;103;0x69f3ffd53c03e008020f319779bcffd6L
  1; 20;104;0x79bcffd63c03e008020f31d7e5ffff97L
  1; 20;105;0xe5ffff973c03e008020f321791b6ffd8L
  1; 20;106;0xbcbcbcbc3c000008020f129741e3fffaL
  1; 20;107;0x41e3fffa3c000008020f12d68dc3fffbL
  1; 20;108;0x8dc3fffb3c000008020f1316edbdfffcL
  1; 20;109;0xedbdfffc3c000008020f13574ddbfffdL
  1; 20;110;0x4ddbfffd3c000008020f139735c2fffeL
  1; 20;111;0x35c2fffe3c000008020f13d70dc3ffffL
  1; 20;112;0xdc3ffff3c000008020f10174dc2fff0L
  1; 20;113;0x4dc2fff03c000008020f105791e3fff1L
  1; 20;114;0x91e3fff13c000008020f109795e9fff2L
  1; 20;115;0x95e9fff23c000008020f10d7adeffff3L
  1; 20;116;0xadeffff33c000008020f111755e4fff4L
  1; 20;117;0x55e4fff43c000008020f115761f2fff5L
  1; 20;118;0x61f2fff53c000008020f119779bafff6L
  1; 20;119;0x79bafff63c000008020f11d7cdfdffb7L
  1; 20;120;0xcdfdffb73c000008020f121779acfff8L
  1; 20;121;0xbcbcbcbc3c002008020f329749dfffdaL
  1; 20;122;0x49dfffda3c002008020f32d6b9c5ffdbL
  1; 20;123;0xb9c5ffdb3c002008020f331701c1ffdcL
  1; 20;124;0x1c1ffdc3c002008020f335759deffddL
  1; 20;125;0x59deffdd3c002008020f339741c9ffdeL
  1; 20;126;0x41c9ffde3c002008020f33d715ceffdfL
  1; 20;127;0x15ceffdf3c002008020f301761cbffd0L
  1; 20;128;0x61cbffd03c002008020f3057b1e5ffd1L
  1; 20;129;0xb1e5ffd13c002008020f30979deaffd2L
  1; 20;130;0x9deaffd23c002008020f30d7a9f1ffd3L
  1; 20;131;0xa9f1ffd33c002008020f31176de4ffd4L
  1; 20;132;0x6de4ffd43c002008020f31576df2ffd5L
  1; 20;133;0x6df2ffd53c002008020f319779baffd6L
  1; 20;134;0x79baffd63c002008020f31d7e1ffff97L
  1; 20;135;0xe1ffff973c002008020f321789b3ffd8L
  1; 20;136;0xbcbcbcbc3c004008020f129749e4fffaL
  1; 20;137;0x49e4fffa3c004008020f12d699c5fffbL
  1; 20;138;0x99c5fffb3c004008020f1316f1befffcL
  1; 20;139;0xf1befffc3c004008020f135761ddfffdL
  1; 20;140;0x61ddfffd3c004008020f139739c2fffeL
  1; 20;141;0x39c2fffe3c004008020f13d719c6ffffL
  1; 20;142;0x19c6ffff3c004008020f10175dc4fff0L
  1; 20;143;0x5dc4fff03c004008020f105799e6fff1L
  1; 20;144;0x99e6fff13c004008020f109795e9fff2L
  1; 20;145;0x95e9fff23c004008020f10d7adeffff3L
  1; 20;146;0xadeffff33c004008020f111755e5fff4L
  1; 20;147;0x55e5fff43c004008020f115769f3fff5L
  1; 20;148;0x69f3fff53c004008020f119781bcfff6L
  1; 20;149;0x81bcfff63c004008020f11d7d1ffffb7L
  1; 20;150;0xd1ffffb73c004008020f121785b0fff8L
  1; 20;151;0xbcbcbcbc3c006008020f329745e0ffdaL
  1; 20;152;0x45e0ffda3c006008020f32d6adc4ffdbL
  1; 20;153;0xadc4ffdb3c006008020f3316f9c2ffdcL
  1; 20;154;0xf9c2ffdc3c006008020f335759deffddL
  1; 20;155;0x59deffdd3c006008020f33973dc7ffdeL
  1; 20;156;0x3dc7ffde3c006008020f33d711cbffdfL
  1; 20;157;0x11cbffdf3c006008020f30175dc9ffd0L
  1; 20;158;0x5dc9ffd03c006008020f3057ade5ffd1L
  1; 20;159;0xade5ffd13c006008020f30979deaffd2L
  1; 20;160;0x9deaffd23c006008020f30d7a5f0ffd3L
  1; 20;161;0xa5f0ffd33c006008020f311769e4ffd4L
  1; 20;162;0x69e4ffd43c006008020f315769f2ffd5L
  1; 20;163;0x69f2ffd53c006008020f319771baffd6L
  1; 20;164;0x71baffd63c006008020f31d7ddffff97L
  1; 20;165;0xddffff973c006008020f321785b3ffd8L
  1; 20;166;0xbcbcbcbc3c008008020f12974de4fffaL
  1; 20;167;0x4de4fffa3c008008020f12d6a5c8fffbL
  1; 20;168;0xa5c8fffb3c008008020f131701c1fffcL
  1; 20;169;0x1c1fffc3c008008020f135765dffffdL
  1; 20;170;0x65dffffd3c008008020f13974dc5fffeL
  1; 20;171;0x4dc5fffe3c008008020f13d721c8ffffL
  1; 20;172;0x21c8ffff3c008008020f10175dc7fff0L
  1; 20;173;0x5dc7fff03c008008020f10579de6fff1L
  1; 20;174;0x9de6fff13c008008020f10979deafff2L
  1; 20;175;0x9deafff23c008008020f10d7b5f1fff3L
  1; 20;176;0xb5f1fff33c008008020f111761e7fff4L
  1; 20;177;0x61e7fff43c008008020f115775f3fff5L
  1; 20;178;0x75f3fff53c008008020f119789bffff6L
  1; 20;179;0x89bffff63c008008020f11d7d9ffffb7L
  1; 20;180;0xd9ffffb73c008008020f12178db1fff8L
  1; 20;181;0xbcbcbcbc3c00a008020f329745e0ffdaL
  1; 20;182;0x45e0ffda3c00a008020f32d6a5c3ffdbL
  1; 20;183;0xa5c3ffdb3c00a008020f3316fdc0ffdcL
  1; 20;184;0xfdc0ffdc3c00a008020f335751dcffddL
  1; 20;185;0x51dcffdd3c00a008020f339739c6ffdeL
  1; 20;186;0x39c6ffde3c00a008020f33d705cbffdfL
  1; 20;187;0x5cbffdf3c00a008020f301759c9ffd0L
  1; 20;188;0x59c9ffd03c00a008020f3057a9e5ffd1L
  1; 20;189;0xa9e5ffd13c00a008020f309799eaffd2L
  1; 20;190;0x99eaffd23c00a008020f30d7a5f0ffd3L
  1; 20;191;0xa5f0ffd33c00a008020f311765e2ffd4L
  1; 20;192;0x65e2ffd43c00a008020f31575df1ffd5L
  1; 20;193;0x5df1ffd53c00a008020f319771b9ffd6L
  1; 20;194;0x71b9ffd63c00a008020f31d7d9ffff97L
  1; 20;195;0xd9ffff973c00a008020f32177db4ffd8L
  1; 20;196;0xbcbcbcbc3c00c008020f129745e4fffaL
  1; 20;197;0x45e4fffa3c00c008020f12d699c5fffbL
  1; 20;198;0x99c5fffb3c00c008020f1316edbefffcL
  1; 20;199;0xedbefffc3c00c008020f13575de0fffdL
  1; 20;200;0x5de0fffd3c00c008020f139745c2fffeL
  1; 20;201;0x45c2fffe3c00c008020f13d719c4ffffL
  1; 20;202;0x19c4ffff3c00c008020f101759c5fff0L
  1; 20;203;0x59c5fff03c00c008020f105799e4fff1L
  1; 20;204;0x99e4fff13c00c008020f109799e9fff2L
  1; 20;205;0x99e9fff23c00c008020f10d7b1effff3L
  1; 20;206;0xb1effff33c00c008020f111759e5fff4L
  1; 20;207;0x59e5fff43c00c008020f11576df2fff5L
  1; 20;208;0x6df2fff53c00c008020f119781bdfff6L
  1; 20;209;0x81bdfff63c00c008020f11d7d5ffffb7L
  1; 20;210;0xd5ffffb73c00c008020f121781aefff8L
  1; 20;211;0xbcbcbcbc3c00e008020f329749e0ffdaL
  1; 20;212;0x49e0ffda3c00e008020f32d6a9c4ffdbL
  1; 20;213;0xa9c4ffdb3c00e008020f3316f9c1ffdcL
  1; 20;214;0xf9c1ffdc3c00e008020f335751ddffddL
  1; 20;215;0x51ddffdd3c00e008020f339741c7ffdeL
  1; 20;216;0x41c7ffde3c00e008020f33d709cbffdfL
  1; 20;217;0x9cbffdf3c00e008020f30175dc9ffd0L
  1; 20;218;0x5dc9ffd03c00e008020f3057ade4ffd1L
  1; 20;219;0xade4ffd13c00e008020f309799ebffd2L
  1; 20;220;0x99ebffd23c00e008020f30d7a9f0ffd3L
  1; 20;221;0xa9f0ffd33c00e008020f311769e4ffd4L
  1; 20;222;0x69e4ffd43c00e008020f31575df2ffd5L
  1; 20;223;0x5df2ffd53c00e008020f319771b9ffd6L
  1; 20;224;0x71b9ffd63c00e008020f31d7d9ffff97L
  1; 20;225;0xd9ffff973c00e008020f321779b1ffd8L
  1; 20;226;0xbcbcbcbc3c010008020f129749e3fffaL
  1; 20;227;0x49e3fffa3c010008020f12d69dc4fffbL
  1; 20;228;0x9dc4fffb3c010008020f1316e9c0fffcL
  1; 20;229;0xe9c0fffc3c010008020f135755dcfffdL
  1; 20;230;0x55dcfffd3c010008020f139731c1fffeL
  1; 20;231;0x31c1fffe3c010008020f13d70dc4ffffL
  1; 20;232;0xdc4ffff3c010008020f101755c3fff0L
  1; 20;233;0x55c3fff03c010008020f105795e5fff1L
  1; 20;234;0x95e5fff13c010008020f109795e9fff2L
  1; 20;235;0x95e9fff23c010008020f10d7a9f0fff3L
  1; 20;236;0xa9f0fff33c010008020f111759e5fff4L
  1; 20;237;0x59e5fff43c010008020f115765f2fff5L
  1; 20;238;0x65f2fff53c010008020f119779bcfff6L
  1; 20;239;0x79bcfff63c010008020f11d7d1ffffb7L
  1; 20;240;0xd1ffffb73c010008020f121779aefff8L
  1; 20;241;0xbcbcbcbc3c012008020f32974de1ffdaL
  1; 20;242;0x4de1ffda3c012008020f32d6a9c7ffdbL
  1; 20;243;0xa9c7ffdb3c012008020f331705c3ffdcL
  1; 20;244;0x5c3ffdc3c012008020f33575dddffddL
  1; 20;245;0x5dddffdd3c012008020f339741cbffdeL
  1; 20;246;0x41cbffde3c012008020f33d711ceffdfL
  1; 20;247;0x11ceffdf3c012008020f301761cbffd0L
  1; 20;248;0x61cbffd03c012008020f3057b1e6ffd1L
  1; 20;249;0xb1e6ffd13c012008020f3097a1ebffd2L
  1; 20;250;0xa1ebffd23c012008020f30d7a9f1ffd3L
  1; 20;251;0xa9f1ffd33c012008020f311771e4ffd4L
  1; 20;252;0x71e4ffd43c012008020f31575df2ffd5L
  1; 20;253;0x5df2ffd53c012008020f319779bbffd6L
  1; 20;254;0x79bbffd63c012008020f31d7e1ffff97L
  1; 20;255;0xe1ffff973c012008020f32178db4ffd8L
  1; 20;256;0xbcbcbcbc3c014008020f129749e3fffaL
