Link ID; Channel ID; Line; Data 
  1; 15;  1;0xbcbcbcbc3c000008020f2b1791d7ffccL
  1; 15;  2;0x91d7ffcc3c000008020f2b5715cfffcdL
  1; 15;  3;0x15cfffcd3c000008020f2b972dd3ffceL
  1; 15;  4;0x2dd3ffce3c000008020f2bd745daffcfL
  1; 15;  5;0x45daffcf3c000008020f00174dd7ffc0L
  1; 15;  6;0x4dd7ffc03c000008020f00577de4ffc1L
  1; 15;  7;0x7de4ffc13c000008020f28976de3ffc2L
  1; 15;  8;0x6de3ffc23c000008020f28d775deffc3L
  1; 15;  9;0x75deffc33c000008020f2917b1fcffc4L
  1; 15; 10;0xb1fcffc43c000008020f295735f0ffc5L
  1; 15; 11;0x35f0ffc53c000008020f2997adefffc6L
  1; 15; 12;0xadefffc63c000008020f29d6e1ceffc7L
  1; 15; 13;0xe1ceffc73c000008020f2a1791d2ffc8L
  1; 15; 14;0x91d2ffc83c000008020f2a56ade1ffc9L
  1; 15; 15;0xade1ffc93c000008020f2a9781f0ffcaL
  1; 15; 16;0xbcbcbcbc3c000008020f331789d2ffdcL
  1; 15; 17;0x89d2ffdc3c000008020f335705d2ffddL
  1; 15; 18;0x5d2ffdd3c000008020f33971dd1ffdeL
  1; 15; 19;0x1dd1ffde3c000008020f33d72ddeffdfL
  1; 15; 20;0x2ddeffdf3c000008020f301741d5ffd0L
  1; 15; 21;0x41d5ffd03c000008020f305771e6ffd1L
  1; 15; 22;0x71e6ffd13c000008020f309785e1ffd2L
  1; 15; 23;0x85e1ffd23c000008020f30d76dddffd3L
  1; 15; 24;0x6dddffd33c000008020f3117a9fdffd4L
  1; 15; 25;0xa9fdffd43c000008020f315735f0ffd5L
  1; 15; 26;0x35f0ffd53c000008020f3197adf0ffd6L
  1; 15; 27;0xadf0ffd63c000008020f31d6e9cbffd7L
  1; 15; 28;0xe9cbffd73c000008020f321785d5ffd8L
  1; 15; 29;0x85d5ffd83c000008020f3256ade2ffd9L
  1; 15; 30;0xade2ffd93c000008020f329765f1ffdaL
  1; 15; 31;0xbcbcbcbc3c000008020f3b1775d2ffecL
  1; 15; 32;0x75d2ffec3c000008020f3b5705cdffedL
  1; 15; 33;0x5cdffed3c000008020f3b9725d5ffeeL
  1; 15; 34;0x25d5ffee3c000008020f3bd729d6ffefL
  1; 15; 35;0x29d6ffef3c000008020f381755d4ffe0L
  1; 15; 36;0x55d4ffe03c000008020f385761e2ffe1L
  1; 15; 37;0x61e2ffe13c000008020f38976ddeffe2L
  1; 15; 38;0x6ddeffe23c000008020f38d759daffe3L
  1; 15; 39;0x59daffe33c000008020f39179dfdffe4L
  1; 15; 40;0x9dfdffe43c000008020f39570defffe5L
  1; 15; 41;0xdefffe53c000008020f3997a9efffe6L
  1; 15; 42;0xa9efffe63c000008020f39d6d5caffe7L
  1; 15; 43;0xd5caffe73c000008020f3a1771d3ffe8L
  1; 15; 44;0x71d3ffe83c000008020f3a5691deffe9L
  1; 15; 45;0x91deffe93c000008020f3a9769f0ffeaL
  1; 15; 46;0xbcbcbcbc3c000008020f2b1781d2fffcL
  1; 15; 47;0x81d2fffc3c000008020f2b56f5cafffdL
  1; 15; 48;0xf5cafffd3c000008020f2b9725cefffeL
  1; 15; 49;0x25cefffe3c000008020f2bd729d5ffffL
  1; 15; 50;0x29d5ffff3c000008020f001741ccfff0L
  1; 15; 51;0x41ccfff03c000008020f005755e2fff1L
  1; 15; 52;0x55e2fff13c000008020f009771dcfff2L
  1; 15; 53;0x71dcfff23c000008020f00d751d7fff3L
  1; 15; 54;0x51d7fff33c000008020f011799fbfff4L
  1; 15; 55;0x99fbfff43c000008020f015711effff5L
  1; 15; 56;0x11effff53c000008020f0197a1eefff6L
  1; 15; 57;0xa1eefff63c000008020f29d6cdcbfff7L
  1; 15; 58;0xcdcbfff73c000008020f2a1775d2fff8L
  1; 15; 59;0x75d2fff83c000008020f2a5679ddfff9L
  1; 15; 60;0x79ddfff93c000008020f2a9769edfffaL
  1; 15; 61;0xbcbcbcbc3c000008020f33178dd5ffccL
  1; 15; 62;0x8dd5ffcc3c000008020f335715cfffcdL
  1; 15; 63;0x15cfffcd3c000008020f339725d5ffceL
  1; 15; 64;0x25d5ffce3c000008020f33d745d9ffcfL
  1; 15; 65;0x45d9ffcf3c000008020f301749d5ffc0L
  1; 15; 66;0x49d5ffc03c000008020f305781e4ffc1L
  1; 15; 67;0x81e4ffc13c000008020f309775e1ffc2L
  1; 15; 68;0x75e1ffc23c000008020f30d775e0ffc3L
  1; 15; 69;0x75e0ffc33c000008020f3117b5fcffc4L
  1; 15; 70;0xb5fcffc43c000008020f315729efffc5L
  1; 15; 71;0x29efffc53c000008020f3197adf0ffc6L
  1; 15; 72;0xadf0ffc63c000008020f31d6ddcdffc7L
  1; 15; 73;0xddcdffc73c000008020f321785d1ffc8L
  1; 15; 74;0x85d1ffc83c000008020f3256a1e1ffc9L
  1; 15; 75;0xa1e1ffc93c000008020f329775efffcaL
  1; 15; 76;0xbcbcbcbc3c000008020f3b1789d3ffdcL
  1; 15; 77;0x89d3ffdc3c000008020f3b570dd1ffddL
  1; 15; 78;0xdd1ffdd3c000008020f3b9725d0ffdeL
  1; 15; 79;0x25d0ffde3c000008020f3bd731deffdfL
  1; 15; 80;0x31deffdf3c000008020f381749d6ffd0L
  1; 15; 81;0x49d6ffd03c000008020f38576de5ffd1L
  1; 15; 82;0x6de5ffd13c000008020f389785e1ffd2L
  1; 15; 83;0x85e1ffd23c000008020f38d76dddffd3L
  1; 15; 84;0x6dddffd33c000008020f3917a9fdffd4L
  1; 15; 85;0xa9fdffd43c000008020f395735efffd5L
  1; 15; 86;0x35efffd53c000008020f3997adf0ffd6L
  1; 15; 87;0xadf0ffd63c000008020f39d6e5caffd7L
  1; 15; 88;0xe5caffd73c000008020f3a1789d3ffd8L
  1; 15; 89;0x89d3ffd83c000008020f3a56b1e2ffd9L
  1; 15; 90;0xb1e2ffd93c000008020f3a9769f1ffdaL
  1; 15; 91;0xbcbcbcbc3c000008020f2b177dd3ffecL
  1; 15; 92;0x7dd3ffec3c000008020f2b570dd0ffedL
  1; 15; 93;0xdd0ffed3c000008020f2b9729d4ffeeL
  1; 15; 94;0x29d4ffee3c000008020f2bd731d7ffefL
  1; 15; 95;0x31d7ffef3c000008020f001755d4ffe0L
  1; 15; 96;0x55d4ffe03c000008020f00576de2ffe1L
  1; 15; 97;0x6de2ffe13c000008020f009771e0ffe2L
  1; 15; 98;0x71e0ffe23c000008020f00d75ddbffe3L
  1; 15; 99;0x5ddbffe33c000008020f01179dfeffe4L
  1; 15;100;0x9dfeffe43c000008020f015721efffe5L
  1; 15;101;0x21efffe53c000008020f0197a9efffe6L
  1; 15;102;0xa9efffe63c000008020f29d6d9cbffe7L
  1; 15;103;0xd9cbffe73c000008020f2a1785d5ffe8L
  1; 15;104;0x85d5ffe83c000008020f2a569ddfffe9L
  1; 15;105;0x9ddfffe93c000008020f2a976df1ffeaL
  1; 15;106;0xbcbcbcbc3c000008020f331785d3fffcL
  1; 15;107;0x85d3fffc3c000008020f3356f9cafffdL
  1; 15;108;0xf9cafffd3c000008020f339725cffffeL
  1; 15;109;0x25cffffe3c000008020f33d72dd6ffffL
  1; 15;110;0x2dd6ffff3c000008020f301745cefff0L
  1; 15;111;0x45cefff03c000008020f305759e2fff1L
  1; 15;112;0x59e2fff13c000008020f309775defff2L
  1; 15;113;0x75defff23c000008020f30d751d9fff3L
  1; 15;114;0x51d9fff33c000008020f311799fbfff4L
  1; 15;115;0x99fbfff43c000008020f315711eefff5L
  1; 15;116;0x11eefff53c000008020f31979deefff6L
  1; 15;117;0x9deefff63c000008020f31d6cdcbfff7L
  1; 15;118;0xcdcbfff73c000008020f321771d3fff8L
  1; 15;119;0x71d3fff83c000008020f325681dffff9L
  1; 15;120;0x81dffff93c000008020f329769eefffaL
  1; 15;121;0xbcbcbcbc3c000008020f3b1789d3ffccL
  1; 15;122;0x89d3ffcc3c000008020f3b570dccffcdL
  1; 15;123;0xdccffcd3c000008020f3b9725d1ffceL
  1; 15;124;0x25d1ffce3c000008020f3bd739d8ffcfL
  1; 15;125;0x39d8ffcf3c000008020f381741d2ffc0L
  1; 15;126;0x41d2ffc03c000008020f385771e2ffc1L
  1; 15;127;0x71e2ffc13c000008020f38976de0ffc2L
  1; 15;128;0x6de0ffc23c000008020f38d771dcffc3L
  1; 15;129;0x71dcffc33c000008020f3917adfbffc4L
  1; 15;130;0xadfbffc43c000008020f395721eeffc5L
  1; 15;131;0x21eeffc53c000008020f3997adefffc6L
  1; 15;132;0xadefffc63c000008020f39d6d9cdffc7L
  1; 15;133;0xd9cdffc73c000008020f3a1781d0ffc8L
  1; 15;134;0x81d0ffc83c000008020f3a569ddeffc9L
  1; 15;135;0x9ddeffc93c000008020f3a976deeffcaL
  1; 15;136;0xbcbcbcbc3c000008020f2b1789d4ffdcL
  1; 15;137;0x89d4ffdc3c000008020f2b570dd1ffddL
  1; 15;138;0xdd1ffdd3c000008020f2b9725d0ffdeL
  1; 15;139;0x25d0ffde3c000008020f2bd731ddffdfL
  1; 15;140;0x31ddffdf3c000008020f001741d6ffd0L
  1; 15;141;0x41d6ffd03c000008020f00576de7ffd1L
  1; 15;142;0x6de7ffd13c000008020f009785e2ffd2L
  1; 15;143;0x85e2ffd23c000008020f00d76ddcffd3L
  1; 15;144;0x6ddcffd33c000008020f0117a5fcffd4L
  1; 15;145;0xa5fcffd43c000008020f015735f0ffd5L
  1; 15;146;0x35f0ffd53c000008020f0197a9f1ffd6L
  1; 15;147;0xa9f1ffd63c000008020f29d6e5caffd7L
  1; 15;148;0xe5caffd73c000008020f2a178dd4ffd8L
  1; 15;149;0x8dd4ffd83c000008020f2a56b1e2ffd9L
  1; 15;150;0xb1e2ffd93c000008020f2a9769f2ffdaL
  1; 15;151;0xbcbcbcbc3c000008020f33177dd5ffecL
  1; 15;152;0x7dd5ffec3c000008020f33570dd0ffedL
  1; 15;153;0xdd0ffed3c000008020f339731d7ffeeL
  1; 15;154;0x31d7ffee3c000008020f33d735d8ffefL
  1; 15;155;0x35d8ffef3c000008020f301755d5ffe0L
  1; 15;156;0x55d5ffe03c000008020f305769e2ffe1L
  1; 15;157;0x69e2ffe13c000008020f309775dfffe2L
  1; 15;158;0x75dfffe23c000008020f30d759dbffe3L
  1; 15;159;0x59dbffe33c000008020f3117a1ffffe4L
  1; 15;160;0xa1ffffe43c000008020f315719efffe5L
  1; 15;161;0x19efffe53c000008020f3197adf0ffe6L
  1; 15;162;0xadf0ffe63c000008020f31d6d5cbffe7L
  1; 15;163;0xd5cbffe73c000008020f321781d5ffe8L
  1; 15;164;0x81d5ffe83c000008020f32569de1ffe9L
  1; 15;165;0x9de1ffe93c000008020f329765f2ffeaL
  1; 15;166;0xbcbcbcbc3c000008020f3b1789d4fffcL
  1; 15;167;0x89d4fffc3c000008020f3b5705cdfffdL
  1; 15;168;0x5cdfffd3c000008020f3b972dcffffeL
  1; 15;169;0x2dcffffe3c000008020f3bd739d6ffffL
  1; 15;170;0x39d6ffff3c000008020f381741cefff0L
  1; 15;171;0x41cefff03c000008020f38575de3fff1L
  1; 15;172;0x5de3fff13c000008020f389775defff2L
  1; 15;173;0x75defff23c000008020f38d755dbfff3L
  1; 15;174;0x55dbfff33c000008020f39179dfcfff4L
  1; 15;175;0x9dfcfff43c000008020f395719effff5L
  1; 15;176;0x19effff53c000008020f3997a1effff6L
  1; 15;177;0xa1effff63c000008020f39d6cdccfff7L
  1; 15;178;0xcdccfff73c000008020f3a1779d4fff8L
  1; 15;179;0x79d4fff83c000008020f3a5685e0fff9L
  1; 15;180;0x85e0fff93c000008020f3a976deefffaL
  1; 15;181;0xbcbcbcbc3c000008020f2b1789d4ffccL
  1; 15;182;0x89d4ffcc3c000008020f2b570dcbffcdL
  1; 15;183;0xdcbffcd3c000008020f2b9725d2ffceL
  1; 15;184;0x25d2ffce3c000008020f2bd741d7ffcfL
  1; 15;185;0x41d7ffcf3c000008020f001745d5ffc0L
  1; 15;186;0x45d5ffc03c000008020f005775e2ffc1L
  1; 15;187;0x75e2ffc13c000008020f009771e0ffc2L
  1; 15;188;0x71e0ffc23c000008020f00d771ddffc3L
  1; 15;189;0x71ddffc33c000008020f0117adfcffc4L
  1; 15;190;0xadfcffc43c000008020f015729efffc5L
  1; 15;191;0x29efffc53c000008020f0197a9f0ffc6L
  1; 15;192;0xa9f0ffc63c000008020f29d6d5ccffc7L
  1; 15;193;0xd5ccffc73c000008020f2a1781cfffc8L
  1; 15;194;0x81cfffc83c000008020f2a56a1e0ffc9L
  1; 15;195;0xa1e0ffc93c000008020f2a9775efffcaL
  1; 15;196;0xbcbcbcbc3c000008020f331785d2ffdcL
  1; 15;197;0x85d2ffdc3c000008020f335701d0ffddL
  1; 15;198;0x1d0ffdd3c000008020f33971dcfffdeL
  1; 15;199;0x1dcfffde3c000008020f33d72dddffdfL
  1; 15;200;0x2dddffdf3c000008020f301739d4ffd0L
  1; 15;201;0x39d4ffd03c000008020f30576de5ffd1L
  1; 15;202;0x6de5ffd13c000008020f309779e1ffd2L
  1; 15;203;0x79e1ffd23c000008020f30d765daffd3L
  1; 15;204;0x65daffd33c000008020f3117a1fcffd4L
  1; 15;205;0xa1fcffd43c000008020f31572defffd5L
  1; 15;206;0x2defffd53c000008020f3197a9efffd6L
  1; 15;207;0xa9efffd63c000008020f31d6ddc9ffd7L
  1; 15;208;0xddc9ffd73c000008020f321785d1ffd8L
  1; 15;209;0x85d1ffd83c000008020f3256a9e2ffd9L
  1; 15;210;0xa9e2ffd93c000008020f329765f0ffdaL
  1; 15;211;0xbcbcbcbc3c000008020f3b1779d5ffecL
  1; 15;212;0x79d5ffec3c000008020f3b5711d1ffedL
  1; 15;213;0x11d1ffed3c000008020f3b9731d7ffeeL
  1; 15;214;0x31d7ffee3c000008020f3bd735d9ffefL
  1; 15;215;0x35d9ffef3c000008020f38175dd6ffe0L
  1; 15;216;0x5dd6ffe03c000008020f38576de3ffe1L
  1; 15;217;0x6de3ffe13c000008020f389771e0ffe2L
  1; 15;218;0x71e0ffe23c000008020f38d761dcffe3L
  1; 15;219;0x61dcffe33c000008020f3917a1feffe4L
  1; 15;220;0xa1feffe43c000008020f395715efffe5L
  1; 15;221;0x15efffe53c000008020f3997adf0ffe6L
  1; 15;222;0xadf0ffe63c000008020f39d6d9cdffe7L
  1; 15;223;0xd9cdffe73c000008020f3a1781d5ffe8L
  1; 15;224;0x81d5ffe83c000008020f3a56a1e0ffe9L
  1; 15;225;0xa1e0ffe93c000008020f3a9771f1ffeaL
  1; 15;226;0xbcbcbcbc3c000008020f2b178dd4fffcL
  1; 15;227;0x8dd4fffc3c000008020f2b5705ccfffdL
  1; 15;228;0x5ccfffd3c000008020f2b9731d0fffeL
  1; 15;229;0x31d0fffe3c000008020f2bd739d8ffffL
  1; 15;230;0x39d8ffff3c000008020f001749d0fff0L
  1; 15;231;0x49d0fff03c000008020f00575de4fff1L
  1; 15;232;0x5de4fff13c000008020f009775defff2L
  1; 15;233;0x75defff23c000008020f00d761dafff3L
  1; 15;234;0x61dafff33c000008020f0117a1fcfff4L
  1; 15;235;0xa1fcfff43c000008020f015715f0fff5L
  1; 15;236;0x15f0fff53c000008020f0197a1f0fff6L
  1; 15;237;0xa1f0fff63c000008020f29d6d5cdfff7L
  1; 15;238;0xd5cdfff73c000008020f2a1779d5fff8L
  1; 15;239;0x79d5fff83c000008020f2a5689e0fff9L
  1; 15;240;0x89e0fff93c000008020f2a976df0fffaL
  1; 15;241;0xbcbcbcbc3c000008020f331791d6ffccL
  1; 15;242;0x91d6ffcc3c000008020f335719d0ffcdL
  1; 15;243;0x19d0ffcd3c000008020f339729d3ffceL
  1; 15;244;0x29d3ffce3c000008020f33d741d8ffcfL
  1; 15;245;0x41d8ffcf3c000008020f301749d6ffc0L
  1; 15;246;0x49d6ffc03c000008020f305775e4ffc1L
  1; 15;247;0x75e4ffc13c000008020f309771e2ffc2L
  1; 15;248;0x71e2ffc23c000008020f30d779e0ffc3L
  1; 15;249;0x79e0ffc33c000008020f3117b5fcffc4L
  1; 15;250;0xb5fcffc43c000008020f31572defffc5L
  1; 15;251;0x2defffc53c000008020f3197adf0ffc6L
  1; 15;252;0xadf0ffc63c000008020f31d6e1cfffc7L
  1; 15;253;0xe1cfffc73c000008020f321789d2ffc8L
  1; 15;254;0x89d2ffc83c000008020f3256a9e1ffc9L
  1; 15;255;0xa9e1ffc93c000008020f329779efffcaL
  1; 15;256;0xbcbcbcbc3c000008020f3b1785d1ffdcL
  1; 16;  1;0xbcbcbcbc3c000008020f2b1739ddffccL
  1; 16;  2;0x39ddffcc3c000008020f2b56bdb1ffcdL
  1; 16;  3;0xbdb1ffcd3c000008020f2b96d9d7ffceL
  1; 16;  4;0xd9d7ffce3c000008020f2bd65990ffcfL
  1; 16;  5;0x5990ffcf3c000008020f001675b5ffc0L
  1; 16;  6;0x75b5ffc03c000008020f0056edd1ffc1L
  1; 16;  7;0xedd1ffc13c000008020f289761c2ffc2L
  1; 16;  8;0x61c2ffc23c000008020f28d74dedffc3L
  1; 16;  9;0x4dedffc33c000008020f29175de9ffc4L
  1; 16; 10;0x5de9ffc43c000008020f295755e8ff85L
  1; 16; 11;0x55e8ff853c000008020f299769daffc6L
  1; 16; 12;0x69daffc63c000008020f29d709eaffc7L
  1; 16; 13;0x9eaffc73c000008020f2a16519bffc8L
  1; 16; 14;0x519bffc83c000008020f2a5701a3ffc9L
  1; 16; 15;0x1a3ffc93c000008020f2a96b9bbffcaL
  1; 16; 16;0xbcbcbcbc3c000008020f33173ddaffdcL
  1; 16; 17;0x3ddaffdc3c000008020f3356bdadffddL
  1; 16; 18;0xbdadffdd3c000008020f3396d1dbffdeL
  1; 16; 19;0xd1dbffde3c000008020f33d64d95ffdfL
  1; 16; 20;0x4d95ffdf3c000008020f301679b2ffd0L
  1; 16; 21;0x79b2ffd03c000008020f3056d1cfffd1L
  1; 16; 22;0xd1cfffd13c000008020f309765c3ffd2L
  1; 16; 23;0x65c3ffd23c000008020f30d73debffd3L
  1; 16; 24;0x3debffd33c000008020f31174de6ffd4L
  1; 16; 25;0x4de6ffd43c000008020f315741e4ffd5L
  1; 16; 26;0x41e4ffd53c000008020f319761d7ffd6L
  1; 16; 27;0x61d7ffd63c000008020f31d711e7ffd7L
  1; 16; 28;0x11e7ffd73c000008020f32163999ffd8L
  1; 16; 29;0x3999ffd83c000008020f3256f1a7ffd9L
  1; 16; 30;0xf1a7ffd93c000008020f3296adbcffdaL
  1; 16; 31;0xbcbcbcbc3c000008020f3b172dd8ffecL
  1; 16; 32;0x2dd8ffec3c000008020f3b56a9aeffedL
  1; 16; 33;0xa9aeffed3c000008020f3b96c9d9ffeeL
  1; 16; 34;0xc9d9ffee3c000008020f3bd6418fffefL
  1; 16; 35;0x418fffef3c000008020f381645b0ffe0L
  1; 16; 36;0x45b0ffe03c000008020f3856cdd0ffe1L
  1; 16; 37;0xcdd0ffe13c000008020f389751bbffe2L
  1; 16; 38;0x51bbffe23c000008020f38d739eaffe3L
  1; 16; 39;0x39eaffe33c000008020f391751e5ffe4L
  1; 16; 40;0x51e5ffe43c000008020f39573de3ffa5L
  1; 16; 41;0x3de3ffa53c000008020f399765d4ffe6L
  1; 16; 42;0x65d4ffe63c000008020f39d705e7ffe7L
  1; 16; 43;0x5e7ffe73c000008020f3a163996ffe8L
  1; 16; 44;0x3996ffe83c000008020f3a56d5a0ffe9L
  1; 16; 45;0xd5a0ffe93c000008020f3a96a5b6ffeaL
  1; 16; 46;0xbcbcbcbc3c000008020f2b1735d7fffcL
  1; 16; 47;0x35d7fffc3c000008020f2b56a5aafffdL
  1; 16; 48;0xa5aafffd3c000008020f2b96bdd9fffeL
  1; 16; 49;0xbdd9fffe3c000008020f2bd64d95ffffL
  1; 16; 50;0x4d95ffff3c000008020f001665b2fff0L
  1; 16; 51;0x65b2fff03c000008020f0056e5cdfff1L
  1; 16; 52;0xe5cdfff13c000008020f009759c2fff2L
  1; 16; 53;0x59c2fff23c000008020f00d72decfff3L
  1; 16; 54;0x2decfff33c000008020f01174de5fff4L
  1; 16; 55;0x4de5fff43c000008020f015749e5ffb5L
  1; 16; 56;0x49e5ffb53c000008020f01975dd1fff6L
  1; 16; 57;0x5dd1fff63c000008020f29d715eafff7L
  1; 16; 58;0x15eafff73c000008020f2a163599fff8L
  1; 16; 59;0x3599fff83c000008020f2a56e9a5fff9L
  1; 16; 60;0xe9a5fff93c000008020f2a96a1bafffaL
  1; 16; 61;0xbcbcbcbc3c000008020f331735deffccL
  1; 16; 62;0x35deffcc3c000008020f3356b5b1ffcdL
  1; 16; 63;0xb5b1ffcd3c000008020f3396d9d9ffceL
  1; 16; 64;0xd9d9ffce3c000008020f33d66190ffcfL
  1; 16; 65;0x6190ffcf3c000008020f301671b5ffc0L
  1; 16; 66;0x71b5ffc03c000008020f3056f1d0ffc1L
  1; 16; 67;0xf1d0ffc13c000008020f309759c0ffc2L
  1; 16; 68;0x59c0ffc23c000008020f30d741ecffc3L
  1; 16; 69;0x41ecffc33c000008020f311759e9ffc4L
  1; 16; 70;0x59e9ffc43c000008020f31574de5ffc5L
  1; 16; 71;0x4de5ffc53c000008020f31976dd9ffc6L
  1; 16; 72;0x6dd9ffc63c000008020f31d70de9ffc7L
  1; 16; 73;0xde9ffc73c000008020f32164d99ffc8L
  1; 16; 74;0x4d99ffc83c000008020f3256f9a3ffc9L
  1; 16; 75;0xf9a3ffc93c000008020f3296b9baffcaL
  1; 16; 76;0xbcbcbcbc3c000008020f3b1741daffdcL
  1; 16; 77;0x41daffdc3c000008020f3b56c1aeffddL
  1; 16; 78;0xc1aeffdd3c000008020f3b96d1dbffdeL
  1; 16; 79;0xd1dbffde3c000008020f3bd65995ffdfL
  1; 16; 80;0x5995ffdf3c000008020f381685b5ffd0L
  1; 16; 81;0x85b5ffd03c000008020f3856ddd1ffd1L
  1; 16; 82;0xddd1ffd13c000008020f389771c5ffd2L
  1; 16; 83;0x71c5ffd23c000008020f38d73decffd3L
  1; 16; 84;0x3decffd33c000008020f391755e7ffd4L
  1; 16; 85;0x55e7ffd43c000008020f39574de5ff95L
  1; 16; 86;0x4de5ff953c000008020f399761d9ffd6L
  1; 16; 87;0x61d9ffd63c000008020f39d711e8ffd7L
  1; 16; 88;0x11e8ffd73c000008020f3a16419bffd8L
  1; 16; 89;0x419bffd83c000008020f3a56f5aaffd9L
  1; 16; 90;0xf5aaffd93c000008020f3a96b1bdffdaL
  1; 16; 91;0xbcbcbcbc3c000008020f2b1729daffecL
  1; 16; 92;0x29daffec3c000008020f2b56b5afffedL
  1; 16; 93;0xb5afffed3c000008020f2b96d5d9ffeeL
  1; 16; 94;0xd5d9ffee3c000008020f2bd65590ffefL
  1; 16; 95;0x5590ffef3c000008020f001651b1ffe0L
  1; 16; 96;0x51b1ffe03c000008020f0056d1d3ffe1L
  1; 16; 97;0xd1d3ffe13c000008020f009759c1ffe2L
  1; 16; 98;0x59c1ffe23c000008020f00d741eaffe3L
  1; 16; 99;0x41eaffe33c000008020f01175de7ffe4L
  1; 16;100;0x5de7ffe43c000008020f015745e5ffe5L
  1; 16;101;0x45e5ffe53c000008020f01976dd6ffe6L
  1; 16;102;0x6dd6ffe63c000008020f29d70deaffe7L
  1; 16;103;0xdeaffe73c000008020f2a16459affe8L
  1; 16;104;0x459affe83c000008020f2a56e1a2ffe9L
  1; 16;105;0xe1a2ffe93c000008020f2a96b1b7ffeaL
  1; 16;106;0xbcbcbcbc3c000008020f331729d7fffcL
  1; 16;107;0x29d7fffc3c000008020f3356a5aafffdL
  1; 16;108;0xa5aafffd3c000008020f3396b9d8fffeL
  1; 16;109;0xb9d8fffe3c000008020f33d64d92ffffL
  1; 16;110;0x4d92ffff3c000008020f301665b1fff0L
  1; 16;111;0x65b1fff03c000008020f3056e1cdfff1L
  1; 16;112;0xe1cdfff13c000008020f30974dc4fff2L
  1; 16;113;0x4dc4fff23c000008020f30d731ebfff3L
  1; 16;114;0x31ebfff33c000008020f311745e5fff4L
  1; 16;115;0x45e5fff43c000008020f315745e5ffb5L
  1; 16;116;0x45e5ffb53c000008020f319769d2fff6L
  1; 16;117;0x69d2fff63c000008020f31d711e9fff7L
  1; 16;118;0x11e9fff73c000008020f32162d9afff8L
  1; 16;119;0x2d9afff83c000008020f3256e9a5fff9L
  1; 16;120;0xe9a5fff93c000008020f3296a5bafffaL
  1; 16;121;0xbcbcbcbc3c000008020f3b1735dbffccL
  1; 16;122;0x35dbffcc3c000008020f3b56adaeffcdL
  1; 16;123;0xadaeffcd3c000008020f3b96d1d6ffceL
  1; 16;124;0xd1d6ffce3c000008020f3bd6598fffcfL
  1; 16;125;0x598fffcf3c000008020f381661b1ffc0L
  1; 16;126;0x61b1ffc03c000008020f3856e5ceffc1L
  1; 16;127;0xe5ceffc13c000008020f38974dbeffc2L
  1; 16;128;0x4dbeffc23c000008020f38d73debffc3L
  1; 16;129;0x3debffc33c000008020f39174de7ffc4L
  1; 16;130;0x4de7ffc43c000008020f395745e6ff85L
  1; 16;131;0x45e6ff853c000008020f399761d7ffc6L
  1; 16;132;0x61d7ffc63c000008020f39d6fde8ffc7L
  1; 16;133;0xfde8ffc73c000008020f3a16499affc8L
  1; 16;134;0x499affc83c000008020f3a56f5a0ffc9L
  1; 16;135;0xf5a0ffc93c000008020f3a96a9b9ffcaL
  1; 16;136;0xbcbcbcbc3c000008020f2b173ddaffdcL
  1; 16;137;0x3ddaffdc3c000008020f2b56c5b0ffddL
  1; 16;138;0xc5b0ffdd3c000008020f2b96d5dbffdeL
  1; 16;139;0xd5dbffde3c000008020f2bd65197ffdfL
  1; 16;140;0x5197ffdf3c000008020f001681b5ffd0L
  1; 16;141;0x81b5ffd03c000008020f0056d9d1ffd1L
  1; 16;142;0xd9d1ffd13c000008020f009771c5ffd2L
  1; 16;143;0x71c5ffd23c000008020f00d739ecffd3L
  1; 16;144;0x39ecffd33c000008020f011755e7ffd4L
  1; 16;145;0x55e7ffd43c000008020f015749e5ffd5L
  1; 16;146;0x49e5ffd53c000008020f01975dd8ffd6L
  1; 16;147;0x5dd8ffd63c000008020f29d711e7ffd7L
  1; 16;148;0x11e7ffd73c000008020f2a16459cffd8L
  1; 16;149;0x459cffd83c000008020f2a56f5a9ffd9L
  1; 16;150;0xf5a9ffd93c000008020f2a96adbcffdaL
  1; 16;151;0xbcbcbcbc3c000008020f331731d9ffecL
  1; 16;152;0x31d9ffec3c000008020f3356b5b0ffedL
  1; 16;153;0xb5b0ffed3c000008020f3396d1d9ffeeL
  1; 16;154;0xd1d9ffee3c000008020f33d65191ffefL
  1; 16;155;0x5191ffef3c000008020f301649b4ffe0L
  1; 16;156;0x49b4ffe03c000008020f3056d5d3ffe1L
  1; 16;157;0xd5d3ffe13c000008020f309755beffe2L
  1; 16;158;0x55beffe23c000008020f30d739ebffe3L
  1; 16;159;0x39ebffe33c000008020f311759e6ffe4L
  1; 16;160;0x59e6ffe43c000008020f315745e4ffa5L
  1; 16;161;0x45e4ffa53c000008020f31976dd7ffe6L
  1; 16;162;0x6dd7ffe63c000008020f31d715e8ffe7L
  1; 16;163;0x15e8ffe73c000008020f32164199ffe8L
  1; 16;164;0x4199ffe83c000008020f3256e1a2ffe9L
  1; 16;165;0xe1a2ffe93c000008020f3296adb8ffeaL
  1; 16;166;0xbcbcbcbc3c000008020f3b1731d8fffcL
  1; 16;167;0x31d8fffc3c000008020f3b56adadfffdL
  1; 16;168;0xadadfffd3c000008020f3b96bddafffeL
  1; 16;169;0xbddafffe3c000008020f3bd65995ffffL
  1; 16;170;0x5995ffff3c000008020f381665b4fff0L
  1; 16;171;0x65b4fff03c000008020f3856e9cefff1L
  1; 16;172;0xe9cefff13c000008020f389751c2fff2L
  1; 16;173;0x51c2fff23c000008020f38d739ecfff3L
  1; 16;174;0x39ecfff33c000008020f391751e5fff4L
  1; 16;175;0x51e5fff43c000008020f395749e5ffb5L
  1; 16;176;0x49e5ffb53c000008020f399761d3fff6L
  1; 16;177;0x61d3fff63c000008020f39d711eafff7L
  1; 16;178;0x11eafff73c000008020f3a16359afff8L
  1; 16;179;0x359afff83c000008020f3a56eda7fff9L
  1; 16;180;0xeda7fff93c000008020f3a96a5bcfffaL
  1; 16;181;0xbcbcbcbc3c000008020f2b173ddcffccL
  1; 16;182;0x3ddcffcc3c000008020f2b56b1afffcdL
  1; 16;183;0xb1afffcd3c000008020f2b96d9d8ffceL
  1; 16;184;0xd9d8ffce3c000008020f2bd64d90ffcfL
  1; 16;185;0x4d90ffcf3c000008020f001669b3ffc0L
  1; 16;186;0x69b3ffc03c000008020f0056edd0ffc1L
  1; 16;187;0xedd0ffc13c000008020f009759bdffc2L
  1; 16;188;0x59bdffc23c000008020f00d741ebffc3L
  1; 16;189;0x41ebffc33c000008020f011751e7ffc4L
  1; 16;190;0x51e7ffc43c000008020f01574de7ff85L
  1; 16;191;0x4de7ff853c000008020f019765d8ffc6L
  1; 16;192;0x65d8ffc63c000008020f29d709eaffc7L
  1; 16;193;0x9eaffc73c000008020f2a164998ffc8L
  1; 16;194;0x4998ffc83c000008020f2a56f1a1ffc9L
  1; 16;195;0xf1a1ffc93c000008020f2a96a9baffcaL
  1; 16;196;0xbcbcbcbc3c000008020f33172dd8ffdcL
  1; 16;197;0x2dd8ffdc3c000008020f3356b5acffddL
  1; 16;198;0xb5acffdd3c000008020f3396c9daffdeL
  1; 16;199;0xc9daffde3c000008020f33d64993ffdfL
  1; 16;200;0x4993ffdf3c000008020f301671b1ffd0L
  1; 16;201;0x71b1ffd03c000008020f3056cdcfffd1L
  1; 16;202;0xcdcfffd13c000008020f309761c1ffd2L
  1; 16;203;0x61c1ffd23c000008020f30d735ebffd3L
  1; 16;204;0x35ebffd33c000008020f311749e5ffd4L
  1; 16;205;0x49e5ffd43c000008020f31573de1ffd5L
  1; 16;206;0x3de1ffd53c000008020f319755d7ffd6L
  1; 16;207;0x55d7ffd63c000008020f31d709e6ffd7L
  1; 16;208;0x9e6ffd73c000008020f32163597ffd8L
  1; 16;209;0x3597ffd83c000008020f3256e9a6ffd9L
  1; 16;210;0xe9a6ffd93c000008020f3296a9bbffdaL
  1; 16;211;0xbcbcbcbc3c000008020f3b1735d9ffecL
  1; 16;212;0x35d9ffec3c000008020f3b56b1afffedL
  1; 16;213;0xb1afffed3c000008020f3b96d1daffeeL
  1; 16;214;0xd1daffee3c000008020f3bd64d91ffefL
  1; 16;215;0x4d91ffef3c000008020f381655b2ffe0L
  1; 16;216;0x55b2ffe03c000008020f3856d1d4ffe1L
  1; 16;217;0xd1d4ffe13c000008020f389759bfffe2L
  1; 16;218;0x59bfffe23c000008020f38d73debffe3L
  1; 16;219;0x3debffe33c000008020f391759e7ffe4L
  1; 16;220;0x59e7ffe43c000008020f395741e5ffa5L
  1; 16;221;0x41e5ffa53c000008020f39976dd6ffe6L
  1; 16;222;0x6dd6ffe63c000008020f39d711e8ffe7L
  1; 16;223;0x11e8ffe73c000008020f3a163d9bffe8L
  1; 16;224;0x3d9bffe83c000008020f3a56e1a1ffe9L
  1; 16;225;0xe1a1ffe93c000008020f3a96b5baffeaL
  1; 16;226;0xbcbcbcbc3c000008020f2b1731dafffcL
  1; 16;227;0x31dafffc3c000008020f2b56b1adfffdL
  1; 16;228;0xb1adfffd3c000008020f2b96c9dbfffeL
  1; 16;229;0xc9dbfffe3c000008020f2bd65996ffffL
  1; 16;230;0x5996ffff3c000008020f001669b6fff0L
  1; 16;231;0x69b6fff03c000008020f0056edd0fff1L
  1; 16;232;0xedd0fff13c000008020f009755c5fff2L
  1; 16;233;0x55c5fff23c000008020f00d739ecfff3L
  1; 16;234;0x39ecfff33c000008020f011751e6fff4L
  1; 16;235;0x51e6fff43c000008020f015749e6fff5L
  1; 16;236;0x49e6fff53c000008020f019769d4fff6L
  1; 16;237;0x69d4fff63c000008020f29d719eafff7L
  1; 16;238;0x19eafff73c000008020f2a16399afff8L
  1; 16;239;0x399afff83c000008020f2a56f1a8fff9L
  1; 16;240;0xf1a8fff93c000008020f2a96a9bdfffaL
  1; 16;241;0xbcbcbcbc3c000008020f33173ddcffccL
  1; 16;242;0x3ddcffcc3c000008020f3356b5afffcdL
  1; 16;243;0xb5afffcd3c000008020f3396d1d6ffceL
  1; 16;244;0xd1d6ffce3c000008020f33d65d8dffcfL
  1; 16;245;0x5d8dffcf3c000008020f301671b6ffc0L
  1; 16;246;0x71b6ffc03c000008020f3056edd2ffc1L
  1; 16;247;0xedd2ffc13c000008020f309755c0ffc2L
  1; 16;248;0x55c0ffc23c000008020f30d741ebffc3L
  1; 16;249;0x41ebffc33c000008020f311755e9ffc4L
  1; 16;250;0x55e9ffc43c000008020f315755e8ffc5L
  1; 16;251;0x55e8ffc53c000008020f319769daffc6L
  1; 16;252;0x69daffc63c000008020f31d711eaffc7L
  1; 16;253;0x11eaffc73c000008020f32165599ffc8L
  1; 16;254;0x5599ffc83c000008020f325701a3ffc9L
  1; 16;255;0x1a3ffc93c000008020f3296b9bbffcaL
  1; 16;256;0xbcbcbcbc3c000008020f3b1731d8ffdcL
  1; 17;  1;0xbcbcbcbc3c000008020f2b16d5d2ffccL
  1; 17;  2;0xd5d2ffcc3c000008020f2b56add5ffcdL
  1; 17;  3;0xadd5ffcd3c000008020f2b9665abffceL
  1; 17;  4;0x65abffce3c000008020f2bd6ed9fffcfL
  1; 17;  5;0xed9fffcf3c000008020f001765d4ffc0L
  1; 17;  6;0x65d4ffc03c000008020f0056b9c9ffc1L
  1; 17;  7;0xb9c9ffc13c000008020f289779d0ffc2L
  1; 17;  8;0x79d0ffc23c000008020f28d7b1d6ffc3L
  1; 17;  9;0xb1d6ffc33c000008020f291731eaffc4L
  1; 17; 10;0x31eaffc43c000008020f29570defffc5L
  1; 17; 11;0xdefffc53c000008020f29978df8ffc6L
  1; 17; 12;0x8df8ffc63c000008020f29d7a9e9ffc7L
  1; 17; 13;0xa9e9ffc73c000008020f2a178dd4ffc8L
  1; 17; 14;0x8dd4ffc83c000008020f2a5739d6ffc9L
  1; 17; 15;0x39d6ffc93c000008020f2a9729e2ffcaL
  1; 17; 16;0xbcbcbcbc3c000008020f3316c1d2ffdcL
  1; 17; 17;0xc1d2ffdc3c000008020f3356b9d9ffddL
  1; 17; 18;0xb9d9ffdd3c000008020f339661a9ffdeL
  1; 17; 19;0x61a9ffde3c000008020f33d6eda3ffdfL
  1; 17; 20;0xeda3ffdf3c000008020f301765d1ffd0L
  1; 17; 21;0x65d1ffd03c000008020f3056b5c9ffd1L
  1; 17; 22;0xb5c9ffd13c000008020f30976dd0ffd2L
  1; 17; 23;0x6dd0ffd23c000008020f30d7a9d4ffd3L
  1; 17; 24;0xa9d4ffd33c000008020f31172de6ffd4L
  1; 17; 25;0x2de6ffd43c000008020f315701f0ffd5L
  1; 17; 26;0x1f0ffd53c000008020f31977df7ffd6L
  1; 17; 27;0x7df7ffd63c000008020f31d7a9ebffd7L
  1; 17; 28;0xa9ebffd73c000008020f321781d8ffd8L
  1; 17; 29;0x81d8ffd83c000008020f325725d6ffd9L
  1; 17; 30;0x25d6ffd93c000008020f329745e3ffdaL
  1; 17; 31;0xbcbcbcbc3c000008020f3b16d9cdffecL
  1; 17; 32;0xd9cdffec3c000008020f3b56add7ffedL
  1; 17; 33;0xadd7ffed3c000008020f3b9661a7ffeeL
  1; 17; 34;0x61a7ffee3c000008020f3bd6d5a3ffefL
  1; 17; 35;0xd5a3ffef3c000008020f381759d4ffe0L
  1; 17; 36;0x59d4ffe03c000008020f3856c1caffe1L
  1; 17; 37;0xc1caffe13c000008020f389775d3ffe2L
  1; 17; 38;0x75d3ffe23c000008020f38d7b1d5ffe3L
  1; 17; 39;0xb1d5ffe33c000008020f391731e9ffe4L
  1; 17; 40;0x31e9ffe43c000008020f3956e5efffe5L
  1; 17; 41;0xe5efffe53c000008020f399799f7ffe6L
  1; 17; 42;0x99f7ffe63c000008020f39d7a1ebffe7L
  1; 17; 43;0xa1ebffe73c000008020f3a1781d6ffe8L
  1; 17; 44;0x81d6ffe83c000008020f3a5725d5ffe9L
  1; 17; 45;0x25d5ffe93c000008020f3a9731dbffeaL
  1; 17; 46;0xbcbcbcbc3c000008020f2b16d9d0fffcL
  1; 17; 47;0xd9d0fffc3c000008020f2b5699d2fffdL
  1; 17; 48;0x99d2fffd3c000008020f2b9659a2fffeL
  1; 17; 49;0x59a2fffe3c000008020f2bd6d1a1ffffL
  1; 17; 50;0xd1a1ffff3c000008020f00175dd4fff0L
  1; 17; 51;0x5dd4fff03c000008020f0056a9c6fff1L
  1; 17; 52;0xa9c6fff13c000008020f009765cefff2L
  1; 17; 53;0x65cefff23c000008020f00d7add0fff3L
  1; 17; 54;0xadd0fff33c000008020f011731e6fff4L
  1; 17; 55;0x31e6fff43c000008020f015705eefff5L
  1; 17; 56;0x5eefff53c000008020f019785f6fff6L
  1; 17; 57;0x85f6fff63c000008020f29d7a1e8fff7L
  1; 17; 58;0xa1e8fff73c000008020f2a1779cffff8L
  1; 17; 59;0x79cffff83c000008020f2a5729d4fff9L
  1; 17; 60;0x29d4fff93c000008020f2a9729dafffaL
  1; 17; 61;0xbcbcbcbc3c000008020f3316d9d2ffccL
  1; 17; 62;0xd9d2ffcc3c000008020f3356add5ffcdL
  1; 17; 63;0xadd5ffcd3c000008020f339665a9ffceL
  1; 17; 64;0x65a9ffce3c000008020f33d6ed9effcfL
  1; 17; 65;0xed9effcf3c000008020f301761d4ffc0L
  1; 17; 66;0x61d4ffc03c000008020f3056b9c8ffc1L
  1; 17; 67;0xb9c8ffc13c000008020f309771d2ffc2L
  1; 17; 68;0x71d2ffc23c000008020f30d7add5ffc3L
  1; 17; 69;0xadd5ffc33c000008020f31172deaffc4L
  1; 17; 70;0x2deaffc43c000008020f315711efffc5L
  1; 17; 71;0x11efffc53c000008020f319789f8ffc6L
  1; 17; 72;0x89f8ffc63c000008020f31d7ade7ffc7L
  1; 17; 73;0xade7ffc73c000008020f32178dd5ffc8L
  1; 17; 74;0x8dd5ffc83c000008020f32572dd8ffc9L
  1; 17; 75;0x2dd8ffc93c000008020f329725e2ffcaL
  1; 17; 76;0xbcbcbcbc3c000008020f3b16bdd2ffdcL
  1; 17; 77;0xbdd2ffdc3c000008020f3b56b5d9ffddL
  1; 17; 78;0xb5d9ffdd3c000008020f3b9665abffdeL
  1; 17; 79;0x65abffde3c000008020f3bd6f1a4ffdfL
  1; 17; 80;0xf1a4ffdf3c000008020f381765cfffd0L
  1; 17; 81;0x65cfffd03c000008020f3856b5c7ffd1L
  1; 17; 82;0xb5c7ffd13c000008020f389771d1ffd2L
  1; 17; 83;0x71d1ffd23c000008020f38d7a9d4ffd3L
  1; 17; 84;0xa9d4ffd33c000008020f391731e5ffd4L
  1; 17; 85;0x31e5ffd43c000008020f395705efffd5L
  1; 17; 86;0x5efffd53c000008020f39977df7ffd6L
  1; 17; 87;0x7df7ffd63c000008020f39d7a5e9ffd7L
  1; 17; 88;0xa5e9ffd73c000008020f3a1779d7ffd8L
  1; 17; 89;0x79d7ffd83c000008020f3a572dd6ffd9L
  1; 17; 90;0x2dd6ffd93c000008020f3a9741e3ffdaL
  1; 17; 91;0xbcbcbcbc3c000008020f2b16e1cfffecL
  1; 17; 92;0xe1cfffec3c000008020f2b56b9d8ffedL
  1; 17; 93;0xb9d8ffed3c000008020f2b9669a9ffeeL
  1; 17; 94;0x69a9ffee3c000008020f2bd6e1a5ffefL
  1; 17; 95;0xe1a5ffef3c000008020f001761d5ffe0L
  1; 17; 96;0x61d5ffe03c000008020f0056b9cdffe1L
  1; 17; 97;0xb9cdffe13c000008020f00977dd4ffe2L
  1; 17; 98;0x7dd4ffe23c000008020f00d7add5ffe3L
  1; 17; 99;0xadd5ffe33c000008020f011731e9ffe4L
  1; 17;100;0x31e9ffe43c000008020f0156edefffe5L
  1; 17;101;0xedefffe53c000008020f01979df8ffe6L
  1; 17;102;0x9df8ffe63c000008020f29d7a5ebffe7L
  1; 17;103;0xa5ebffe73c000008020f2a177dd8ffe8L
  1; 17;104;0x7dd8ffe83c000008020f2a5729d6ffe9L
  1; 17;105;0x29d6ffe93c000008020f2a9735dbffeaL
  1; 17;106;0xbcbcbcbc3c000008020f3316d5d0fffcL
  1; 17;107;0xd5d0fffc3c000008020f335695d3fffdL
  1; 17;108;0x95d3fffd3c000008020f339659a2fffeL
  1; 17;109;0x59a2fffe3c000008020f33d6d5a1ffffL
  1; 17;110;0xd5a1ffff3c000008020f301761d2fff0L
  1; 17;111;0x61d2fff03c000008020f3056a9c6fff1L
  1; 17;112;0xa9c6fff13c000008020f309761cdfff2L
  1; 17;113;0x61cdfff23c000008020f30d7a9d0fff3L
  1; 17;114;0xa9d0fff33c000008020f311731e6fff4L
  1; 17;115;0x31e6fff43c000008020f3156fdeefff5L
  1; 17;116;0xfdeefff53c000008020f319785f6fff6L
  1; 17;117;0x85f6fff63c000008020f31d79de7fff7L
  1; 17;118;0x9de7fff73c000008020f321775cffff8L
  1; 17;119;0x75cffff83c000008020f325729d4fff9L
  1; 17;120;0x29d4fff93c000008020f32972ddbfffaL
  1; 17;121;0xbcbcbcbc3c000008020f3b16c9ceffccL
  1; 17;122;0xc9ceffcc3c000008020f3b56a5d4ffcdL
  1; 17;123;0xa5d4ffcd3c000008020f3b9661a8ffceL
  1; 17;124;0x61a8ffce3c000008020f3bd6e19dffcfL
  1; 17;125;0xe19dffcf3c000008020f381759d2ffc0L
  1; 17;126;0x59d2ffc03c000008020f3856adc8ffc1L
  1; 17;127;0xadc8ffc13c000008020f38976dceffc2L
  1; 17;128;0x6dceffc23c000008020f38d7a9d3ffc3L
  1; 17;129;0xa9d3ffc33c000008020f391725e9ffc4L
  1; 17;130;0x25e9ffc43c000008020f395705eeffc5L
  1; 17;131;0x5eeffc53c000008020f399779f8ffc6L
  1; 17;132;0x79f8ffc63c000008020f39d7a5e6ffc7L
  1; 17;133;0xa5e6ffc73c000008020f3a1785d3ffc8L
  1; 17;134;0x85d3ffc83c000008020f3a5729d7ffc9L
  1; 17;135;0x29d7ffc93c000008020f3a971de0ffcaL
  1; 17;136;0xbcbcbcbc3c000008020f2b16b9d1ffdcL
  1; 17;137;0xb9d1ffdc3c000008020f2b56b5d9ffddL
  1; 17;138;0xb5d9ffdd3c000008020f2b9665aaffdeL
  1; 17;139;0x65aaffde3c000008020f2bd6f1a5ffdfL
  1; 17;140;0xf1a5ffdf3c000008020f00176dd1ffd0L
  1; 17;141;0x6dd1ffd03c000008020f0056b1c9ffd1L
  1; 17;142;0xb1c9ffd13c000008020f00976dd0ffd2L
  1; 17;143;0x6dd0ffd23c000008020f00d7a9d4ffd3L
  1; 17;144;0xa9d4ffd33c000008020f011731e6ffd4L
  1; 17;145;0x31e6ffd43c000008020f0156fdefffd5L
  1; 17;146;0xfdefffd53c000008020f019781f6ffd6L
  1; 17;147;0x81f6ffd63c000008020f29d7a9ebffd7L
  1; 17;148;0xa9ebffd73c000008020f2a1779d8ffd8L
  1; 17;149;0x79d8ffd83c000008020f2a5735d6ffd9L
  1; 17;150;0x35d6ffd93c000008020f2a9745e3ffdaL
  1; 17;151;0xbcbcbcbc3c000008020f3316e5d0ffecL
  1; 17;152;0xe5d0ffec3c000008020f3356c1d7ffedL
  1; 17;153;0xc1d7ffed3c000008020f33966daaffeeL
  1; 17;154;0x6daaffee3c000008020f33d6dda7ffefL
  1; 17;155;0xdda7ffef3c000008020f30175dd6ffe0L
  1; 17;156;0x5dd6ffe03c000008020f3056cdccffe1L
  1; 17;157;0xcdccffe13c000008020f309781d5ffe2L
  1; 17;158;0x81d5ffe23c000008020f30d7b1d7ffe3L
  1; 17;159;0xb1d7ffe33c000008020f311735e9ffe4L
  1; 17;160;0x35e9ffe43c000008020f3156edf0ffe5L
  1; 17;161;0xedf0ffe53c000008020f3197a1f8ffe6L
  1; 17;162;0xa1f8ffe63c000008020f31d7a5ebffe7L
  1; 17;163;0xa5ebffe73c000008020f321781d8ffe8L
  1; 17;164;0x81d8ffe83c000008020f32572dd6ffe9L
  1; 17;165;0x2dd6ffe93c000008020f32972dddffeaL
  1; 17;166;0xbcbcbcbc3c000008020f3b16d5d0fffcL
  1; 17;167;0xd5d0fffc3c000008020f3b5695d3fffdL
  1; 17;168;0x95d3fffd3c000008020f3b9661a2fffeL
  1; 17;169;0x61a2fffe3c000008020f3bd6d1a0ffffL
  1; 17;170;0xd1a0ffff3c000008020f38175dd3fff0L
  1; 17;171;0x5dd3fff03c000008020f3856b1c7fff1L
  1; 17;172;0xb1c7fff13c000008020f389765cdfff2L
  1; 17;173;0x65cdfff23c000008020f38d7add1fff3L
  1; 17;174;0xadd1fff33c000008020f391731e6fff4L
  1; 17;175;0x31e6fff43c000008020f395709effff5L
  1; 17;176;0x9effff53c000008020f399785f6fff6L
  1; 17;177;0x85f6fff63c000008020f39d7a1e7fff7L
  1; 17;178;0xa1e7fff73c000008020f3a176dd0fff8L
  1; 17;179;0x6dd0fff83c000008020f3a5725d3fff9L
  1; 17;180;0x25d3fff93c000008020f3a9729dafffaL
  1; 17;181;0xbcbcbcbc3c000008020f2b16c9d0ffccL
  1; 17;182;0xc9d0ffcc3c000008020f2b56a1d4ffcdL
  1; 17;183;0xa1d4ffcd3c000008020f2b9665a9ffceL
  1; 17;184;0x65a9ffce3c000008020f2bd6dd9dffcfL
  1; 17;185;0xdd9dffcf3c000008020f00175dd3ffc0L
  1; 17;186;0x5dd3ffc03c000008020f0056b1c8ffc1L
  1; 17;187;0xb1c8ffc13c000008020f00976dcfffc2L
  1; 17;188;0x6dcfffc23c000008020f00d7add4ffc3L
  1; 17;189;0xadd4ffc33c000008020f011729e9ffc4L
  1; 17;190;0x29e9ffc43c000008020f015701eeffc5L
  1; 17;191;0x1eeffc53c000008020f019779f6ffc6L
  1; 17;192;0x79f6ffc63c000008020f29d7a5e8ffc7L
  1; 17;193;0xa5e8ffc73c000008020f2a1781d3ffc8L
  1; 17;194;0x81d3ffc83c000008020f2a5729d6ffc9L
  1; 17;195;0x29d6ffc93c000008020f2a971de0ffcaL
  1; 17;196;0xbcbcbcbc3c000008020f3316b9d1ffdcL
  1; 17;197;0xb9d1ffdc3c000008020f3356b1d9ffddL
  1; 17;198;0xb1d9ffdd3c000008020f339655a6ffdeL
  1; 17;199;0x55a6ffde3c000008020f33d6eda0ffdfL
  1; 17;200;0xeda0ffdf3c000008020f301761d0ffd0L
  1; 17;201;0x61d0ffd03c000008020f3056b1c8ffd1L
  1; 17;202;0xb1c8ffd13c000008020f309765d0ffd2L
  1; 17;203;0x65d0ffd23c000008020f30d7a5d2ffd3L
  1; 17;204;0xa5d2ffd33c000008020f31172de5ffd4L
  1; 17;205;0x2de5ffd43c000008020f3156f9efffd5L
  1; 17;206;0xf9efffd53c000008020f319775f6ffd6L
  1; 17;207;0x75f6ffd63c000008020f31d7a5eaffd7L
  1; 17;208;0xa5eaffd73c000008020f321779d7ffd8L
  1; 17;209;0x79d7ffd83c000008020f325725d4ffd9L
  1; 17;210;0x25d4ffd93c000008020f329741e1ffdaL
  1; 17;211;0xbcbcbcbc3c000008020f3b16ddcfffecL
  1; 17;212;0xddcfffec3c000008020f3b56b1d6ffedL
  1; 17;213;0xb1d6ffed3c000008020f3b9665a7ffeeL
  1; 17;214;0x65a7ffee3c000008020f3bd6d9a1ffefL
  1; 17;215;0xd9a1ffef3c000008020f381759d6ffe0L
  1; 17;216;0x59d6ffe03c000008020f3856c1cbffe1L
  1; 17;217;0xc1cbffe13c000008020f389779d5ffe2L
  1; 17;218;0x79d5ffe23c000008020f38d7b1d5ffe3L
  1; 17;219;0xb1d5ffe33c000008020f39172de8ffe4L
  1; 17;220;0x2de8ffe43c000008020f3956f1efffe5L
  1; 17;221;0xf1efffe53c000008020f39979df7ffe6L
  1; 17;222;0x9df7ffe63c000008020f39d7a5e9ffe7L
  1; 17;223;0xa5e9ffe73c000008020f3a177dd6ffe8L
  1; 17;224;0x7dd6ffe83c000008020f3a5729d5ffe9L
  1; 17;225;0x29d5ffe93c000008020f3a9729dbffeaL
  1; 17;226;0xbcbcbcbc3c000008020f2b16ddd1fffcL
  1; 17;227;0xddd1fffc3c000008020f2b5699d3fffdL
  1; 17;228;0x99d3fffd3c000008020f2b965da4fffeL
  1; 17;229;0x5da4fffe3c000008020f2bd6d5a3ffffL
  1; 17;230;0xd5a3ffff3c000008020f001761d4fff0L
  1; 17;231;0x61d4fff03c000008020f0056adc8fff1L
  1; 17;232;0xadc8fff13c000008020f009765cffff2L
  1; 17;233;0x65cffff23c000008020f00d7b1d1fff3L
  1; 17;234;0xb1d1fff33c000008020f011735e8fff4L
  1; 17;235;0x35e8fff43c000008020f01570deffff5L
  1; 17;236;0xdeffff53c000008020f019781f7fff6L
  1; 17;237;0x81f7fff63c000008020f29d7a9e9fff7L
  1; 17;238;0xa9e9fff73c000008020f2a1775d1fff8L
  1; 17;239;0x75d1fff83c000008020f2a5729d5fff9L
  1; 17;240;0x29d5fff93c000008020f2a972ddafffaL
  1; 17;241;0xbcbcbcbc3c000008020f3316d1cfffccL
  1; 17;242;0xd1cfffcc3c000008020f3356a1d5ffcdL
  1; 17;243;0xa1d5ffcd3c000008020f339661a9ffceL
  1; 17;244;0x61a9ffce3c000008020f33d6eda0ffcfL
  1; 17;245;0xeda0ffcf3c000008020f301761d3ffc0L
  1; 17;246;0x61d3ffc03c000008020f3056b9c7ffc1L
  1; 17;247;0xb9c7ffc13c000008020f309771d0ffc2L
  1; 17;248;0x71d0ffc23c000008020f30d7add4ffc3L
  1; 17;249;0xadd4ffc33c000008020f311731e9ffc4L
  1; 17;250;0x31e9ffc43c000008020f315701efffc5L
  1; 17;251;0x1efffc53c000008020f319781f8ffc6L
  1; 17;252;0x81f8ffc63c000008020f31d7a9e7ffc7L
  1; 17;253;0xa9e7ffc73c000008020f321789d4ffc8L
  1; 17;254;0x89d4ffc83c000008020f325731d5ffc9L
  1; 17;255;0x31d5ffc93c000008020f329725dfffcaL
  1; 17;256;0xbcbcbcbc3c000008020f3b16b5d0ffdcL
  1; 18;  1;0xbcbcbcbc3c000008020f2b17c5edffccL
  1; 18;  2;0xc5edffcc3c000008020f2b57ddfbffcdL
  1; 18;  3;0xddfbffcd3c000008020f2b97fdffff8eL
  1; 18;  4;0xfdffff8e3c000008020f2bd7adf9ffcfL
  1; 18;  5;0xadf9ffcf3c000008020f0017e9fbffc0L
  1; 18;  6;0xe9fbffc03c000008020f005779eeffc1L
  1; 18;  7;0x79eeffc13c000008020f2897d1f6ffc2L
  1; 18;  8;0xd1f6ffc23c000008020f28d7f5ffffc3L
  1; 18;  9;0xf5ffffc33c000008020f2917fdffffc4L
  1; 18; 10;0xfdffffc43c000008020f2957c1f0ffc5L
  1; 18; 11;0xc1f0ffc53c000008020f2997f1faffc6L
  1; 18; 12;0xf1faffc63c000008020f29d7d5f6ff87L
  1; 18; 13;0xd5f6ff873c000008020f2a17c1f2ffc8L
  1; 18; 14;0xc1f2ffc83c000008020f2a56f9edffc9L
  1; 18; 15;0xf9edffc93c000008020f2a97e9eeffcaL
  1; 18; 16;0xbcbcbcbc3c000008020f3317c5eeffdcL
  1; 18; 17;0xc5eeffdc3c000008020f3357d9faffddL
  1; 18; 18;0xd9faffdd3c000008020f3397fdffff9eL
  1; 18; 19;0xfdffff9e3c000008020f33d7a9f9ffdfL
  1; 18; 20;0xa9f9ffdf3c000008020f3017e9fbffd0L
  1; 18; 21;0xe9fbffd03c000008020f30575defffd1L
  1; 18; 22;0x5defffd13c000008020f3097d1f5ffd2L
  1; 18; 23;0xd1f5ffd23c000008020f30d7f5ffffd3L
  1; 18; 24;0xf5ffffd33c000008020f3117fdffffd4L
  1; 18; 25;0xfdffffd43c000008020f3157c1efffd5L
  1; 18; 26;0xc1efffd53c000008020f3197edfaffd6L
  1; 18; 27;0xedfaffd63c000008020f31d7d9f6ff97L
  1; 18; 28;0xd9f6ff973c000008020f3217c1f3ffd8L
  1; 18; 29;0xc1f3ffd83c000008020f3256edebffd9L
  1; 18; 30;0xedebffd93c000008020f3297e9e9ffdaL
  1; 18; 31;0xbcbcbcbc3c000008020f3b17c1ecffecL
  1; 18; 32;0xc1ecffec3c000008020f3b57d1faffedL
  1; 18; 33;0xd1faffed3c000008020f3b97fdfeffaeL
  1; 18; 34;0xfdfeffae3c000008020f3bd79df9ffefL
  1; 18; 35;0x9df9ffef3c000008020f3817edfaffe0L
  1; 18; 36;0xedfaffe03c000008020f385775edffe1L
  1; 18; 37;0x75edffe13c000008020f3897c1f4ffe2L
  1; 18; 38;0xc1f4ffe23c000008020f38d7f9ffffe3L
  1; 18; 39;0xf9ffffe33c000008020f3917fdffffe4L
  1; 18; 40;0xfdffffe43c000008020f3957bdf0ffe5L
  1; 18; 41;0xbdf0ffe53c000008020f3997edf9ffe6L
  1; 18; 42;0xedf9ffe63c000008020f39d7d5f5ffa7L
  1; 18; 43;0xd5f5ffa73c000008020f3a17b5f0ffe8L
  1; 18; 44;0xb5f0ffe83c000008020f3a56d5ebffe9L
  1; 18; 45;0xd5ebffe93c000008020f3a97e9ebffeaL
  1; 18; 46;0xbcbcbcbc3c000008020f2b17c5ecfffcL
  1; 18; 47;0xc5ecfffc3c000008020f2b57d5fafffdL
  1; 18; 48;0xd5fafffd3c000008020f2b97fdfeffbeL
  1; 18; 49;0xfdfeffbe3c000008020f2bd7a9f8ffffL
  1; 18; 50;0xa9f8ffff3c000008020f0017e9fafff0L
  1; 18; 51;0xe9fafff03c000008020f00575deefff1L
  1; 18; 52;0x5deefff13c000008020f0097c9f4fff2L
  1; 18; 53;0xc9f4fff23c000008020f00d7f5fffff3L
  1; 18; 54;0xf5fffff33c000008020f0117fdfffff4L
  1; 18; 55;0xfdfffff43c000008020f0157c1f0fff5L
  1; 18; 56;0xc1f0fff53c000008020f0197edf9fff6L
  1; 18; 57;0xedf9fff63c000008020f29d7d5f5ffb7L
  1; 18; 58;0xd5f5ffb73c000008020f2a17c5f1fff8L
  1; 18; 59;0xc5f1fff83c000008020f2a56e9ebfff9L
  1; 18; 60;0xe9ebfff93c000008020f2a97e5e9fffaL
  1; 18; 61;0xbcbcbcbc3c000008020f3317c5eeffccL
  1; 18; 62;0xc5eeffcc3c000008020f3357ddfaffcdL
  1; 18; 63;0xddfaffcd3c000008020f3397fdffff8eL
  1; 18; 64;0xfdffff8e3c000008020f33d7adf9ffcfL
  1; 18; 65;0xadf9ffcf3c000008020f3017e9faffc0L
  1; 18; 66;0xe9faffc03c000008020f305779eeffc1L
  1; 18; 67;0x79eeffc13c000008020f3097d1f6ffc2L
  1; 18; 68;0xd1f6ffc23c000008020f30d7f5ffffc3L
  1; 18; 69;0xf5ffffc33c000008020f3117fdffffc4L
  1; 18; 70;0xfdffffc43c000008020f3157c1efffc5L
  1; 18; 71;0xc1efffc53c000008020f3197f1f9ffc6L
  1; 18; 72;0xf1f9ffc63c000008020f31d7d5f5ff87L
  1; 18; 73;0xd5f5ff873c000008020f3217bdf2ffc8L
  1; 18; 74;0xbdf2ffc83c000008020f3256f5ebffc9L
  1; 18; 75;0xf5ebffc93c000008020f3297edeeffcaL
  1; 18; 76;0xbcbcbcbc3c000008020f3b17c5edffdcL
  1; 18; 77;0xc5edffdc3c000008020f3b57d9fbffddL
  1; 18; 78;0xd9fbffdd3c000008020f3b97fdffff9eL
  1; 18; 79;0xfdffff9e3c000008020f3bd7a9f8ffdfL
  1; 18; 80;0xa9f8ffdf3c000008020f3817e9faffd0L
  1; 18; 81;0xe9faffd03c000008020f385765efffd1L
  1; 18; 82;0x65efffd13c000008020f3897d1f5ffd2L
  1; 18; 83;0xd1f5ffd23c000008020f38d7f5ffffd3L
  1; 18; 84;0xf5ffffd33c000008020f3917fdffffd4L
  1; 18; 85;0xfdffffd43c000008020f3957c1f0ffd5L
  1; 18; 86;0xc1f0ffd53c000008020f3997f1faffd6L
  1; 18; 87;0xf1faffd63c000008020f39d7d5f5ff97L
  1; 18; 88;0xd5f5ff973c000008020f3a17bdf3ffd8L
  1; 18; 89;0xbdf3ffd83c000008020f3a56edecffd9L
  1; 18; 90;0xedecffd93c000008020f3a97e9e9ffdaL
  1; 18; 91;0xbcbcbcbc3c000008020f2b17c5edffecL
  1; 18; 92;0xc5edffec3c000008020f2b57d5fbffedL
  1; 18; 93;0xd5fbffed3c000008020f2b97fdffffaeL
  1; 18; 94;0xfdffffae3c000008020f2bd7a1f8ffefL
  1; 18; 95;0xa1f8ffef3c000008020f0017e9faffe0L
  1; 18; 96;0xe9faffe03c000008020f005775eeffe1L
  1; 18; 97;0x75eeffe13c000008020f0097c1f4ffe2L
  1; 18; 98;0xc1f4ffe23c000008020f00d7f5ffffe3L
  1; 18; 99;0xf5ffffe33c000008020f0117fdffffe4L
  1; 18;100;0xfdffffe43c000008020f0157bdf0ffe5L
  1; 18;101;0xbdf0ffe53c000008020f0197edf9ffe6L
  1; 18;102;0xedf9ffe63c000008020f29d7d5f5ffa7L
  1; 18;103;0xd5f5ffa73c000008020f2a17b9f1ffe8L
  1; 18;104;0xb9f1ffe83c000008020f2a56d5ebffe9L
  1; 18;105;0xd5ebffe93c000008020f2a97e9edffeaL
  1; 18;106;0xbcbcbcbc3c000008020f3317c5ecfffcL
  1; 18;107;0xc5ecfffc3c000008020f3357d5fbfffdL
  1; 18;108;0xd5fbfffd3c000008020f3397fdfeffbeL
  1; 18;109;0xfdfeffbe3c000008020f33d7a5f9ffffL
  1; 18;110;0xa5f9ffff3c000008020f3017e9fafff0L
  1; 18;111;0xe9fafff03c000008020f305765eefff1L
  1; 18;112;0x65eefff13c000008020f3097c9f4fff2L
  1; 18;113;0xc9f4fff23c000008020f30d7f5fffff3L
  1; 18;114;0xf5fffff33c000008020f3117fdfffff4L
  1; 18;115;0xfdfffff43c000008020f3157bdeffff5L
  1; 18;116;0xbdeffff53c000008020f3197edf9fff6L
  1; 18;117;0xedf9fff63c000008020f31d7d5f5ffb7L
  1; 18;118;0xd5f5ffb73c000008020f3217bdf2fff8L
  1; 18;119;0xbdf2fff83c000008020f3256edebfff9L
  1; 18;120;0xedebfff93c000008020f3297e5eafffaL
  1; 18;121;0xbcbcbcbc3c000008020f3b17c5ecffccL
  1; 18;122;0xc5ecffcc3c000008020f3b57ddfaffcdL
  1; 18;123;0xddfaffcd3c000008020f3b97fdffff8eL
  1; 18;124;0xfdffff8e3c000008020f3bd7adf9ffcfL
  1; 18;125;0xadf9ffcf3c000008020f3817e9fbffc0L
  1; 18;126;0xe9fbffc03c000008020f385775eeffc1L
  1; 18;127;0x75eeffc13c000008020f3897cdf6ffc2L
  1; 18;128;0xcdf6ffc23c000008020f38d7f5ffffc3L
  1; 18;129;0xf5ffffc33c000008020f3917fdffffc4L
  1; 18;130;0xfdffffc43c000008020f3957c1efffc5L
  1; 18;131;0xc1efffc53c000008020f3997f1f9ffc6L
  1; 18;132;0xf1f9ffc63c000008020f39d7d5f5ff87L
  1; 18;133;0xd5f5ff873c000008020f3a17b9f2ffc8L
  1; 18;134;0xb9f2ffc83c000008020f3a56edecffc9L
  1; 18;135;0xedecffc93c000008020f3a97e9edffcaL
  1; 18;136;0xbcbcbcbc3c000008020f2b17c5edffdcL
  1; 18;137;0xc5edffdc3c000008020f2b57d9fbffddL
  1; 18;138;0xd9fbffdd3c000008020f2b97fdffff9eL
  1; 18;139;0xfdffff9e3c000008020f2bd7adf9ffdfL
  1; 18;140;0xadf9ffdf3c000008020f0017e9faffd0L
  1; 18;141;0xe9faffd03c000008020f005769efffd1L
  1; 18;142;0x69efffd13c000008020f0097cdf5ffd2L
  1; 18;143;0xcdf5ffd23c000008020f00d7f5ffffd3L
  1; 18;144;0xf5ffffd33c000008020f0117fdffffd4L
  1; 18;145;0xfdffffd43c000008020f0157c1efffd5L
  1; 18;146;0xc1efffd53c000008020f0197edfaffd6L
  1; 18;147;0xedfaffd63c000008020f29d7d5f6ff97L
  1; 18;148;0xd5f6ff973c000008020f2a17bdf4ffd8L
  1; 18;149;0xbdf4ffd83c000008020f2a56f5edffd9L
  1; 18;150;0xf5edffd93c000008020f2a97e9eaffdaL
  1; 18;151;0xbcbcbcbc3c000008020f3317c5edffecL
  1; 18;152;0xc5edffec3c000008020f3357d5faffedL
  1; 18;153;0xd5faffed3c000008020f3397fdffffaeL
  1; 18;154;0xfdffffae3c000008020f33d7a5f8ffefL
  1; 18;155;0xa5f8ffef3c000008020f3017edfaffe0L
  1; 18;156;0xedfaffe03c000008020f305775eeffe1L
  1; 18;157;0x75eeffe13c000008020f3097c5f5ffe2L
  1; 18;158;0xc5f5ffe23c000008020f30d7f5ffffe3L
  1; 18;159;0xf5ffffe33c000008020f3117fdffffe4L
  1; 18;160;0xfdffffe43c000008020f3157c1f0ffe5L
  1; 18;161;0xc1f0ffe53c000008020f3197edf9ffe6L
  1; 18;162;0xedf9ffe63c000008020f31d7d5f5ffa7L
  1; 18;163;0xd5f5ffa73c000008020f3217bdf1ffe8L
  1; 18;164;0xbdf1ffe83c000008020f3256d9ecffe9L
  1; 18;165;0xd9ecffe93c000008020f3297e9edffeaL
  1; 18;166;0xbcbcbcbc3c000008020f3b17c5ecfffcL
  1; 18;167;0xc5ecfffc3c000008020f3b57d5fafffdL
  1; 18;168;0xd5fafffd3c000008020f3b97fdffffbeL
  1; 18;169;0xfdffffbe3c000008020f3bd7adf8ffffL
  1; 18;170;0xadf8ffff3c000008020f3817e9fafff0L
  1; 18;171;0xe9fafff03c000008020f385765eefff1L
  1; 18;172;0x65eefff13c000008020f3897c9f5fff2L
  1; 18;173;0xc9f5fff23c000008020f38d7f9fffff3L
  1; 18;174;0xf9fffff33c000008020f3917fdfffff4L
  1; 18;175;0xfdfffff43c000008020f3957c1effff5L
  1; 18;176;0xc1effff53c000008020f3997edf9fff6L
  1; 18;177;0xedf9fff63c000008020f39d7d5f5ffb7L
  1; 18;178;0xd5f5ffb73c000008020f3a17c5f1fff8L
  1; 18;179;0xc5f1fff83c000008020f3a56e9ecfff9L
  1; 18;180;0xe9ecfff93c000008020f3a97e9e9fffaL
  1; 18;181;0xbcbcbcbc3c000008020f2b17c5ecffccL
  1; 18;182;0xc5ecffcc3c000008020f2b57d9faffcdL
  1; 18;183;0xd9faffcd3c000008020f2b97fdffff8eL
  1; 18;184;0xfdffff8e3c000008020f2bd7a9f9ffcfL
  1; 18;185;0xa9f9ffcf3c000008020f0017e9faffc0L
  1; 18;186;0xe9faffc03c000008020f005775eeffc1L
  1; 18;187;0x75eeffc13c000008020f0097cdf5ffc2L
  1; 18;188;0xcdf5ffc23c000008020f00d7f5ffffc3L
  1; 18;189;0xf5ffffc33c000008020f0117fdffffc4L
  1; 18;190;0xfdffffc43c000008020f0157c1efffc5L
  1; 18;191;0xc1efffc53c000008020f0197f1f9ffc6L
  1; 18;192;0xf1f9ffc63c000008020f29d7d5f5ff87L
  1; 18;193;0xd5f5ff873c000008020f2a17b9f2ffc8L
  1; 18;194;0xb9f2ffc83c000008020f2a56f1ecffc9L
  1; 18;195;0xf1ecffc93c000008020f2a97e9ecffcaL
  1; 18;196;0xbcbcbcbc3c000008020f3317c5edffdcL
  1; 18;197;0xc5edffdc3c000008020f3357d9fbffddL
  1; 18;198;0xd9fbffdd3c000008020f3397fdffff9eL
  1; 18;199;0xfdffff9e3c000008020f33d7a9f8ffdfL
  1; 18;200;0xa9f8ffdf3c000008020f3017e9faffd0L
  1; 18;201;0xe9faffd03c000008020f30575defffd1L
  1; 18;202;0x5defffd13c000008020f3097cdf5ffd2L
  1; 18;203;0xcdf5ffd23c000008020f30d7f5ffffd3L
  1; 18;204;0xf5ffffd33c000008020f3117fdffffd4L
  1; 18;205;0xfdffffd43c000008020f3157c1f0ffd5L
  1; 18;206;0xc1f0ffd53c000008020f3197f1f9ffd6L
  1; 18;207;0xf1f9ffd63c000008020f31d7d5f5ff97L
  1; 18;208;0xd5f5ff973c000008020f3217b9f2ffd8L
  1; 18;209;0xb9f2ffd83c000008020f3256e5ebffd9L
  1; 18;210;0xe5ebffd93c000008020f3297e5eaffdaL
  1; 18;211;0xbcbcbcbc3c000008020f3b17c5edffecL
  1; 18;212;0xc5edffec3c000008020f3b57d5fbffedL
  1; 18;213;0xd5fbffed3c000008020f3b97fdffffaeL
  1; 18;214;0xfdffffae3c000008020f3bd7a5f8ffefL
  1; 18;215;0xa5f8ffef3c000008020f3817edfaffe0L
  1; 18;216;0xedfaffe03c000008020f38576deeffe1L
  1; 18;217;0x6deeffe13c000008020f3897c1f4ffe2L
  1; 18;218;0xc1f4ffe23c000008020f38d7f5ffffe3L
  1; 18;219;0xf5ffffe33c000008020f3917fdffffe4L
  1; 18;220;0xfdffffe43c000008020f3957c1f0ffe5L
  1; 18;221;0xc1f0ffe53c000008020f3997edf9ffe6L
  1; 18;222;0xedf9ffe63c000008020f39d7d5f5ffa7L
  1; 18;223;0xd5f5ffa73c000008020f3a17bdf0ffe8L
  1; 18;224;0xbdf0ffe83c000008020f3a56d1ebffe9L
  1; 18;225;0xd1ebffe93c000008020f3a97e5edffeaL
  1; 18;226;0xbcbcbcbc3c000008020f2b17c1edfffcL
  1; 18;227;0xc1edfffc3c000008020f2b57d9fafffdL
  1; 18;228;0xd9fafffd3c000008020f2b97fdffffbeL
  1; 18;229;0xfdffffbe3c000008020f2bd7a9f9ffffL
  1; 18;230;0xa9f9ffff3c000008020f0017e9fafff0L
  1; 18;231;0xe9fafff03c000008020f005769eefff1L
  1; 18;232;0x69eefff13c000008020f0097c9f4fff2L
  1; 18;233;0xc9f4fff23c000008020f00d7f5fffff3L
  1; 18;234;0xf5fffff33c000008020f0117fdfffff4L
  1; 18;235;0xfdfffff43c000008020f0157c1f0fff5L
  1; 18;236;0xc1f0fff53c000008020f0197edf8fff6L
  1; 18;237;0xedf8fff63c000008020f29d7d9f5ffb7L
  1; 18;238;0xd9f5ffb73c000008020f2a17c5f1fff8L
  1; 18;239;0xc5f1fff83c000008020f2a56edebfff9L
  1; 18;240;0xedebfff93c000008020f2a97e5e9fffaL
  1; 18;241;0xbcbcbcbc3c000008020f3317c5edffccL
  1; 18;242;0xc5edffcc3c000008020f3357ddfbffcdL
  1; 18;243;0xddfbffcd3c000008020f3397fdffff8eL
  1; 18;244;0xfdffff8e3c000008020f33d7a9f9ffcfL
  1; 18;245;0xa9f9ffcf3c000008020f3017e9fbffc0L
  1; 18;246;0xe9fbffc03c000008020f305779eeffc1L
  1; 18;247;0x79eeffc13c000008020f3097d1f6ffc2L
  1; 18;248;0xd1f6ffc23c000008020f30d7f5ffffc3L
  1; 18;249;0xf5ffffc33c000008020f3117fdffffc4L
  1; 18;250;0xfdffffc43c000008020f3157c1f0ffc5L
  1; 18;251;0xc1f0ffc53c000008020f3197f1faffc6L
  1; 18;252;0xf1faffc63c000008020f31d7d5f5ff87L
  1; 18;253;0xd5f5ff873c000008020f3217bdf3ffc8L
  1; 18;254;0xbdf3ffc83c000008020f3256f1ecffc9L
  1; 18;255;0xf1ecffc93c000008020f3297e9ecffcaL
  1; 18;256;0xbcbcbcbc3c000008020f3b17c5edffdcL
  1; 20;  1;0xbcbcbcbc3c000008020f3b1721cbfffcL
  1; 20;  2;0x21cbfffc3c000008020f3b5785e3fffdL
  1; 20;  3;0x85e3fffd3c000008020f3b9769d2fffeL
  1; 20;  4;0x69d2fffe3c000008020f3bd751d5ffffL
  1; 20;  5;0x51d5ffff3c000008020f381781d1fff0L
  1; 20;  6;0x81d1fff03c000008020f3857b9ecfff1L
  1; 20;  7;0xb9ecfff13c000008020f3897a5ecfff2L
  1; 20;  8;0xa5ecfff23c000008020f38d7bdf1fff3L
  1; 20;  9;0xbdf1fff33c000008020f391781f0fff4L
  1; 20; 10;0x81f0fff43c000008020f395791f3fff5L
  1; 20; 11;0x91f3fff53c000008020f39979dc8fff6L
  1; 20; 12;0x9dc8fff63c000008020f39d7f1ffffb7L
  1; 20; 13;0xf1ffffb73c000008020f3a17a9bdfff8L
  1; 20; 14;0xa9bdfff83c000008020f3a5795f3fff9L
  1; 20; 15;0x95f3fff93c000008020f3a976de6fffaL
  1; 20; 16;0xbcbcbcbc3c000008020f2b1745d0ffccL
  1; 20; 17;0x45d0ffcc3c000008020f2b5785e7ffcdL
  1; 20; 18;0x85e7ffcd3c000008020f2b9771d9ffceL
  1; 20; 19;0x71d9ffce3c000008020f2bd751d5ffcfL
  1; 20; 20;0x51d5ffcf3c000008020f001779d3ffc0L
  1; 20; 21;0x79d3ffc03c000008020f0057c5edffc1L
  1; 20; 22;0xc5edffc13c000008020f0097a9ebffc2L
  1; 20; 23;0xa9ebffc23c000008020f00d7b1f1ffc3L
  1; 20; 24;0xb1f1ffc33c000008020f011799eeffc4L
  1; 20; 25;0x99eeffc43c000008020f01579df3ffc5L
  1; 20; 26;0x9df3ffc53c000008020f01979dcbffc6L
  1; 20; 27;0x9dcbffc63c000008020f29d7f5ffff87L
  1; 20; 28;0xf5ffff873c000008020f2a17b1bfffc8L
  1; 20; 29;0xb1bfffc83c000008020f2a57a1f4ffc9L
  1; 20; 30;0xa1f4ffc93c000008020f2a9769e5ffcaL
  1; 20; 31;0xbcbcbcbc3c000008020f33173dd1ffdcL
  1; 20; 32;0x3dd1ffdc3c000008020f335785e6ffddL
  1; 20; 33;0x85e6ffdd3c000008020f339775d9ffdeL
  1; 20; 34;0x75d9ffde3c000008020f33d74ddbffdfL
  1; 20; 35;0x4ddbffdf3c000008020f301785d7ffd0L
  1; 20; 36;0x85d7ffd03c000008020f3057c9edffd1L
  1; 20; 37;0xc9edffd13c000008020f3097a9ecffd2L
  1; 20; 38;0xa9ecffd23c000008020f30d7b9f2ffd3L
  1; 20; 39;0xb9f2ffd33c000008020f311799efffd4L
  1; 20; 40;0x99efffd43c000008020f315795f4ffd5L
  1; 20; 41;0x95f4ffd53c000008020f319799caffd6L
  1; 20; 42;0x99caffd63c000008020f31d7fdffff97L
  1; 20; 43;0xfdffff973c000008020f3217b5c3ffd8L
  1; 20; 44;0xb5c3ffd83c000008020f325791f4ffd9L
  1; 20; 45;0x91f4ffd93c000008020f32976de5ffdaL
  1; 20; 46;0xbcbcbcbc3c000008020f3b171dccffecL
  1; 20; 47;0x1dccffec3c000008020f3b5789e6ffedL
  1; 20; 48;0x89e6ffed3c000008020f3b9765dbffeeL
  1; 20; 49;0x65dbffee3c000008020f3bd759dfffefL
  1; 20; 50;0x59dfffef3c000008020f381771d5ffe0L
  1; 20; 51;0x71d5ffe03c000008020f3857b9eeffe1L
  1; 20; 52;0xb9eeffe13c000008020f3897a9ebffe2L
  1; 20; 53;0xa9ebffe23c000008020f38d7c1f2ffe3L
  1; 20; 54;0xc1f2ffe33c000008020f39179dedffe4L
  1; 20; 55;0x9dedffe43c000008020f395795f3ffe5L
  1; 20; 56;0x95f3ffe53c000008020f399799ccffe6L
  1; 20; 57;0x99ccffe63c000008020f39d7f9ffffa7L
  1; 20; 58;0xf9ffffa73c000008020f3a17b5c8ffe8L
  1; 20; 59;0xb5c8ffe83c000008020f3a5799f5ffe9L
  1; 20; 60;0x99f5ffe93c000008020f3a9775e6ffeaL
  1; 20; 61;0xbcbcbcbc3c000008020f2b1729cdfffcL
  1; 20; 62;0x29cdfffc3c000008020f2b5789e5fffdL
  1; 20; 63;0x89e5fffd3c000008020f2b976dd1fffeL
  1; 20; 64;0x6dd1fffe3c000008020f2bd751d4ffffL
  1; 20; 65;0x51d4ffff3c000008020f001779d2fff0L
  1; 20; 66;0x79d2fff03c000008020f0057b5eefff1L
  1; 20; 67;0xb5eefff13c000008020f0097a5ebfff2L
  1; 20; 68;0xa5ebfff23c000008020f00d7c1f1fff3L
  1; 20; 69;0xc1f1fff33c000008020f011785f0fff4L
  1; 20; 70;0x85f0fff43c000008020f015795f4fff5L
  1; 20; 71;0x95f4fff53c000008020f0197a1c9fff6L
  1; 20; 72;0xa1c9fff63c000008020f29d7f9ffffb7L
  1; 20; 73;0xf9ffffb73c000008020f2a17adbefff8L
  1; 20; 74;0xadbefff83c000008020f2a5799f4fff9L
  1; 20; 75;0x99f4fff93c000008020f2a976de6fffaL
  1; 20; 76;0xbcbcbcbc3c000008020f331739d0ffccL
  1; 20; 77;0x39d0ffcc3c000008020f335789e6ffcdL
  1; 20; 78;0x89e6ffcd3c000008020f339779d8ffceL
  1; 20; 79;0x79d8ffce3c000008020f33d755d8ffcfL
  1; 20; 80;0x55d8ffcf3c000008020f301781d4ffc0L
  1; 20; 81;0x81d4ffc03c000008020f3057c5edffc1L
  1; 20; 82;0xc5edffc13c000008020f3097a9ebffc2L
  1; 20; 83;0xa9ebffc23c000008020f30d7b5f1ffc3L
  1; 20; 84;0xb5f1ffc33c000008020f311791eeffc4L
  1; 20; 85;0x91eeffc43c000008020f3157a1f3ffc5L
  1; 20; 86;0xa1f3ffc53c000008020f3197a1cbffc6L
  1; 20; 87;0xa1cbffc63c000008020f31d7f5ffff87L
  1; 20; 88;0xf5ffff873c000008020f3217b5beffc8L
  1; 20; 89;0xb5beffc83c000008020f32579df5ffc9L
  1; 20; 90;0x9df5ffc93c000008020f329769e5ffcaL
  1; 20; 91;0xbcbcbcbc3c000008020f3b1739d0ffdcL
  1; 20; 92;0x39d0ffdc3c000008020f3b5781e5ffddL
  1; 20; 93;0x81e5ffdd3c000008020f3b9771d7ffdeL
  1; 20; 94;0x71d7ffde3c000008020f3bd74ddbffdfL
  1; 20; 95;0x4ddbffdf3c000008020f381785d6ffd0L
  1; 20; 96;0x85d6ffd03c000008020f3857c5edffd1L
  1; 20; 97;0xc5edffd13c000008020f3897a9ecffd2L
  1; 20; 98;0xa9ecffd23c000008020f38d7b9f2ffd3L
  1; 20; 99;0xb9f2ffd33c000008020f391795efffd4L
  1; 20;100;0x95efffd43c000008020f395791f3ffd5L
  1; 20;101;0x91f3ffd53c000008020f399795c8ffd6L
  1; 20;102;0x95c8ffd63c000008020f39d7fdffff97L
  1; 20;103;0xfdffff973c000008020f3a17adc3ffd8L
  1; 20;104;0xadc3ffd83c000008020f3a5795f4ffd9L
  1; 20;105;0x95f4ffd93c000008020f3a976de4ffdaL
  1; 20;106;0xbcbcbcbc3c000008020f2b171dcaffecL
  1; 20;107;0x1dcaffec3c000008020f2b5789e5ffedL
  1; 20;108;0x89e5ffed3c000008020f2b9765dbffeeL
  1; 20;109;0x65dbffee3c000008020f2bd75ddeffefL
  1; 20;110;0x5ddeffef3c000008020f00176dd2ffe0L
  1; 20;111;0x6dd2ffe03c000008020f0057b9edffe1L
  1; 20;112;0xb9edffe13c000008020f0097a9ebffe2L
  1; 20;113;0xa9ebffe23c000008020f00d7bdf1ffe3L
  1; 20;114;0xbdf1ffe33c000008020f011799edffe4L
  1; 20;115;0x99edffe43c000008020f015795f4ffe5L
  1; 20;116;0x95f4ffe53c000008020f019799caffe6L
  1; 20;117;0x99caffe63c000008020f29d7f9ffffa7L
  1; 20;118;0xf9ffffa73c000008020f2a17b5c8ffe8L
  1; 20;119;0xb5c8ffe83c000008020f2a5799f5ffe9L
  1; 20;120;0x99f5ffe93c000008020f2a9775e5ffeaL
  1; 20;121;0xbcbcbcbc3c000008020f33172dcefffcL
  1; 20;122;0x2dcefffc3c000008020f335789e5fffdL
  1; 20;123;0x89e5fffd3c000008020f339771d4fffeL
  1; 20;124;0x71d4fffe3c000008020f33d755d5ffffL
  1; 20;125;0x55d5ffff3c000008020f30177dd3fff0L
  1; 20;126;0x7dd3fff03c000008020f3057b9edfff1L
  1; 20;127;0xb9edfff13c000008020f3097a5ecfff2L
  1; 20;128;0xa5ecfff23c000008020f30d7bdf2fff3L
  1; 20;129;0xbdf2fff33c000008020f311789f0fff4L
  1; 20;130;0x89f0fff43c000008020f315795f4fff5L
  1; 20;131;0x95f4fff53c000008020f3197a1cafff6L
  1; 20;132;0xa1cafff63c000008020f31d7f9ffffb7L
  1; 20;133;0xf9ffffb73c000008020f3217b5c0fff8L
  1; 20;134;0xb5c0fff83c000008020f325799f3fff9L
  1; 20;135;0x99f3fff93c000008020f329771e5fffaL
  1; 20;136;0xbcbcbcbc3c000008020f3b1745d1ffccL
  1; 20;137;0x45d1ffcc3c000008020f3b578de7ffcdL
  1; 20;138;0x8de7ffcd3c000008020f3b9775d7ffceL
  1; 20;139;0x75d7ffce3c000008020f3bd759d9ffcfL
  1; 20;140;0x59d9ffcf3c000008020f381781d6ffc0L
  1; 20;141;0x81d6ffc03c000008020f3857c9edffc1L
  1; 20;142;0xc9edffc13c000008020f3897a9ecffc2L
  1; 20;143;0xa9ecffc23c000008020f38d7b9f2ffc3L
  1; 20;144;0xb9f2ffc33c000008020f391799efffc4L
  1; 20;145;0x99efffc43c000008020f3957a9f3ffc5L
  1; 20;146;0xa9f3ffc53c000008020f3997a5ceffc6L
  1; 20;147;0xa5ceffc63c000008020f39d7f9ffff87L
  1; 20;148;0xf9ffff873c000008020f3a17b5c1ffc8L
  1; 20;149;0xb5c1ffc83c000008020f3a57a5f6ffc9L
  1; 20;150;0xa5f6ffc93c000008020f3a976de5ffcaL
  1; 20;151;0xbcbcbcbc3c000008020f2b1735ceffdcL
  1; 20;152;0x35ceffdc3c000008020f2b5781e5ffddL
  1; 20;153;0x81e5ffdd3c000008020f2b976dd4ffdeL
  1; 20;154;0x6dd4ffde3c000008020f2bd749daffdfL
  1; 20;155;0x49daffdf3c000008020f001781d5ffd0L
  1; 20;156;0x81d5ffd03c000008020f0057c5edffd1L
  1; 20;157;0xc5edffd13c000008020f0097a9ecffd2L
  1; 20;158;0xa9ecffd23c000008020f00d7b5f2ffd3L
  1; 20;159;0xb5f2ffd33c000008020f011795edffd4L
  1; 20;160;0x95edffd43c000008020f015791f3ffd5L
  1; 20;161;0x91f3ffd53c000008020f019795c8ffd6L
  1; 20;162;0x95c8ffd63c000008020f29d7fdffff97L
  1; 20;163;0xfdffff973c000008020f2a17adc3ffd8L
  1; 20;164;0xadc3ffd83c000008020f2a578df3ffd9L
  1; 20;165;0x8df3ffd93c000008020f2a9769e4ffdaL
  1; 20;166;0xbcbcbcbc3c000008020f331715c7ffecL
  1; 20;167;0x15c7ffec3c000008020f335781e5ffedL
  1; 20;168;0x81e5ffed3c000008020f339765daffeeL
  1; 20;169;0x65daffee3c000008020f33d755deffefL
  1; 20;170;0x55deffef3c000008020f30176dd2ffe0L
  1; 20;171;0x6dd2ffe03c000008020f3057b5edffe1L
  1; 20;172;0xb5edffe13c000008020f3097a9eaffe2L
  1; 20;173;0xa9eaffe23c000008020f30d7b9f1ffe3L
  1; 20;174;0xb9f1ffe33c000008020f311791edffe4L
  1; 20;175;0x91edffe43c000008020f31578df3ffe5L
  1; 20;176;0x8df3ffe53c000008020f319795caffe6L
  1; 20;177;0x95caffe63c000008020f31d7f5ffffa7L
  1; 20;178;0xf5ffffa73c000008020f3217adc4ffe8L
  1; 20;179;0xadc4ffe83c000008020f325795f4ffe9L
  1; 20;180;0x95f4ffe93c000008020f32976de5ffeaL
  1; 20;181;0xbcbcbcbc3c000008020f3b1729cefffcL
  1; 20;182;0x29cefffc3c000008020f3b578de6fffdL
  1; 20;183;0x8de6fffd3c000008020f3b9779d3fffeL
  1; 20;184;0x79d3fffe3c000008020f3bd759d7ffffL
  1; 20;185;0x59d7ffff3c000008020f381785d2fff0L
  1; 20;186;0x85d2fff03c000008020f3857bdeefff1L
  1; 20;187;0xbdeefff13c000008020f3897a9ebfff2L
  1; 20;188;0xa9ebfff23c000008020f38d7bdf2fff3L
  1; 20;189;0xbdf2fff33c000008020f39178df1fff4L
  1; 20;190;0x8df1fff43c000008020f395799f4fff5L
  1; 20;191;0x99f4fff53c000008020f3997a5cafff6L
  1; 20;192;0xa5cafff63c000008020f39d7f9ffffb7L
  1; 20;193;0xf9ffffb73c000008020f3a17b1bffff8L
  1; 20;194;0xb1bffff83c000008020f3a579df4fff9L
  1; 20;195;0x9df4fff93c000008020f3a9771e7fffaL
  1; 20;196;0xbcbcbcbc3c000008020f2b174dd3ffccL
  1; 20;197;0x4dd3ffcc3c000008020f2b5791e8ffcdL
  1; 20;198;0x91e8ffcd3c000008020f2b9789ddffceL
  1; 20;199;0x89ddffce3c000008020f2bd765dbffcfL
  1; 20;200;0x65dbffcf3c000008020f001785daffc0L
  1; 20;201;0x85daffc03c000008020f0057c9efffc1L
  1; 20;202;0xc9efffc13c000008020f0097a9ecffc2L
  1; 20;203;0xa9ecffc23c000008020f00d7b9f2ffc3L
  1; 20;204;0xb9f2ffc33c000008020f0117a1f0ffc4L
  1; 20;205;0xa1f0ffc43c000008020f0157a9f4ffc5L
  1; 20;206;0xa9f4ffc53c000008020f0197a5cfffc6L
  1; 20;207;0xa5cfffc63c000008020f29d7f9ffff87L
  1; 20;208;0xf9ffff873c000008020f2a17bdc4ffc8L
  1; 20;209;0xbdc4ffc83c000008020f2a57a9f6ffc9L
  1; 20;210;0xa9f6ffc93c000008020f2a9771e5ffcaL
  1; 20;211;0xbcbcbcbc3c000008020f331739d0ffdcL
  1; 20;212;0x39d0ffdc3c000008020f335781e6ffddL
  1; 20;213;0x81e6ffdd3c000008020f33976dd5ffdeL
  1; 20;214;0x6dd5ffde3c000008020f33d74ddbffdfL
  1; 20;215;0x4ddbffdf3c000008020f301785d7ffd0L
  1; 20;216;0x85d7ffd03c000008020f3057c9ecffd1L
  1; 20;217;0xc9ecffd13c000008020f3097a9ecffd2L
  1; 20;218;0xa9ecffd23c000008020f30d7b5f2ffd3L
  1; 20;219;0xb5f2ffd33c000008020f311795eeffd4L
  1; 20;220;0x95eeffd43c000008020f315791f4ffd5L
  1; 20;221;0x91f4ffd53c000008020f319791c8ffd6L
  1; 20;222;0x91c8ffd63c000008020f31d7f9ffff97L
  1; 20;223;0xf9ffff973c000008020f3217adc2ffd8L
  1; 20;224;0xadc2ffd83c000008020f32578df4ffd9L
  1; 20;225;0x8df4ffd93c000008020f329765e4ffdaL
  1; 20;226;0xbcbcbcbc3c000008020f3b171dc9ffecL
  1; 20;227;0x1dc9ffec3c000008020f3b5785e5ffedL
  1; 20;228;0x85e5ffed3c000008020f3b9761dcffeeL
  1; 20;229;0x61dcffee3c000008020f3bd759ddffefL
  1; 20;230;0x59ddffef3c000008020f381771d2ffe0L
  1; 20;231;0x71d2ffe03c000008020f3857b5edffe1L
  1; 20;232;0xb5edffe13c000008020f3897a5ebffe2L
  1; 20;233;0xa5ebffe23c000008020f38d7bdf2ffe3L
  1; 20;234;0xbdf2ffe33c000008020f391795eeffe4L
  1; 20;235;0x95eeffe43c000008020f395791f3ffe5L
  1; 20;236;0x91f3ffe53c000008020f399799c9ffe6L
  1; 20;237;0x99c9ffe63c000008020f39d7f5ffffa7L
  1; 20;238;0xf5ffffa73c000008020f3a17b1c7ffe8L
  1; 20;239;0xb1c7ffe83c000008020f3a5791f5ffe9L
  1; 20;240;0x91f5ffe93c000008020f3a9771e6ffeaL
  1; 20;241;0xbcbcbcbc3c000008020f2b1729cbfffcL
  1; 20;242;0x29cbfffc3c000008020f2b5785e4fffdL
  1; 20;243;0x85e4fffd3c000008020f2b9771d0fffeL
  1; 20;244;0x71d0fffe3c000008020f2bd751d4ffffL
  1; 20;245;0x51d4ffff3c000008020f00177dd2fff0L
  1; 20;246;0x7dd2fff03c000008020f0057b9ecfff1L
  1; 20;247;0xb9ecfff13c000008020f0097a9ebfff2L
  1; 20;248;0xa9ebfff23c000008020f00d7bdf2fff3L
  1; 20;249;0xbdf2fff33c000008020f011785f0fff4L
  1; 20;250;0x85f0fff43c000008020f015791f4fff5L
  1; 20;251;0x91f4fff53c000008020f01979dc9fff6L
  1; 20;252;0x9dc9fff63c000008020f29d7f5ffffb7L
  1; 20;253;0xf5ffffb73c000008020f2a17a5bdfff8L
  1; 20;254;0xa5bdfff83c000008020f2a5795f3fff9L
  1; 20;255;0x95f3fff93c000008020f2a9769e6fffaL
  1; 20;256;0xbcbcbcbc3c000008020f331749d3ffccL
