Link ID; Channel ID; Line; Data 
  1; 15;  1;0xbcbcbcbc3c028008020f12972de5fffaL
  1; 15;  2;0x2de5fffa3c028008020f12d725e7fffbL
  1; 15;  3;0x25e7fffb3c028008020f131755c8fffcL
  1; 15;  4;0x55c8fffc3c028008020f1356bdbefffdL
  1; 15;  5;0xbdbefffd3c028008020f1396f1c1fffeL
  1; 15;  6;0xf1c1fffe3c028008020f13d6f1ccffffL
  1; 15;  7;0xf1ccffff3c028008020f101705bffff0L
  1; 15;  8;0x5bffff03c028008020f105725d7fff1L
  1; 15;  9;0x25d7fff13c028008020f109735d4fff2L
  1; 15; 10;0x35d4fff23c028008020f10d719cafff3L
  1; 15; 11;0x19cafff33c028008020f111771f4fff4L
  1; 15; 12;0x71f4fff43c028008020f1156d1eafff5L
  1; 15; 13;0xd1eafff53c028008020f119771e5fff6L
  1; 15; 14;0x71e5fff63c028008020f11d691befff7L
  1; 15; 15;0x91befff73c028008020f121741c3fff8L
  1; 15; 16;0xbcbcbcbc3c02a008020f32972de7ffdaL
  1; 15; 17;0x2de7ffda3c02a008020f32d729e6ffdbL
  1; 15; 18;0x29e6ffdb3c02a008020f33175dc3ffdcL
  1; 15; 19;0x5dc3ffdc3c02a008020f3356c9c4ffddL
  1; 15; 20;0xc9c4ffdd3c02a008020f3396e1c1ffdeL
  1; 15; 21;0xe1c1ffde3c02a008020f33d6e1d0ffdfL
  1; 15; 22;0xe1d0ffdf3c02a008020f301701c5ffd0L
  1; 15; 23;0x1c5ffd03c02a008020f305729daffd1L
  1; 15; 24;0x29daffd13c02a008020f309749d5ffd2L
  1; 15; 25;0x49d5ffd23c02a008020f30d72dcbffd3L
  1; 15; 26;0x2dcbffd33c02a008020f311771f7ffd4L
  1; 15; 27;0x71f7ffd43c02a008020f3156edebffd5L
  1; 15; 28;0xedebffd53c02a008020f319785e7ffd6L
  1; 15; 29;0x85e7ffd63c02a008020f31d6a1baffd7L
  1; 15; 30;0xa1baffd73c02a008020f32174dc3ffd8L
  1; 15; 31;0xbcbcbcbc3c02c008020f12972de2fffaL
  1; 15; 32;0x2de2fffa3c02c008020f12d71de5fffbL
  1; 15; 33;0x1de5fffb3c02c008020f131755c4fffcL
  1; 15; 34;0x55c4fffc3c02c008020f1356b9bdfffdL
  1; 15; 35;0xb9bdfffd3c02c008020f1396e9befffeL
  1; 15; 36;0xe9befffe3c02c008020f13d6e5c8ffffL
  1; 15; 37;0xe5c8ffff3c02c008020f1016fdbcfff0L
  1; 15; 38;0xfdbcfff03c02c008020f105719d4fff1L
  1; 15; 39;0x19d4fff13c02c008020f109735d1fff2L
  1; 15; 40;0x35d1fff23c02c008020f10d70dc7fff3L
  1; 15; 41;0xdc7fff33c02c008020f111761f2fff4L
  1; 15; 42;0x61f2fff43c02c008020f1156c1e9fff5L
  1; 15; 43;0xc1e9fff53c02c008020f11976de3fff6L
  1; 15; 44;0x6de3fff63c02c008020f11d689bcfff7L
  1; 15; 45;0x89bcfff73c02c008020f121735c2fff8L
  1; 15; 46;0xbcbcbcbc3c02e008020f32972de6ffdaL
  1; 15; 47;0x2de6ffda3c02e008020f32d725e5ffdbL
  1; 15; 48;0x25e5ffdb3c02e008020f33175dc4ffdcL
  1; 15; 49;0x5dc4ffdc3c02e008020f3356c5c3ffddL
  1; 15; 50;0xc5c3ffdd3c02e008020f3396ddc1ffdeL
  1; 15; 51;0xddc1ffde3c02e008020f33d6d9d1ffdfL
  1; 15; 52;0xd9d1ffdf3c02e008020f3016f9c5ffd0L
  1; 15; 53;0xf9c5ffd03c02e008020f30572dd9ffd1L
  1; 15; 54;0x2dd9ffd13c02e008020f309749d4ffd2L
  1; 15; 55;0x49d4ffd23c02e008020f30d735caffd3L
  1; 15; 56;0x35caffd33c02e008020f311775f5ffd4L
  1; 15; 57;0x75f5ffd43c02e008020f3156e9eaffd5L
  1; 15; 58;0xe9eaffd53c02e008020f319781e6ffd6L
  1; 15; 59;0x81e6ffd63c02e008020f31d699baffd7L
  1; 15; 60;0x99baffd73c02e008020f321751c2ffd8L
  1; 15; 61;0xbcbcbcbc3c030008020f129725e3fffaL
  1; 15; 62;0x25e3fffa3c030008020f12d721e7fffbL
  1; 15; 63;0x21e7fffb3c030008020f131751c5fffcL
  1; 15; 64;0x51c5fffc3c030008020f1356b9bcfffdL
  1; 15; 65;0xb9bcfffd3c030008020f1396e9c0fffeL
  1; 15; 66;0xe9c0fffe3c030008020f13d6f1c9ffffL
  1; 15; 67;0xf1c9ffff3c030008020f101705befff0L
  1; 15; 68;0x5befff03c030008020f105719d6fff1L
  1; 15; 69;0x19d6fff13c030008020f109739d1fff2L
  1; 15; 70;0x39d1fff23c030008020f10d715c9fff3L
  1; 15; 71;0x15c9fff33c030008020f111761f3fff4L
  1; 15; 72;0x61f3fff43c030008020f1156c5e9fff5L
  1; 15; 73;0xc5e9fff53c030008020f119771e4fff6L
  1; 15; 74;0x71e4fff63c030008020f11d689bcfff7L
  1; 15; 75;0x89bcfff73c030008020f121739c2fff8L
  1; 15; 76;0xbcbcbcbc3c032008020f32972de8ffdaL
  1; 15; 77;0x2de8ffda3c032008020f32d725e6ffdbL
  1; 15; 78;0x25e6ffdb3c032008020f331761c5ffdcL
  1; 15; 79;0x61c5ffdc3c032008020f3356c5c3ffddL
  1; 15; 80;0xc5c3ffdd3c032008020f3396ddc1ffdeL
  1; 15; 81;0xddc1ffde3c032008020f33d6e5d0ffdfL
  1; 15; 82;0xe5d0ffdf3c032008020f3016fdc4ffd0L
  1; 15; 83;0xfdc4ffd03c032008020f305731daffd1L
  1; 15; 84;0x31daffd13c032008020f30974dd6ffd2L
  1; 15; 85;0x4dd6ffd23c032008020f30d72dcaffd3L
  1; 15; 86;0x2dcaffd33c032008020f311779f5ffd4L
  1; 15; 87;0x79f5ffd43c032008020f3156f1eaffd5L
  1; 15; 88;0xf1eaffd53c032008020f319785e8ffd6L
  1; 15; 89;0x85e8ffd63c032008020f31d699bcffd7L
  1; 15; 90;0x99bcffd73c032008020f32174dc2ffd8L
  1; 15; 91;0xbcbcbcbc3c034008020f129729e2fffaL
  1; 15; 92;0x29e2fffa3c034008020f12d725e7fffbL
  1; 15; 93;0x25e7fffb3c034008020f131759c5fffcL
  1; 15; 94;0x59c5fffc3c034008020f1356bdbefffdL
  1; 15; 95;0xbdbefffd3c034008020f1396e9c0fffeL
  1; 15; 96;0xe9c0fffe3c034008020f13d6f1caffffL
  1; 15; 97;0xf1caffff3c034008020f101705bdfff0L
  1; 15; 98;0x5bdfff03c034008020f10571dd6fff1L
  1; 15; 99;0x1dd6fff13c034008020f109739d3fff2L
  1; 15;100;0x39d3fff23c034008020f10d719cafff3L
  1; 15;101;0x19cafff33c034008020f111769f5fff4L
  1; 15;102;0x69f5fff43c034008020f1156cdeafff5L
  1; 15;103;0xcdeafff53c034008020f119775e6fff6L
  1; 15;104;0x75e6fff63c034008020f11d691bdfff7L
  1; 15;105;0x91bdfff73c034008020f121745c3fff8L
  1; 15;106;0xbcbcbcbc3c036008020f329725e6ffdaL
  1; 15;107;0x25e6ffda3c036008020f32d721e5ffdbL
  1; 15;108;0x21e5ffdb3c036008020f33175dc2ffdcL
  1; 15;109;0x5dc2ffdc3c036008020f3356bdc4ffddL
  1; 15;110;0xbdc4ffdd3c036008020f3396cdbfffdeL
  1; 15;111;0xcdbfffde3c036008020f33d6e1d0ffdfL
  1; 15;112;0xe1d0ffdf3c036008020f3016f5c5ffd0L
  1; 15;113;0xf5c5ffd03c036008020f305729d8ffd1L
  1; 15;114;0x29d8ffd13c036008020f309749d4ffd2L
  1; 15;115;0x49d4ffd23c036008020f30d729cbffd3L
  1; 15;116;0x29cbffd33c036008020f311775f4ffd4L
  1; 15;117;0x75f4ffd43c036008020f3156e9eaffd5L
  1; 15;118;0xe9eaffd53c036008020f319781e8ffd6L
  1; 15;119;0x81e8ffd63c036008020f31d69db9ffd7L
  1; 15;120;0x9db9ffd73c036008020f321749c1ffd8L
  1; 15;121;0xbcbcbcbc3c038008020f129729e4fffaL
  1; 15;122;0x29e4fffa3c038008020f12d729e6fffbL
  1; 15;123;0x29e6fffb3c038008020f13175dc8fffcL
  1; 15;124;0x5dc8fffc3c038008020f1356c1bdfffdL
  1; 15;125;0xc1bdfffd3c038008020f1396edc1fffeL
  1; 15;126;0xedc1fffe3c038008020f13d6f5ccffffL
  1; 15;127;0xf5ccffff3c038008020f101711befff0L
  1; 15;128;0x11befff03c038008020f105721d6fff1L
  1; 15;129;0x21d6fff13c038008020f109739d3fff2L
  1; 15;130;0x39d3fff23c038008020f10d719cafff3L
  1; 15;131;0x19cafff33c038008020f111769f4fff4L
  1; 15;132;0x69f4fff43c038008020f1156c9eafff5L
  1; 15;133;0xc9eafff53c038008020f119779e6fff6L
  1; 15;134;0x79e6fff63c038008020f11d695befff7L
  1; 15;135;0x95befff73c038008020f121749c4fff8L
  1; 15;136;0xbcbcbcbc3c03a008020f329725e6ffdaL
  1; 15;137;0x25e6ffda3c03a008020f32d725e6ffdbL
  1; 15;138;0x25e6ffdb3c03a008020f33175dc4ffdcL
  1; 15;139;0x5dc4ffdc3c03a008020f3356c5c2ffddL
  1; 15;140;0xc5c2ffdd3c03a008020f3396d1c0ffdeL
  1; 15;141;0xd1c0ffde3c03a008020f33d6e5d0ffdfL
  1; 15;142;0xe5d0ffdf3c03a008020f3016f9c3ffd0L
  1; 15;143;0xf9c3ffd03c03a008020f305729d8ffd1L
  1; 15;144;0x29d8ffd13c03a008020f309749d5ffd2L
  1; 15;145;0x49d5ffd23c03a008020f30d72dc9ffd3L
  1; 15;146;0x2dc9ffd33c03a008020f31176df5ffd4L
  1; 15;147;0x6df5ffd43c03a008020f3156e5e9ffd5L
  1; 15;148;0xe5e9ffd53c03a008020f319779e6ffd6L
  1; 15;149;0x79e6ffd63c03a008020f31d699b9ffd7L
  1; 15;150;0x99b9ffd73c03a008020f321749c0ffd8L
  1; 15;151;0xbcbcbcbc3c03c008020f129731e5fffaL
  1; 15;152;0x31e5fffa3c03c008020f12d729e7fffbL
  1; 15;153;0x29e7fffb3c03c008020f131761c9fffcL
  1; 15;154;0x61c9fffc3c03c008020f1356c1befffdL
  1; 15;155;0xc1befffd3c03c008020f1396edc2fffeL
  1; 15;156;0xedc2fffe3c03c008020f13d6f5cbffffL
  1; 15;157;0xf5cbffff3c03c008020f101709c0fff0L
  1; 15;158;0x9c0fff03c03c008020f10571dd7fff1L
  1; 15;159;0x1dd7fff13c03c008020f10973dd5fff2L
  1; 15;160;0x3dd5fff23c03c008020f10d719cbfff3L
  1; 15;161;0x19cbfff33c03c008020f11176df6fff4L
  1; 15;162;0x6df6fff43c03c008020f1156d1eafff5L
  1; 15;163;0xd1eafff53c03c008020f119775e5fff6L
  1; 15;164;0x75e5fff63c03c008020f11d695bffff7L
  1; 15;165;0x95bffff73c03c008020f121749c3fff8L
  1; 15;166;0xbcbcbcbc3c03e008020f329725e7ffdaL
  1; 15;167;0x25e7ffda3c03e008020f32d721e6ffdbL
  1; 15;168;0x21e6ffdb3c03e008020f331759c4ffdcL
  1; 15;169;0x59c4ffdc3c03e008020f3356c1c4ffddL
  1; 15;170;0xc1c4ffdd3c03e008020f3396d9c2ffdeL
  1; 15;171;0xd9c2ffde3c03e008020f33d6e5d0ffdfL
  1; 15;172;0xe5d0ffdf3c03e008020f3016f5c4ffd0L
  1; 15;173;0xf5c4ffd03c03e008020f305721d9ffd1L
  1; 15;174;0x21d9ffd13c03e008020f309749d5ffd2L
  1; 15;175;0x49d5ffd23c03e008020f30d731ccffd3L
  1; 15;176;0x31ccffd33c03e008020f311775f6ffd4L
  1; 15;177;0x75f6ffd43c03e008020f3156edeaffd5L
  1; 15;178;0xedeaffd53c03e008020f319781e9ffd6L
  1; 15;179;0x81e9ffd63c03e008020f31d699baffd7L
  1; 15;180;0x99baffd73c03e008020f321751c1ffd8L
  1; 15;181;0xbcbcbcbc3c000008020f129725e3fffaL
  1; 15;182;0x25e3fffa3c000008020f12d729e6fffbL
  1; 15;183;0x29e6fffb3c000008020f131759c6fffcL
  1; 15;184;0x59c6fffc3c000008020f1356b5bcfffdL
  1; 15;185;0xb5bcfffd3c000008020f1396edc0fffeL
  1; 15;186;0xedc0fffe3c000008020f13d6e9caffffL
  1; 15;187;0xe9caffff3c000008020f101709bffff0L
  1; 15;188;0x9bffff03c000008020f105721d5fff1L
  1; 15;189;0x21d5fff13c000008020f109731d4fff2L
  1; 15;190;0x31d4fff23c000008020f10d715c8fff3L
  1; 15;191;0x15c8fff33c000008020f111769f4fff4L
  1; 15;192;0x69f4fff43c000008020f1156d1e8fff5L
  1; 15;193;0xd1e8fff53c000008020f119775e4fff6L
  1; 15;194;0x75e4fff63c000008020f11d689bdfff7L
  1; 15;195;0x89bdfff73c000008020f121745c2fff8L
  1; 15;196;0xbcbcbcbc3c002008020f329729e8ffdaL
  1; 15;197;0x29e8ffda3c002008020f32d729e7ffdbL
  1; 15;198;0x29e7ffdb3c002008020f331761c5ffdcL
  1; 15;199;0x61c5ffdc3c002008020f3356c5c5ffddL
  1; 15;200;0xc5c5ffdd3c002008020f3396ddc1ffdeL
  1; 15;201;0xddc1ffde3c002008020f33d6edd0ffdfL
  1; 15;202;0xedd0ffdf3c002008020f301701c6ffd0L
  1; 15;203;0x1c6ffd03c002008020f30572ddaffd1L
  1; 15;204;0x2ddaffd13c002008020f30974dd6ffd2L
  1; 15;205;0x4dd6ffd23c002008020f30d735cdffd3L
  1; 15;206;0x35cdffd33c002008020f31177df7ffd4L
  1; 15;207;0x7df7ffd43c002008020f3156f5ebffd5L
  1; 15;208;0xf5ebffd53c002008020f319785e9ffd6L
  1; 15;209;0x85e9ffd63c002008020f31d6a5bdffd7L
  1; 15;210;0xa5bdffd73c002008020f32174dc4ffd8L
  1; 15;211;0xbcbcbcbc3c004008020f129725e3fffaL
  1; 15;212;0x25e3fffa3c004008020f12d725e5fffbL
  1; 15;213;0x25e5fffb3c004008020f131755c6fffcL
  1; 15;214;0x55c6fffc3c004008020f1356b9bdfffdL
  1; 15;215;0xb9bdfffd3c004008020f1396e5bffffeL
  1; 15;216;0xe5bffffe3c004008020f13d6e5caffffL
  1; 15;217;0xe5caffff3c004008020f1016fdbcfff0L
  1; 15;218;0xfdbcfff03c004008020f105715d4fff1L
  1; 15;219;0x15d4fff13c004008020f109739d2fff2L
  1; 15;220;0x39d2fff23c004008020f10d711c8fff3L
  1; 15;221;0x11c8fff33c004008020f111761f3fff4L
  1; 15;222;0x61f3fff43c004008020f1156c1e7fff5L
  1; 15;223;0xc1e7fff53c004008020f11976de4fff6L
  1; 15;224;0x6de4fff63c004008020f11d68dbcfff7L
  1; 15;225;0x8dbcfff73c004008020f121739c2fff8L
  1; 15;226;0xbcbcbcbc3c006008020f32972de8ffdaL
  1; 15;227;0x2de8ffda3c006008020f32d729e7ffdbL
  1; 15;228;0x29e7ffdb3c006008020f331759c5ffdcL
  1; 15;229;0x59c5ffdc3c006008020f3356c9c3ffddL
  1; 15;230;0xc9c3ffdd3c006008020f3396ddc1ffdeL
  1; 15;231;0xddc1ffde3c006008020f33d6e5d1ffdfL
  1; 15;232;0xe5d1ffdf3c006008020f3016f5c5ffd0L
  1; 15;233;0xf5c5ffd03c006008020f305735d9ffd1L
  1; 15;234;0x35d9ffd13c006008020f30974dd5ffd2L
  1; 15;235;0x4dd5ffd23c006008020f30d735ccffd3L
  1; 15;236;0x35ccffd33c006008020f311775f6ffd4L
  1; 15;237;0x75f6ffd43c006008020f3156edebffd5L
  1; 15;238;0xedebffd53c006008020f319785e8ffd6L
  1; 15;239;0x85e8ffd63c006008020f31d6a5baffd7L
  1; 15;240;0xa5baffd73c006008020f321755c3ffd8L
  1; 15;241;0xbcbcbcbc3c008008020f129729e3fffaL
  1; 15;242;0x29e3fffa3c008008020f12d725e7fffbL
  1; 15;243;0x25e7fffb3c008008020f131759c5fffcL
  1; 15;244;0x59c5fffc3c008008020f1356b9bdfffdL
  1; 15;245;0xb9bdfffd3c008008020f1396f1c0fffeL
  1; 15;246;0xf1c0fffe3c008008020f13d6e5cbffffL
  1; 15;247;0xe5cbffff3c008008020f101709bdfff0L
  1; 15;248;0x9bdfff03c008008020f105721d6fff1L
  1; 15;249;0x21d6fff13c008008020f109739d2fff2L
  1; 15;250;0x39d2fff23c008008020f10d715c9fff3L
  1; 15;251;0x15c9fff33c008008020f111769f4fff4L
  1; 15;252;0x69f4fff43c008008020f1156d1e9fff5L
  1; 15;253;0xd1e9fff53c008008020f119775e7fff6L
  1; 15;254;0x75e7fff63c008008020f11d68dbbfff7L
  1; 15;255;0x8dbbfff73c008008020f121741c4fff8L
  1; 15;256;0xbcbcbcbc3c00a008020f329721e6ffdaL
  1; 16;  1;0xbcbcbcbc3c02a008020f329655a8ffdaL
  1; 16;  2;0x55a8ffda3c02a008020f32d6919fffdbL
  1; 16;  3;0x919fffdb3c02a008020f3316edc9ffdcL
  1; 16;  4;0xedc9ffdc3c02a008020f33566997ffddL
  1; 16;  5;0x6997ffdd3c02a008020f339689caffdeL
  1; 16;  6;0x89caffde3c02a008020f33d5f57cffdfL
  1; 16;  7;0xf57cffdf3c02a008020f3016199fffd0L
  1; 16;  8;0x199fffd03c02a008020f305679c0ffd1L
  1; 16;  9;0x79c0ffd13c02a008020f309715b2ffd2L
  1; 16; 10;0x15b2ffd23c02a008020f30d6e5e1ffd3L
  1; 16; 11;0xe5e1ffd33c02a008020f311709daffd4L
  1; 16; 12;0x9daffd43c02a008020f3156e1d4ff95L
  1; 16; 13;0xe1d4ff953c02a008020f319719c7ffd6L
  1; 16; 14;0x19c7ffd63c02a008020f31d6bdd9ffd7L
  1; 16; 15;0xbdd9ffd73c02a008020f3215e986ffd8L
  1; 16; 16;0xbcbcbcbc3c02c008020f129641a5fffaL
  1; 16; 17;0x41a5fffa3c02c008020f12d67999fffbL
  1; 16; 18;0x7999fffb3c02c008020f1316d1c7fffcL
  1; 16; 19;0xd1c7fffc3c02c008020f13564596fffdL
  1; 16; 20;0x4596fffd3c02c008020f13966dc8fffeL
  1; 16; 21;0x6dc8fffe3c02c008020f13d5e57bffffL
  1; 16; 22;0xe57bffff3c02c008020f1016019efff0L
  1; 16; 23;0x19efff03c02c008020f105689bbfff1L
  1; 16; 24;0x89bbfff13c02c008020f109701aefff2L
  1; 16; 25;0x1aefff23c02c008020f10d6e9e0fff3L
  1; 16; 26;0xe9e0fff33c02c008020f111701d8fff4L
  1; 16; 27;0x1d8fff43c02c008020f1156e5d3fff5L
  1; 16; 28;0xe5d3fff53c02c008020f119715bdfff6L
  1; 16; 29;0x15bdfff63c02c008020f11d6b1dafff7L
  1; 16; 30;0xb1dafff73c02c008020f1215dd85fff8L
  1; 16; 31;0xbcbcbcbc3c02e008020f32964da8ffdaL
  1; 16; 32;0x4da8ffda3c02e008020f32d6899dffdbL
  1; 16; 33;0x899dffdb3c02e008020f3316e1c8ffdcL
  1; 16; 34;0xe1c8ffdc3c02e008020f33565d98ffddL
  1; 16; 35;0x5d98ffdd3c02e008020f339681caffdeL
  1; 16; 36;0x81caffde3c02e008020f33d5f17effdfL
  1; 16; 37;0xf17effdf3c02e008020f3016119dffd0L
  1; 16; 38;0x119dffd03c02e008020f305675bfffd1L
  1; 16; 39;0x75bfffd13c02e008020f309719b0ffd2L
  1; 16; 40;0x19b0ffd23c02e008020f30d6e9e0ffd3L
  1; 16; 41;0xe9e0ffd33c02e008020f311709d9ffd4L
  1; 16; 42;0x9d9ffd43c02e008020f3156e1d2ff95L
  1; 16; 43;0xe1d2ff953c02e008020f319715c5ffd6L
  1; 16; 44;0x15c5ffd63c02e008020f31d6b1d8ffd7L
  1; 16; 45;0xb1d8ffd73c02e008020f3215e185ffd8L
  1; 16; 46;0xbcbcbcbc3c030008020f12963da4fffaL
  1; 16; 47;0x3da4fffa3c030008020f12d68599fffbL
  1; 16; 48;0x8599fffb3c030008020f1316d9c5fffcL
  1; 16; 49;0xd9c5fffc3c030008020f13563d95fffdL
  1; 16; 50;0x3d95fffd3c030008020f139669c8fffeL
  1; 16; 51;0x69c8fffe3c030008020f13d5e97affffL
  1; 16; 52;0xe97affff3c030008020f1015f59cfff0L
  1; 16; 53;0xf59cfff03c030008020f105689bcfff1L
  1; 16; 54;0x89bcfff13c030008020f1096fdaffff2L
  1; 16; 55;0xfdaffff23c030008020f10d6e1e0fff3L
  1; 16; 56;0xe1e0fff33c030008020f111705d5fff4L
  1; 16; 57;0x5d5fff43c030008020f1156d5d2fff5L
  1; 16; 58;0xd5d2fff53c030008020f119715bdfff6L
  1; 16; 59;0x15bdfff63c030008020f11d6addafff7L
  1; 16; 60;0xaddafff73c030008020f1215d185fff8L
  1; 16; 61;0xbcbcbcbc3c032008020f329651a8ffdaL
  1; 16; 62;0x51a8ffda3c032008020f32d6859fffdbL
  1; 16; 63;0x859fffdb3c032008020f3316e9c9ffdcL
  1; 16; 64;0xe9c9ffdc3c032008020f33566598ffddL
  1; 16; 65;0x6598ffdd3c032008020f339685c9ffdeL
  1; 16; 66;0x85c9ffde3c032008020f33d5ed7cffdfL
  1; 16; 67;0xed7cffdf3c032008020f3016199effd0L
  1; 16; 68;0x199effd03c032008020f305671c0ffd1L
  1; 16; 69;0x71c0ffd13c032008020f309725b0ffd2L
  1; 16; 70;0x25b0ffd23c032008020f30d6f1e1ffd3L
  1; 16; 71;0xf1e1ffd33c032008020f31170ddaffd4L
  1; 16; 72;0xddaffd43c032008020f3156e1d3ffd5L
  1; 16; 73;0xe1d3ffd53c032008020f319715c7ffd6L
  1; 16; 74;0x15c7ffd63c032008020f31d6b1d7ffd7L
  1; 16; 75;0xb1d7ffd73c032008020f3215e185ffd8L
  1; 16; 76;0xbcbcbcbc3c034008020f129641a5fffaL
  1; 16; 77;0x41a5fffa3c034008020f12d6819afffbL
  1; 16; 78;0x819afffb3c034008020f1316d5c6fffcL
  1; 16; 79;0xd5c6fffc3c034008020f13564994fffdL
  1; 16; 80;0x4994fffd3c034008020f139669c8fffeL
  1; 16; 81;0x69c8fffe3c034008020f13d5ed7bffffL
  1; 16; 82;0xed7bffff3c034008020f1015f99dfff0L
  1; 16; 83;0xf99dfff03c034008020f105689bcfff1L
  1; 16; 84;0x89bcfff13c034008020f1096fdaefff2L
  1; 16; 85;0xfdaefff23c034008020f10d6e1defff3L
  1; 16; 86;0xe1defff33c034008020f111705d7fff4L
  1; 16; 87;0x5d7fff43c034008020f1156e1d4fff5L
  1; 16; 88;0xe1d4fff53c034008020f11971dbefff6L
  1; 16; 89;0x1dbefff63c034008020f11d6b5dbfff7L
  1; 16; 90;0xb5dbfff73c034008020f1215d984fff8L
  1; 16; 91;0xbcbcbcbc3c036008020f329651a7ffdaL
  1; 16; 92;0x51a7ffda3c036008020f32d68d9fffdbL
  1; 16; 93;0x8d9fffdb3c036008020f3316e1c7ffdcL
  1; 16; 94;0xe1c7ffdc3c036008020f33566198ffddL
  1; 16; 95;0x6198ffdd3c036008020f339679c8ffdeL
  1; 16; 96;0x79c8ffde3c036008020f33d5e97bffdfL
  1; 16; 97;0xe97bffdf3c036008020f3016199dffd0L
  1; 16; 98;0x199dffd03c036008020f30566dbeffd1L
  1; 16; 99;0x6dbeffd13c036008020f309719aeffd2L
  1; 16;100;0x19aeffd23c036008020f30d6ede0ffd3L
  1; 16;101;0xede0ffd33c036008020f31170dd8ffd4L
  1; 16;102;0xdd8ffd43c036008020f3156e5d2ffd5L
  1; 16;103;0xe5d2ffd53c036008020f319715c5ffd6L
  1; 16;104;0x15c5ffd63c036008020f31d6b1d7ffd7L
  1; 16;105;0xb1d7ffd73c036008020f3215e186ffd8L
  1; 16;106;0xbcbcbcbc3c038008020f12964da9fffaL
  1; 16;107;0x4da9fffa3c038008020f12d6899cfffbL
  1; 16;108;0x899cfffb3c038008020f1316e1c8fffcL
  1; 16;109;0xe1c8fffc3c038008020f13565197fffdL
  1; 16;110;0x5197fffd3c038008020f139679c9fffeL
  1; 16;111;0x79c9fffe3c038008020f13d5f580ffffL
  1; 16;112;0xf580ffff3c038008020f101615a2fff0L
  1; 16;113;0x15a2fff03c038008020f105695befff1L
  1; 16;114;0x95befff13c038008020f10970db2fff2L
  1; 16;115;0xdb2fff23c038008020f10d6f5e0fff3L
  1; 16;116;0xf5e0fff33c038008020f11170dd8fff4L
  1; 16;117;0xdd8fff43c038008020f1156e9d6ffb5L
  1; 16;118;0xe9d6ffb53c038008020f11971dc0fff6L
  1; 16;119;0x1dc0fff63c038008020f11d6c1dafff7L
  1; 16;120;0xc1dafff73c038008020f1215e587fff8L
  1; 16;121;0xbcbcbcbc3c03a008020f329649a6ffdaL
  1; 16;122;0x49a6ffda3c03a008020f32d6819dffdbL
  1; 16;123;0x819dffdb3c03a008020f3316ddc7ffdcL
  1; 16;124;0xddc7ffdc3c03a008020f33565d97ffddL
  1; 16;125;0x5d97ffdd3c03a008020f339679c8ffdeL
  1; 16;126;0x79c8ffde3c03a008020f33d5f17cffdfL
  1; 16;127;0xf17cffdf3c03a008020f3016199effd0L
  1; 16;128;0x199effd03c03a008020f30566dbcffd1L
  1; 16;129;0x6dbcffd13c03a008020f309715aeffd2L
  1; 16;130;0x15aeffd23c03a008020f30d6e5e0ffd3L
  1; 16;131;0xe5e0ffd33c03a008020f311709daffd4L
  1; 16;132;0x9daffd43c03a008020f3156ddd2ffd5L
  1; 16;133;0xddd2ffd53c03a008020f319719c6ffd6L
  1; 16;134;0x19c6ffd63c03a008020f31d6a9d6ffd7L
  1; 16;135;0xa9d6ffd73c03a008020f3215dd84ffd8L
  1; 16;136;0xbcbcbcbc3c03c008020f12964da9fffaL
  1; 16;137;0x4da9fffa3c03c008020f12d6859dfffbL
  1; 16;138;0x859dfffb3c03c008020f1316ddc8fffcL
  1; 16;139;0xddc8fffc3c03c008020f13565996fffdL
  1; 16;140;0x5996fffd3c03c008020f139679cafffeL
  1; 16;141;0x79cafffe3c03c008020f13d5fd7dffffL
  1; 16;142;0xfd7dffff3c03c008020f101609a0fff0L
  1; 16;143;0x9a0fff03c03c008020f10568dbefff1L
  1; 16;144;0x8dbefff13c03c008020f109709b3fff2L
  1; 16;145;0x9b3fff23c03c008020f10d6ede1fff3L
  1; 16;146;0xede1fff33c03c008020f11170dd8fff4L
  1; 16;147;0xdd8fff43c03c008020f1156e5d5ffb5L
  1; 16;148;0xe5d5ffb53c03c008020f119725c1fff6L
  1; 16;149;0x25c1fff63c03c008020f11d6bddafff7L
  1; 16;150;0xbddafff73c03c008020f1215e588fff8L
  1; 16;151;0xbcbcbcbc3c03e008020f32964da9ffdaL
  1; 16;152;0x4da9ffda3c03e008020f32d6899effdbL
  1; 16;153;0x899effdb3c03e008020f3316e9c8ffdcL
  1; 16;154;0xe9c8ffdc3c03e008020f33565d98ffddL
  1; 16;155;0x5d98ffdd3c03e008020f339679c8ffdeL
  1; 16;156;0x79c8ffde3c03e008020f33d5e97cffdfL
  1; 16;157;0xe97cffdf3c03e008020f3016159effd0L
  1; 16;158;0x159effd03c03e008020f305675beffd1L
  1; 16;159;0x75beffd13c03e008020f30971dadffd2L
  1; 16;160;0x1dadffd23c03e008020f30d6ede0ffd3L
  1; 16;161;0xede0ffd33c03e008020f311705d9ffd4L
  1; 16;162;0x5d9ffd43c03e008020f3156e5d4ff95L
  1; 16;163;0xe5d4ff953c03e008020f319711c6ffd6L
  1; 16;164;0x11c6ffd63c03e008020f31d6b5d7ffd7L
  1; 16;165;0xb5d7ffd73c03e008020f3215e586ffd8L
  1; 16;166;0xbcbcbcbc3c000008020f129649a7fffaL
  1; 16;167;0x49a7fffa3c000008020f12d6859dfffbL
  1; 16;168;0x859dfffb3c000008020f1316e1c7fffcL
  1; 16;169;0xe1c7fffc3c000008020f13565197fffdL
  1; 16;170;0x5197fffd3c000008020f139675c9fffeL
  1; 16;171;0x75c9fffe3c000008020f13d5f57effffL
  1; 16;172;0xf57effff3c000008020f101611a0fff0L
  1; 16;173;0x11a0fff03c000008020f105689bffff1L
  1; 16;174;0x89bffff13c000008020f109705affff2L
  1; 16;175;0x5affff23c000008020f10d6ede0fff3L
  1; 16;176;0xede0fff33c000008020f11170dd7fff4L
  1; 16;177;0xdd7fff43c000008020f1156e9d4ffb5L
  1; 16;178;0xe9d4ffb53c000008020f119721c0fff6L
  1; 16;179;0x21c0fff63c000008020f11d6bddbfff7L
  1; 16;180;0xbddbfff73c000008020f1215e588fff8L
  1; 16;181;0xbcbcbcbc3c002008020f32965dabffdaL
  1; 16;182;0x5dabffda3c002008020f32d695a3ffdbL
  1; 16;183;0x95a3ffdb3c002008020f3316edccffdcL
  1; 16;184;0xedccffdc3c002008020f33566d9bffddL
  1; 16;185;0x6d9bffdd3c002008020f339691caffdeL
  1; 16;186;0x91caffde3c002008020f33d5f980ffdfL
  1; 16;187;0xf980ffdf3c002008020f301629a3ffd0L
  1; 16;188;0x29a3ffd03c002008020f305685c1ffd1L
  1; 16;189;0x85c1ffd13c002008020f30972db2ffd2L
  1; 16;190;0x2db2ffd23c002008020f30d6f5e1ffd3L
  1; 16;191;0xf5e1ffd33c002008020f311719ddffd4L
  1; 16;192;0x19ddffd43c002008020f3156edd5ffd5L
  1; 16;193;0xedd5ffd53c002008020f319725c8ffd6L
  1; 16;194;0x25c8ffd63c002008020f31d6c1daffd7L
  1; 16;195;0xc1daffd73c002008020f3215ed88ffd8L
  1; 16;196;0xbcbcbcbc3c004008020f12963da5fffaL
  1; 16;197;0x3da5fffa3c004008020f12d6799afffbL
  1; 16;198;0x799afffb3c004008020f1316cdc6fffcL
  1; 16;199;0xcdc6fffc3c004008020f13564593fffdL
  1; 16;200;0x4593fffd3c004008020f139661c5fffeL
  1; 16;201;0x61c5fffe3c004008020f13d5dd7affffL
  1; 16;202;0xdd7affff3c004008020f1015fd9bfff0L
  1; 16;203;0xfd9bfff03c004008020f10567dbafff1L
  1; 16;204;0x7dbafff13c004008020f109709affff2L
  1; 16;205;0x9affff23c004008020f10d6e1dffff3L
  1; 16;206;0xe1dffff33c004008020f1116f9d5fff4L
  1; 16;207;0xf9d5fff43c004008020f1156d9d2fff5L
  1; 16;208;0xd9d2fff53c004008020f119719bbfff6L
  1; 16;209;0x19bbfff63c004008020f11d6add8fff7L
  1; 16;210;0xadd8fff73c004008020f1215d582fff8L
  1; 16;211;0xbcbcbcbc3c006008020f32965da8ffdaL
  1; 16;212;0x5da8ffda3c006008020f32d689a1ffdbL
  1; 16;213;0x89a1ffdb3c006008020f3316e9caffdcL
  1; 16;214;0xe9caffdc3c006008020f33566d99ffddL
  1; 16;215;0x6d99ffdd3c006008020f339689c9ffdeL
  1; 16;216;0x89c9ffde3c006008020f33d5f17effdfL
  1; 16;217;0xf17effdf3c006008020f30161da0ffd0L
  1; 16;218;0x1da0ffd03c006008020f305679c1ffd1L
  1; 16;219;0x79c1ffd13c006008020f309721b2ffd2L
  1; 16;220;0x21b2ffd23c006008020f30d6f5e1ffd3L
  1; 16;221;0xf5e1ffd33c006008020f311711daffd4L
  1; 16;222;0x11daffd43c006008020f3156e5d4ff95L
  1; 16;223;0xe5d4ff953c006008020f319719c6ffd6L
  1; 16;224;0x19c6ffd63c006008020f31d6b1d8ffd7L
  1; 16;225;0xb1d8ffd73c006008020f3215e586ffd8L
  1; 16;226;0xbcbcbcbc3c008008020f129645a8fffaL
  1; 16;227;0x45a8fffa3c008008020f12d6859bfffbL
  1; 16;228;0x859bfffb3c008008020f1316ddc6fffcL
  1; 16;229;0xddc6fffc3c008008020f13564d96fffdL
  1; 16;230;0x4d96fffd3c008008020f139671c8fffeL
  1; 16;231;0x71c8fffe3c008008020f13d5ed7cffffL
  1; 16;232;0xed7cffff3c008008020f101609a1fff0L
  1; 16;233;0x9a1fff03c008008020f105689befff1L
  1; 16;234;0x89befff13c008008020f109705b1fff2L
  1; 16;235;0x5b1fff23c008008020f10d6ede2fff3L
  1; 16;236;0xede2fff33c008008020f111709d8fff4L
  1; 16;237;0x9d8fff43c008008020f1156e5d6fff5L
  1; 16;238;0xe5d6fff53c008008020f119725bffff6L
  1; 16;239;0x25bffff63c008008020f11d6b9dbfff7L
  1; 16;240;0xb9dbfff73c008008020f1215dd87fff8L
  1; 16;241;0xbcbcbcbc3c00a008020f329649a5ffdaL
  1; 16;242;0x49a5ffda3c00a008020f32d6899dffdbL
  1; 16;243;0x899dffdb3c00a008020f3316ddc6ffdcL
  1; 16;244;0xddc6ffdc3c00a008020f33565997ffddL
  1; 16;245;0x5997ffdd3c00a008020f339679c7ffdeL
  1; 16;246;0x79c7ffde3c00a008020f33d5dd7bffdfL
  1; 16;247;0xdd7bffdf3c00a008020f3016119bffd0L
  1; 16;248;0x119bffd03c00a008020f305665bbffd1L
  1; 16;249;0x65bbffd13c00a008020f309715adffd2L
  1; 16;250;0x15adffd23c00a008020f30d6d9ddffd3L
  1; 16;251;0xd9ddffd33c00a008020f311701d7ffd4L
  1; 16;252;0x1d7ffd43c00a008020f3156d9d2ff95L
  1; 16;253;0xd9d2ff953c00a008020f31970dc2ffd6L
  1; 16;254;0xdc2ffd63c00a008020f31d6add4ffd7L
  1; 16;255;0xadd4ffd73c00a008020f3215d583ffd8L
  1; 16;256;0xbcbcbcbc3c00c008020f12964da9fffaL
  1; 17;  1;0xbcbcbcbc3c02e008020f3296edd1ffdaL
  1; 17;  2;0xedd1ffda3c02e008020f32d68995ffdbL
  1; 17;  3;0x8995ffdb3c02e008020f331669c0ffdcL
  1; 17;  4;0x69c0ffdc3c02e008020f335659c4ffddL
  1; 17;  5;0x59c4ffdd3c02e008020f3395fd8effdeL
  1; 17;  6;0xfd8effde3c02e008020f33d6958bffdfL
  1; 17;  7;0x958bffdf3c02e008020f301719beffd0L
  1; 17;  8;0x19beffd03c02e008020f305651b4ffd1L
  1; 17;  9;0x51b4ffd13c02e008020f309729bdffd2L
  1; 17; 10;0x29bdffd23c02e008020f30d775bdffd3L
  1; 17; 11;0x75bdffd33c02e008020f3116ddd9ffd4L
  1; 17; 12;0xddd9ffd43c02e008020f3156a5ebffd5L
  1; 17; 13;0xa5ebffd53c02e008020f319735ecffd6L
  1; 17; 14;0x35ecffd63c02e008020f31d761d9ffd7L
  1; 17; 15;0x61d9ffd73c02e008020f321741c7ffd8L
  1; 17; 16;0xbcbcbcbc3c030008020f1296d9c6fffaL
  1; 17; 17;0xd9c6fffa3c030008020f12d6898bfffbL
  1; 17; 18;0x898bfffb3c030008020f131681bcfffcL
  1; 17; 19;0x81bcfffc3c030008020f13562dbbfffdL
  1; 17; 20;0x2dbbfffd3c030008020f1395f188fffeL
  1; 17; 21;0xf188fffe3c030008020f13d66d89ffffL
  1; 17; 22;0x6d89ffff3c030008020f101715befff0L
  1; 17; 23;0x15befff03c030008020f105641b1fff1L
  1; 17; 24;0x41b1fff13c030008020f109719b7fff2L
  1; 17; 25;0x19b7fff23c030008020f10d779bbfff3L
  1; 17; 26;0x79bbfff33c030008020f1116d5dafff4L
  1; 17; 27;0xd5dafff43c030008020f1156ade9fff5L
  1; 17; 28;0xade9fff53c030008020f119735eafff6L
  1; 17; 29;0x35eafff63c030008020f11d751d1fff7L
  1; 17; 30;0x51d1fff73c030008020f121735bcfff8L
  1; 17; 31;0xbcbcbcbc3c032008020f3296e1d0ffdaL
  1; 17; 32;0xe1d0ffda3c032008020f32d68193ffdbL
  1; 17; 33;0x8193ffdb3c032008020f331659beffdcL
  1; 17; 34;0x59beffdc3c032008020f335655c2ffddL
  1; 17; 35;0x55c2ffdd3c032008020f3395f98bffdeL
  1; 17; 36;0xf98bffde3c032008020f33d68d89ffdfL
  1; 17; 37;0x8d89ffdf3c032008020f301719bcffd0L
  1; 17; 38;0x19bcffd03c032008020f30564db4ffd1L
  1; 17; 39;0x4db4ffd13c032008020f309721baffd2L
  1; 17; 40;0x21baffd23c032008020f30d76dbcffd3L
  1; 17; 41;0x6dbcffd33c032008020f3116d1d7ffd4L
  1; 17; 42;0xd1d7ffd43c032008020f3156a9eaffd5L
  1; 17; 43;0xa9eaffd53c032008020f31972deaffd6L
  1; 17; 44;0x2deaffd63c032008020f31d75dd7ffd7L
  1; 17; 45;0x5dd7ffd73c032008020f321739c5ffd8L
  1; 17; 46;0xbcbcbcbc3c034008020f1296d5c5fffaL
  1; 17; 47;0xd5c5fffa3c034008020f12d6918bfffbL
  1; 17; 48;0x918bfffb3c034008020f131679befffcL
  1; 17; 49;0x79befffc3c034008020f135635befffdL
  1; 17; 50;0x35befffd3c034008020f13960589fffeL
  1; 17; 51;0x589fffe3c034008020f13d67187ffffL
  1; 17; 52;0x7187ffff3c034008020f101715c2fff0L
  1; 17; 53;0x15c2fff03c034008020f105649b1fff1L
  1; 17; 54;0x49b1fff13c034008020f109719b9fff2L
  1; 17; 55;0x19b9fff23c034008020f10d77dbcfff3L
  1; 17; 56;0x7dbcfff33c034008020f1116dddbfff4L
  1; 17; 57;0xdddbfff43c034008020f1156b1e9fff5L
  1; 17; 58;0xb1e9fff53c034008020f119735ebfff6L
  1; 17; 59;0x35ebfff63c034008020f11d759d3fff7L
  1; 17; 60;0x59d3fff73c034008020f121739bcfff8L
  1; 17; 61;0xbcbcbcbc3c036008020f3296e9d0ffdaL
  1; 17; 62;0xe9d0ffda3c036008020f32d68594ffdbL
  1; 17; 63;0x8594ffdb3c036008020f331661beffdcL
  1; 17; 64;0x61beffdc3c036008020f335659c3ffddL
  1; 17; 65;0x59c3ffdd3c036008020f3395f18dffdeL
  1; 17; 66;0xf18dffde3c036008020f33d6918affdfL
  1; 17; 67;0x918affdf3c036008020f301715baffd0L
  1; 17; 68;0x15baffd03c036008020f305651b4ffd1L
  1; 17; 69;0x51b4ffd13c036008020f30971dbaffd2L
  1; 17; 70;0x1dbaffd23c036008020f30d771beffd3L
  1; 17; 71;0x71beffd33c036008020f3116d9d8ffd4L
  1; 17; 72;0xd9d8ffd43c036008020f3156a9eaffd5L
  1; 17; 73;0xa9eaffd53c036008020f31972debffd6L
  1; 17; 74;0x2debffd63c036008020f31d761d8ffd7L
  1; 17; 75;0x61d8ffd73c036008020f321739c2ffd8L
  1; 17; 76;0xbcbcbcbc3c038008020f1296d5c5fffaL
  1; 17; 77;0xd5c5fffa3c038008020f12d68d8bfffbL
  1; 17; 78;0x8d8bfffb3c038008020f131679bcfffcL
  1; 17; 79;0x79bcfffc3c038008020f135631bdfffdL
  1; 17; 80;0x31bdfffd3c038008020f1395f187fffeL
  1; 17; 81;0xf187fffe3c038008020f13d6718affffL
  1; 17; 82;0x718affff3c038008020f10170dc2fff0L
  1; 17; 83;0xdc2fff03c038008020f105649b2fff1L
  1; 17; 84;0x49b2fff13c038008020f10971db9fff2L
  1; 17; 85;0x1db9fff23c038008020f10d779bbfff3L
  1; 17; 86;0x79bbfff33c038008020f1116ddd9fff4L
  1; 17; 87;0xddd9fff43c038008020f1156b5e9fff5L
  1; 17; 88;0xb5e9fff53c038008020f119731eafff6L
  1; 17; 89;0x31eafff63c038008020f11d751d2fff7L
  1; 17; 90;0x51d2fff73c038008020f12173dbdfff8L
  1; 17; 91;0xbcbcbcbc3c03a008020f3296e1cfffdaL
  1; 17; 92;0xe1cfffda3c03a008020f32d68594ffdbL
  1; 17; 93;0x8594ffdb3c03a008020f331655bcffdcL
  1; 17; 94;0x55bcffdc3c03a008020f33564dc2ffddL
  1; 17; 95;0x4dc2ffdd3c03a008020f3395e98cffdeL
  1; 17; 96;0xe98cffde3c03a008020f33d69189ffdfL
  1; 17; 97;0x9189ffdf3c03a008020f30171dbaffd0L
  1; 17; 98;0x1dbaffd03c03a008020f305649b3ffd1L
  1; 17; 99;0x49b3ffd13c03a008020f309715b8ffd2L
  1; 17;100;0x15b8ffd23c03a008020f30d769bbffd3L
  1; 17;101;0x69bbffd33c03a008020f3116d1d6ffd4L
  1; 17;102;0xd1d6ffd43c03a008020f3156a1e9ffd5L
  1; 17;103;0xa1e9ffd53c03a008020f319731eaffd6L
  1; 17;104;0x31eaffd63c03a008020f31d755d5ffd7L
  1; 17;105;0x55d5ffd73c03a008020f321735c2ffd8L
  1; 17;106;0xbcbcbcbc3c03c008020f1296d5c6fffaL
  1; 17;107;0xd5c6fffa3c03c008020f12d6958ffffbL
  1; 17;108;0x958ffffb3c03c008020f131681bcfffcL
  1; 17;109;0x81bcfffc3c03c008020f13563dbffffdL
  1; 17;110;0x3dbffffd3c03c008020f1395fd89fffeL
  1; 17;111;0xfd89fffe3c03c008020f13d67988ffffL
  1; 17;112;0x7988ffff3c03c008020f101711c0fff0L
  1; 17;113;0x11c0fff03c03c008020f10564db3fff1L
  1; 17;114;0x4db3fff13c03c008020f10971dbafff2L
  1; 17;115;0x1dbafff23c03c008020f10d779bbfff3L
  1; 17;116;0x79bbfff33c03c008020f1116d9d9fff4L
  1; 17;117;0xd9d9fff43c03c008020f1156bdeafff5L
  1; 17;118;0xbdeafff53c03c008020f119739edfff6L
  1; 17;119;0x39edfff63c03c008020f11d75dd3fff7L
  1; 17;120;0x5dd3fff73c03c008020f121739bcfff8L
  1; 17;121;0xbcbcbcbc3c03e008020f3296e9d0ffdaL
  1; 17;122;0xe9d0ffda3c03e008020f32d68995ffdbL
  1; 17;123;0x8995ffdb3c03e008020f331665beffdcL
  1; 17;124;0x65beffdc3c03e008020f335651c3ffddL
  1; 17;125;0x51c3ffdd3c03e008020f3395f98dffdeL
  1; 17;126;0xf98dffde3c03e008020f33d6918bffdfL
  1; 17;127;0x918bffdf3c03e008020f30171dbdffd0L
  1; 17;128;0x1dbdffd03c03e008020f305651b4ffd1L
  1; 17;129;0x51b4ffd13c03e008020f309721bcffd2L
  1; 17;130;0x21bcffd23c03e008020f30d769bfffd3L
  1; 17;131;0x69bfffd33c03e008020f3116ddd8ffd4L
  1; 17;132;0xddd8ffd43c03e008020f3156a5ebffd5L
  1; 17;133;0xa5ebffd53c03e008020f319731ecffd6L
  1; 17;134;0x31ecffd63c03e008020f31d75dd6ffd7L
  1; 17;135;0x5dd6ffd73c03e008020f32173dc4ffd8L
  1; 17;136;0xbcbcbcbc3c000008020f1296d5c5fffaL
  1; 17;137;0xd5c5fffa3c000008020f12d6918bfffbL
  1; 17;138;0x918bfffb3c000008020f131681bdfffcL
  1; 17;139;0x81bdfffc3c000008020f135639bcfffdL
  1; 17;140;0x39bcfffd3c000008020f1395f987fffeL
  1; 17;141;0xf987fffe3c000008020f13d66d88ffffL
  1; 17;142;0x6d88ffff3c000008020f101711c0fff0L
  1; 17;143;0x11c0fff03c000008020f10564db2fff1L
  1; 17;144;0x4db2fff13c000008020f10971db8fff2L
  1; 17;145;0x1db8fff23c000008020f10d77dbcfff3L
  1; 17;146;0x7dbcfff33c000008020f1116d9dafff4L
  1; 17;147;0xd9dafff43c000008020f1156b1e8fff5L
  1; 17;148;0xb1e8fff53c000008020f119735ebfff6L
  1; 17;149;0x35ebfff63c000008020f11d755d2fff7L
  1; 17;150;0x55d2fff73c000008020f121739bdfff8L
  1; 17;151;0xbcbcbcbc3c002008020f3296f1d2ffdaL
  1; 17;152;0xf1d2ffda3c002008020f32d68595ffdbL
  1; 17;153;0x8595ffdb3c002008020f331665beffdcL
  1; 17;154;0x65beffdc3c002008020f33565dc6ffddL
  1; 17;155;0x5dc6ffdd3c002008020f3396018fffdeL
  1; 17;156;0x18fffde3c002008020f33d6998effdfL
  1; 17;157;0x998effdf3c002008020f301725bdffd0L
  1; 17;158;0x25bdffd03c002008020f305649b6ffd1L
  1; 17;159;0x49b6ffd13c002008020f309725bcffd2L
  1; 17;160;0x25bcffd23c002008020f30d771bfffd3L
  1; 17;161;0x71bfffd33c002008020f3116e1d9ffd4L
  1; 17;162;0xe1d9ffd43c002008020f3156b1ecffd5L
  1; 17;163;0xb1ecffd53c002008020f319739ecffd6L
  1; 17;164;0x39ecffd63c002008020f31d769d8ffd7L
  1; 17;165;0x69d8ffd73c002008020f321749c6ffd8L
  1; 17;166;0xbcbcbcbc3c004008020f1296d5c6fffaL
  1; 17;167;0xd5c6fffa3c004008020f12d68d89fffbL
  1; 17;168;0x8d89fffb3c004008020f13167dbdfffcL
  1; 17;169;0x7dbdfffc3c004008020f135631bdfffdL
  1; 17;170;0x31bdfffd3c004008020f1395f587fffeL
  1; 17;171;0xf587fffe3c004008020f13d67186ffffL
  1; 17;172;0x7186ffff3c004008020f101711bffff0L
  1; 17;173;0x11bffff03c004008020f105651b2fff1L
  1; 17;174;0x51b2fff13c004008020f109719b8fff2L
  1; 17;175;0x19b8fff23c004008020f10d779bafff3L
  1; 17;176;0x79bafff33c004008020f1116ddd9fff4L
  1; 17;177;0xddd9fff43c004008020f1156b1e9fff5L
  1; 17;178;0xb1e9fff53c004008020f119731ebfff6L
  1; 17;179;0x31ebfff63c004008020f11d74dd1fff7L
  1; 17;180;0x4dd1fff73c004008020f121731bcfff8L
  1; 17;181;0xbcbcbcbc3c006008020f3296e9d0ffdaL
  1; 17;182;0xe9d0ffda3c006008020f32d68194ffdbL
  1; 17;183;0x8194ffdb3c006008020f331665beffdcL
  1; 17;184;0x65beffdc3c006008020f335659c3ffddL
  1; 17;185;0x59c3ffdd3c006008020f3395fd90ffdeL
  1; 17;186;0xfd90ffde3c006008020f33d6958bffdfL
  1; 17;187;0x958bffdf3c006008020f301719bcffd0L
  1; 17;188;0x19bcffd03c006008020f305645b3ffd1L
  1; 17;189;0x45b3ffd13c006008020f309725bdffd2L
  1; 17;190;0x25bdffd23c006008020f30d771bfffd3L
  1; 17;191;0x71bfffd33c006008020f3116ddd8ffd4L
  1; 17;192;0xddd8ffd43c006008020f3156b5eaffd5L
  1; 17;193;0xb5eaffd53c006008020f319735ebffd6L
  1; 17;194;0x35ebffd63c006008020f31d761d9ffd7L
  1; 17;195;0x61d9ffd73c006008020f32173dc5ffd8L
  1; 17;196;0xbcbcbcbc3c008008020f1296c9c4fffaL
  1; 17;197;0xc9c4fffa3c008008020f12d68587fffbL
  1; 17;198;0x8587fffb3c008008020f131675bcfffcL
  1; 17;199;0x75bcfffc3c008008020f13562dbbfffdL
  1; 17;200;0x2dbbfffd3c008008020f1395f188fffeL
  1; 17;201;0xf188fffe3c008008020f13d66988ffffL
  1; 17;202;0x6988ffff3c008008020f101705befff0L
  1; 17;203;0x5befff03c008008020f10563db1fff1L
  1; 17;204;0x3db1fff13c008008020f109711b5fff2L
  1; 17;205;0x11b5fff23c008008020f10d775b8fff3L
  1; 17;206;0x75b8fff33c008008020f1116cdd8fff4L
  1; 17;207;0xcdd8fff43c008008020f1156ade7fff5L
  1; 17;208;0xade7fff53c008008020f119725ebfff6L
  1; 17;209;0x25ebfff63c008008020f11d749d0fff7L
  1; 17;210;0x49d0fff73c008008020f121729b8fff8L
  1; 17;211;0xbcbcbcbc3c00a008020f3296e1ceffdaL
  1; 17;212;0xe1ceffda3c00a008020f32d67191ffdbL
  1; 17;213;0x7191ffdb3c00a008020f331655bdffdcL
  1; 17;214;0x55bdffdc3c00a008020f33564dc1ffddL
  1; 17;215;0x4dc1ffdd3c00a008020f3395ed8dffdeL
  1; 17;216;0xed8dffde3c00a008020f33d68588ffdfL
  1; 17;217;0x8588ffdf3c00a008020f301719baffd0L
  1; 17;218;0x19baffd03c00a008020f305649b3ffd1L
  1; 17;219;0x49b3ffd13c00a008020f309721b9ffd2L
  1; 17;220;0x21b9ffd23c00a008020f30d771bdffd3L
  1; 17;221;0x71bdffd33c00a008020f3116d1d6ffd4L
  1; 17;222;0xd1d6ffd43c00a008020f3156a1eaffd5L
  1; 17;223;0xa1eaffd53c00a008020f319729eaffd6L
  1; 17;224;0x29eaffd63c00a008020f31d755d5ffd7L
  1; 17;225;0x55d5ffd73c00a008020f32173dc3ffd8L
  1; 17;226;0xbcbcbcbc3c00c008020f1296d5c7fffaL
  1; 17;227;0xd5c7fffa3c00c008020f12d6918afffbL
  1; 17;228;0x918afffb3c00c008020f131681bcfffcL
  1; 17;229;0x81bcfffc3c00c008020f135639bdfffdL
  1; 17;230;0x39bdfffd3c00c008020f1395f987fffeL
  1; 17;231;0xf987fffe3c00c008020f13d67188ffffL
  1; 17;232;0x7188ffff3c00c008020f101715c0fff0L
  1; 17;233;0x15c0fff03c00c008020f105651b2fff1L
  1; 17;234;0x51b2fff13c00c008020f10971db9fff2L
  1; 17;235;0x1db9fff23c00c008020f10d775bafff3L
  1; 17;236;0x75bafff33c00c008020f1116dddafff4L
  1; 17;237;0xdddafff43c00c008020f1156b5eafff5L
  1; 17;238;0xb5eafff53c00c008020f119731e9fff6L
  1; 17;239;0x31e9fff63c00c008020f11d759d3fff7L
  1; 17;240;0x59d3fff73c00c008020f121735bcfff8L
  1; 17;241;0xbcbcbcbc3c00e008020f3296e1cfffdaL
  1; 17;242;0xe1cfffda3c00e008020f32d67993ffdbL
  1; 17;243;0x7993ffdb3c00e008020f33165dbbffdcL
  1; 17;244;0x5dbbffdc3c00e008020f33564dc2ffddL
  1; 17;245;0x4dc2ffdd3c00e008020f3395ed8dffdeL
  1; 17;246;0xed8dffde3c00e008020f33d68989ffdfL
  1; 17;247;0x8989ffdf3c00e008020f301719b9ffd0L
  1; 17;248;0x19b9ffd03c00e008020f305649b1ffd1L
  1; 17;249;0x49b1ffd13c00e008020f30971db8ffd2L
  1; 17;250;0x1db8ffd23c00e008020f30d769bcffd3L
  1; 17;251;0x69bcffd33c00e008020f3116d5d7ffd4L
  1; 17;252;0xd5d7ffd43c00e008020f3156a9eaffd5L
  1; 17;253;0xa9eaffd53c00e008020f319729e9ffd6L
  1; 17;254;0x29e9ffd63c00e008020f31d755d5ffd7L
  1; 17;255;0x55d5ffd73c00e008020f321735c2ffd8L
  1; 17;256;0xbcbcbcbc3c010008020f1296d9c7fffaL
  1; 18;  1;0xbcbcbcbc3c030008020f1297e1dbfffaL
  1; 18;  2;0xe1dbfffa3c030008020f12d78de4fffbL
  1; 18;  3;0x8de4fffb3c030008020f1317b9e4fffcL
  1; 18;  4;0xb9e4fffc3c030008020f1357b5fafffdL
  1; 18;  5;0xb5fafffd3c030008020f1397f1f8ffbeL
  1; 18;  6;0xf1f8ffbe3c030008020f13d775f5ffffL
  1; 18;  7;0x75f5ffff3c030008020f1017e1f8fff0L
  1; 18;  8;0xe1f8fff03c030008020f105725ecfff1L
  1; 18;  9;0x25ecfff13c030008020f10979decfff2L
  1; 18; 10;0x9decfff23c030008020f10d7edfffff3L
  1; 18; 11;0xedfffff33c030008020f1117fdfffff4L
  1; 18; 12;0xfdfffff43c030008020f1157c1effff5L
  1; 18; 13;0xc1effff53c030008020f1197e9f3fff6L
  1; 18; 14;0xe9f3fff63c030008020f11d7cdf4ffb7L
  1; 18; 15;0xcdf4ffb73c030008020f121799e9fff8L
  1; 18; 16;0xbcbcbcbc3c032008020f3297e5ddffdaL
  1; 18; 17;0xe5ddffda3c032008020f32d7a5e4ffdbL
  1; 18; 18;0xa5e4ffdb3c032008020f3317bde8ffdcL
  1; 18; 19;0xbde8ffdc3c032008020f3357c1fbffddL
  1; 18; 20;0xc1fbffdd3c032008020f3397f5faff9eL
  1; 18; 21;0xf5faff9e3c032008020f33d785f8ffdfL
  1; 18; 22;0x85f8ffdf3c032008020f3017e9fbffd0L
  1; 18; 23;0xe9fbffd03c032008020f305731edffd1L
  1; 18; 24;0x31edffd13c032008020f3097b1efffd2L
  1; 18; 25;0xb1efffd23c032008020f30d7edffffd3L
  1; 18; 26;0xedffffd33c032008020f3117fdffffd4L
  1; 18; 27;0xfdffffd43c032008020f3157c1efffd5L
  1; 18; 28;0xc1efffd53c032008020f3197e9f7ffd6L
  1; 18; 29;0xe9f7ffd63c032008020f31d7d5f5ff97L
  1; 18; 30;0xd5f5ff973c032008020f321791edffd8L
  1; 18; 31;0xbcbcbcbc3c034008020f1297e5ddfffaL
  1; 18; 32;0xe5ddfffa3c034008020f12d791e5fffbL
  1; 18; 33;0x91e5fffb3c034008020f1317b9e4fffcL
  1; 18; 34;0xb9e4fffc3c034008020f1357bdfafffdL
  1; 18; 35;0xbdfafffd3c034008020f1397f5faffbeL
  1; 18; 36;0xf5faffbe3c034008020f13d779f5ffffL
  1; 18; 37;0x79f5ffff3c034008020f1017e5f9fff0L
  1; 18; 38;0xe5f9fff03c034008020f10572debfff1L
  1; 18; 39;0x2debfff13c034008020f1097a5effff2L
  1; 18; 40;0xa5effff23c034008020f10d7edfffff3L
  1; 18; 41;0xedfffff33c034008020f1117fdfffff4L
  1; 18; 42;0xfdfffff43c034008020f1157c1effff5L
  1; 18; 43;0xc1effff53c034008020f1197e9f4fff6L
  1; 18; 44;0xe9f4fff63c034008020f11d7d1f5ffb7L
  1; 18; 45;0xd1f5ffb73c034008020f12179de9fff8L
  1; 18; 46;0xbcbcbcbc3c036008020f3297e5dcffdaL
  1; 18; 47;0xe5dcffda3c036008020f32d79de4ffdbL
  1; 18; 48;0x9de4ffdb3c036008020f3317bde8ffdcL
  1; 18; 49;0xbde8ffdc3c036008020f3357bdfbffddL
  1; 18; 50;0xbdfbffdd3c036008020f3397f5f9ff9eL
  1; 18; 51;0xf5f9ff9e3c036008020f33d781f8ffdfL
  1; 18; 52;0x81f8ffdf3c036008020f3017e5f9ffd0L
  1; 18; 53;0xe5f9ffd03c036008020f305725ecffd1L
  1; 18; 54;0x25ecffd13c036008020f3097b1eeffd2L
  1; 18; 55;0xb1eeffd23c036008020f30d7edffffd3L
  1; 18; 56;0xedffffd33c036008020f3117fdffffd4L
  1; 18; 57;0xfdffffd43c036008020f3157c1efffd5L
  1; 18; 58;0xc1efffd53c036008020f3197e9f6ffd6L
  1; 18; 59;0xe9f6ffd63c036008020f31d7d1f4ff97L
  1; 18; 60;0xd1f4ff973c036008020f321791ecffd8L
  1; 18; 61;0xbcbcbcbc3c038008020f1297e5ddfffaL
  1; 18; 62;0xe5ddfffa3c038008020f12d78de7fffbL
  1; 18; 63;0x8de7fffb3c038008020f1317bde5fffcL
  1; 18; 64;0xbde5fffc3c038008020f1357c1fbfffdL
  1; 18; 65;0xc1fbfffd3c038008020f1397f5f9ffbeL
  1; 18; 66;0xf5f9ffbe3c038008020f13d77df6ffffL
  1; 18; 67;0x7df6ffff3c038008020f1017e5fafff0L
  1; 18; 68;0xe5fafff03c038008020f10572decfff1L
  1; 18; 69;0x2decfff13c038008020f1097a5eefff2L
  1; 18; 70;0xa5eefff23c038008020f10d7edfffff3L
  1; 18; 71;0xedfffff33c038008020f1117fdfffff4L
  1; 18; 72;0xfdfffff43c038008020f1157c1f0fff5L
  1; 18; 73;0xc1f0fff53c038008020f1197e9f4fff6L
  1; 18; 74;0xe9f4fff63c038008020f11d7d1f5ffb7L
  1; 18; 75;0xd1f5ffb73c038008020f1217a1ebfff8L
  1; 18; 76;0xbcbcbcbc3c03a008020f3297e5dbffdaL
  1; 18; 77;0xe5dbffda3c03a008020f32d79de3ffdbL
  1; 18; 78;0x9de3ffdb3c03a008020f3317bde6ffdcL
  1; 18; 79;0xbde6ffdc3c03a008020f3357b9fbffddL
  1; 18; 80;0xb9fbffdd3c03a008020f3397f5f9ff9eL
  1; 18; 81;0xf5f9ff9e3c03a008020f33d779f8ffdfL
  1; 18; 82;0x79f8ffdf3c03a008020f3017e1f9ffd0L
  1; 18; 83;0xe1f9ffd03c03a008020f305725edffd1L
  1; 18; 84;0x25edffd13c03a008020f3097b1efffd2L
  1; 18; 85;0xb1efffd23c03a008020f30d7edffffd3L
  1; 18; 86;0xedffffd33c03a008020f3117fdffffd4L
  1; 18; 87;0xfdffffd43c03a008020f3157c1f0ffd5L
  1; 18; 88;0xc1f0ffd53c03a008020f3197e9f6ffd6L
  1; 18; 89;0xe9f6ffd63c03a008020f31d7d5f4ff97L
  1; 18; 90;0xd5f4ff973c03a008020f321791ecffd8L
  1; 18; 91;0xbcbcbcbc3c03c008020f1297e5dbfffaL
  1; 18; 92;0xe5dbfffa3c03c008020f12d78de5fffbL
  1; 18; 93;0x8de5fffb3c03c008020f1317b9e6fffcL
  1; 18; 94;0xb9e6fffc3c03c008020f1357b9fbfffdL
  1; 18; 95;0xb9fbfffd3c03c008020f1397f5f9ffbeL
  1; 18; 96;0xf5f9ffbe3c03c008020f13d779f6ffffL
  1; 18; 97;0x79f6ffff3c03c008020f1017e1f9fff0L
  1; 18; 98;0xe1f9fff03c03c008020f105731ecfff1L
  1; 18; 99;0x31ecfff13c03c008020f1097a5edfff2L
  1; 18;100;0xa5edfff23c03c008020f10d7edfffff3L
  1; 18;101;0xedfffff33c03c008020f1117fdfffff4L
  1; 18;102;0xfdfffff43c03c008020f1157bdeffff5L
  1; 18;103;0xbdeffff53c03c008020f1197e9f5fff6L
  1; 18;104;0xe9f5fff63c03c008020f11d7d1f5ffb7L
  1; 18;105;0xd1f5ffb73c03c008020f12179deafff8L
  1; 18;106;0xbcbcbcbc3c03e008020f3297e5ddffdaL
  1; 18;107;0xe5ddffda3c03e008020f32d799e4ffdbL
  1; 18;108;0x99e4ffdb3c03e008020f3317bde8ffdcL
  1; 18;109;0xbde8ffdc3c03e008020f3357c1fbffddL
  1; 18;110;0xc1fbffdd3c03e008020f3397f5faff9eL
  1; 18;111;0xf5faff9e3c03e008020f33d779f7ffdfL
  1; 18;112;0x79f7ffdf3c03e008020f3017e5faffd0L
  1; 18;113;0xe5faffd03c03e008020f305725edffd1L
  1; 18;114;0x25edffd13c03e008020f3097adefffd2L
  1; 18;115;0xadefffd23c03e008020f30d7edffffd3L
  1; 18;116;0xedffffd33c03e008020f3117fdffffd4L
  1; 18;117;0xfdffffd43c03e008020f3157c1f0ffd5L
  1; 18;118;0xc1f0ffd53c03e008020f3197e9f6ffd6L
  1; 18;119;0xe9f6ffd63c03e008020f31d7d5f5ff97L
  1; 18;120;0xd5f5ff973c03e008020f321791edffd8L
  1; 18;121;0xbcbcbcbc3c000008020f1297e5ddfffaL
  1; 18;122;0xe5ddfffa3c000008020f12d791e5fffbL
  1; 18;123;0x91e5fffb3c000008020f1317bde5fffcL
  1; 18;124;0xbde5fffc3c000008020f1357b9fafffdL
  1; 18;125;0xb9fafffd3c000008020f1397f1faffbeL
  1; 18;126;0xf1faffbe3c000008020f13d775f6ffffL
  1; 18;127;0x75f6ffff3c000008020f1017e5f9fff0L
  1; 18;128;0xe5f9fff03c000008020f105731ecfff1L
  1; 18;129;0x31ecfff13c000008020f1097a1edfff2L
  1; 18;130;0xa1edfff23c000008020f10d7edfffff3L
  1; 18;131;0xedfffff33c000008020f1117fdfffff4L
  1; 18;132;0xfdfffff43c000008020f1157c1effff5L
  1; 18;133;0xc1effff53c000008020f1197e9f4fff6L
  1; 18;134;0xe9f4fff63c000008020f11d7d1f5ffb7L
  1; 18;135;0xd1f5ffb73c000008020f12179debfff8L
  1; 18;136;0xbcbcbcbc3c002008020f3297e5ddffdaL
  1; 18;137;0xe5ddffda3c002008020f32d7a1e4ffdbL
  1; 18;138;0xa1e4ffdb3c002008020f3317bde9ffdcL
  1; 18;139;0xbde9ffdc3c002008020f3357c5fbffddL
  1; 18;140;0xc5fbffdd3c002008020f3397f5faff9eL
  1; 18;141;0xf5faff9e3c002008020f33d781f7ffdfL
  1; 18;142;0x81f7ffdf3c002008020f3017e5faffd0L
  1; 18;143;0xe5faffd03c002008020f305731eeffd1L
  1; 18;144;0x31eeffd13c002008020f3097b5efffd2L
  1; 18;145;0xb5efffd23c002008020f30d7edffffd3L
  1; 18;146;0xedffffd33c002008020f3117fdffffd4L
  1; 18;147;0xfdffffd43c002008020f3157c1f0ffd5L
  1; 18;148;0xc1f0ffd53c002008020f3197e9f7ffd6L
  1; 18;149;0xe9f7ffd63c002008020f31d7d5f5ff97L
  1; 18;150;0xd5f5ff973c002008020f321799eeffd8L
  1; 18;151;0xbcbcbcbc3c004008020f1297e5ddfffaL
  1; 18;152;0xe5ddfffa3c004008020f12d78de4fffbL
  1; 18;153;0x8de4fffb3c004008020f1317b9e4fffcL
  1; 18;154;0xb9e4fffc3c004008020f1357b9fbfffdL
  1; 18;155;0xb9fbfffd3c004008020f1397f1f8ffbeL
  1; 18;156;0xf1f8ffbe3c004008020f13d775f6ffffL
  1; 18;157;0x75f6ffff3c004008020f1017e5f9fff0L
  1; 18;158;0xe5f9fff03c004008020f105725ebfff1L
  1; 18;159;0x25ebfff13c004008020f10979dedfff2L
  1; 18;160;0x9dedfff23c004008020f10d7edfffff3L
  1; 18;161;0xedfffff33c004008020f1117fdfffff4L
  1; 18;162;0xfdfffff43c004008020f1157c1effff5L
  1; 18;163;0xc1effff53c004008020f1197e9f4fff6L
  1; 18;164;0xe9f4fff63c004008020f11d7d1f5ffb7L
  1; 18;165;0xd1f5ffb73c004008020f12179deafff8L
  1; 18;166;0xbcbcbcbc3c006008020f3297e5ddffdaL
  1; 18;167;0xe5ddffda3c006008020f32d79de4ffdbL
  1; 18;168;0x9de4ffdb3c006008020f3317bde8ffdcL
  1; 18;169;0xbde8ffdc3c006008020f3357c5fbffddL
  1; 18;170;0xc5fbffdd3c006008020f3397f9faff9eL
  1; 18;171;0xf9faff9e3c006008020f33d781f8ffdfL
  1; 18;172;0x81f8ffdf3c006008020f3017e5faffd0L
  1; 18;173;0xe5faffd03c006008020f30572dedffd1L
  1; 18;174;0x2dedffd13c006008020f3097b1eeffd2L
  1; 18;175;0xb1eeffd23c006008020f30d7edffffd3L
  1; 18;176;0xedffffd33c006008020f3117fdffffd4L
  1; 18;177;0xfdffffd43c006008020f3157c1efffd5L
  1; 18;178;0xc1efffd53c006008020f3197e9f7ffd6L
  1; 18;179;0xe9f7ffd63c006008020f31d7d5f5ff97L
  1; 18;180;0xd5f5ff973c006008020f321791edffd8L
  1; 18;181;0xbcbcbcbc3c008008020f1297e5ddfffaL
  1; 18;182;0xe5ddfffa3c008008020f12d795e5fffbL
  1; 18;183;0x95e5fffb3c008008020f1317bde6fffcL
  1; 18;184;0xbde6fffc3c008008020f1357b9fbfffdL
  1; 18;185;0xb9fbfffd3c008008020f1397f5faffbeL
  1; 18;186;0xf5faffbe3c008008020f13d779f5ffffL
  1; 18;187;0x79f5ffff3c008008020f1017e5f9fff0L
  1; 18;188;0xe5f9fff03c008008020f105731ecfff1L
  1; 18;189;0x31ecfff13c008008020f1097a5eefff2L
  1; 18;190;0xa5eefff23c008008020f10d7f1fffff3L
  1; 18;191;0xf1fffff33c008008020f1117fdfffff4L
  1; 18;192;0xfdfffff43c008008020f1157c1effff5L
  1; 18;193;0xc1effff53c008008020f1197e9f4fff6L
  1; 18;194;0xe9f4fff63c008008020f11d7d5f4ffb7L
  1; 18;195;0xd5f4ffb73c008008020f12179de9fff8L
  1; 18;196;0xbcbcbcbc3c00a008020f3297e5dbffdaL
  1; 18;197;0xe5dbffda3c00a008020f32d79de2ffdbL
  1; 18;198;0x9de2ffdb3c00a008020f3317bde7ffdcL
  1; 18;199;0xbde7ffdc3c00a008020f3357c1fbffddL
  1; 18;200;0xc1fbffdd3c00a008020f3397f9faff9eL
  1; 18;201;0xf9faff9e3c00a008020f33d779f7ffdfL
  1; 18;202;0x79f7ffdf3c00a008020f3017e5faffd0L
  1; 18;203;0xe5faffd03c00a008020f305725edffd1L
  1; 18;204;0x25edffd13c00a008020f3097b1edffd2L
  1; 18;205;0xb1edffd23c00a008020f30d7edffffd3L
  1; 18;206;0xedffffd33c00a008020f3117f9feffd4L
  1; 18;207;0xf9feffd43c00a008020f3157bdefffd5L
  1; 18;208;0xbdefffd53c00a008020f3197e9f6ffd6L
  1; 18;209;0xe9f6ffd63c00a008020f31d7d5f4ff97L
  1; 18;210;0xd5f4ff973c00a008020f321791ebffd8L
  1; 18;211;0xbcbcbcbc3c00c008020f1297e5ddfffaL
  1; 18;212;0xe5ddfffa3c00c008020f12d795e6fffbL
  1; 18;213;0x95e6fffb3c00c008020f1317bde6fffcL
  1; 18;214;0xbde6fffc3c00c008020f1357bdfbfffdL
  1; 18;215;0xbdfbfffd3c00c008020f1397f5faffbeL
  1; 18;216;0xf5faffbe3c00c008020f13d781f6ffffL
  1; 18;217;0x81f6ffff3c00c008020f1017e5f9fff0L
  1; 18;218;0xe5f9fff03c00c008020f105731ecfff1L
  1; 18;219;0x31ecfff13c00c008020f1097a9effff2L
  1; 18;220;0xa9effff23c00c008020f10d7edfffff3L
  1; 18;221;0xedfffff33c00c008020f1117fdfffff4L
  1; 18;222;0xfdfffff43c00c008020f1157c1f0fff5L
  1; 18;223;0xc1f0fff53c00c008020f1197e9f5fff6L
  1; 18;224;0xe9f5fff63c00c008020f11d7d5f5ffb7L
  1; 18;225;0xd5f5ffb73c00c008020f12179de9fff8L
  1; 18;226;0xbcbcbcbc3c00e008020f3297e9ddffdaL
  1; 18;227;0xe9ddffda3c00e008020f32d799e3ffdbL
  1; 18;228;0x99e3ffdb3c00e008020f3317bde8ffdcL
  1; 18;229;0xbde8ffdc3c00e008020f3357bdfbffddL
  1; 18;230;0xbdfbffdd3c00e008020f3397f5f9ff9eL
  1; 18;231;0xf5f9ff9e3c00e008020f33d781f8ffdfL
  1; 18;232;0x81f8ffdf3c00e008020f3017e5f9ffd0L
  1; 18;233;0xe5f9ffd03c00e008020f305725ecffd1L
  1; 18;234;0x25ecffd13c00e008020f3097adeeffd2L
  1; 18;235;0xadeeffd23c00e008020f30d7edffffd3L
  1; 18;236;0xedffffd33c00e008020f3117fdffffd4L
  1; 18;237;0xfdffffd43c00e008020f3157bdeeffd5L
  1; 18;238;0xbdeeffd53c00e008020f3197e9f6ffd6L
  1; 18;239;0xe9f6ffd63c00e008020f31d7d5f5ff97L
  1; 18;240;0xd5f5ff973c00e008020f32178deeffd8L
  1; 18;241;0xbcbcbcbc3c010008020f1297e5dcfffaL
  1; 18;242;0xe5dcfffa3c010008020f12d78de5fffbL
  1; 18;243;0x8de5fffb3c010008020f1317b9e5fffcL
  1; 18;244;0xb9e5fffc3c010008020f1357b9fbfffdL
  1; 18;245;0xb9fbfffd3c010008020f1397f5f9ffbeL
  1; 18;246;0xf5f9ffbe3c010008020f13d781f5ffffL
  1; 18;247;0x81f5ffff3c010008020f1017e1f8fff0L
  1; 18;248;0xe1f8fff03c010008020f105731ecfff1L
  1; 18;249;0x31ecfff13c010008020f1097a1eefff2L
  1; 18;250;0xa1eefff23c010008020f10d7edfffff3L
  1; 18;251;0xedfffff33c010008020f1117fdfffff4L
  1; 18;252;0xfdfffff43c010008020f1157c1effff5L
  1; 18;253;0xc1effff53c010008020f1197edf4fff6L
  1; 18;254;0xedf4fff63c010008020f11d7d1f4ffb7L
  1; 18;255;0xd1f4ffb73c010008020f1217a1eafff8L
  1; 18;256;0xbcbcbcbc3c012008020f3297e5dbffdaL
  1; 20;  1;0xbcbcbcbc3c032008020f329745e1ffdaL
  1; 20;  2;0x45e1ffda3c032008020f32d6b1c4ffdbL
  1; 20;  3;0xb1c4ffdb3c032008020f331705c3ffdcL
  1; 20;  4;0x5c3ffdc3c032008020f335759ddffddL
  1; 20;  5;0x59ddffdd3c032008020f339745c9ffdeL
  1; 20;  6;0x45c9ffde3c032008020f33d715ccffdfL
  1; 20;  7;0x15ccffdf3c032008020f301761c9ffd0L
  1; 20;  8;0x61c9ffd03c032008020f3057b1e3ffd1L
  1; 20;  9;0xb1e3ffd13c032008020f30979deaffd2L
  1; 20; 10;0x9deaffd23c032008020f30d7a9f1ffd3L
  1; 20; 11;0xa9f1ffd33c032008020f311771e5ffd4L
  1; 20; 12;0x71e5ffd43c032008020f315765f2ffd5L
  1; 20; 13;0x65f2ffd53c032008020f319771b9ffd6L
  1; 20; 14;0x71b9ffd63c032008020f31d7ddffff97L
  1; 20; 15;0xddffff973c032008020f32178db2ffd8L
  1; 20; 16;0xbcbcbcbc3c034008020f12974de4fffaL
  1; 20; 17;0x4de4fffa3c034008020f12d6a1c7fffbL
  1; 20; 18;0xa1c7fffb3c034008020f1316f9c2fffcL
  1; 20; 19;0xf9c2fffc3c034008020f135765defffdL
  1; 20; 20;0x65defffd3c034008020f139741c4fffeL
  1; 20; 21;0x41c4fffe3c034008020f13d719c7ffffL
  1; 20; 22;0x19c7ffff3c034008020f101755c6fff0L
  1; 20; 23;0x55c6fff03c034008020f10579de6fff1L
  1; 20; 24;0x9de6fff13c034008020f10979deafff2L
  1; 20; 25;0x9deafff23c034008020f10d7b1f0fff3L
  1; 20; 26;0xb1f0fff33c034008020f111765e7fff4L
  1; 20; 27;0x65e7fff43c034008020f11576df3fff5L
  1; 20; 28;0x6df3fff53c034008020f119789befff6L
  1; 20; 29;0x89befff63c034008020f11d7d5ffffb7L
  1; 20; 30;0xd5ffffb73c034008020f121789b0fff8L
  1; 20; 31;0xbcbcbcbc3c036008020f329745e0ffdaL
  1; 20; 32;0x45e0ffda3c036008020f32d6adc3ffdbL
  1; 20; 33;0xadc3ffdb3c036008020f3316fdc3ffdcL
  1; 20; 34;0xfdc3ffdc3c036008020f335751ddffddL
  1; 20; 35;0x51ddffdd3c036008020f33973dc6ffdeL
  1; 20; 36;0x3dc6ffde3c036008020f33d715cdffdfL
  1; 20; 37;0x15cdffdf3c036008020f301761c8ffd0L
  1; 20; 38;0x61c8ffd03c036008020f3057a9e5ffd1L
  1; 20; 39;0xa9e5ffd13c036008020f309799eaffd2L
  1; 20; 40;0x99eaffd23c036008020f30d7a5f0ffd3L
  1; 20; 41;0xa5f0ffd33c036008020f31176de4ffd4L
  1; 20; 42;0x6de4ffd43c036008020f315765f2ffd5L
  1; 20; 43;0x65f2ffd53c036008020f319771bbffd6L
  1; 20; 44;0x71bbffd63c036008020f31d7ddffff97L
  1; 20; 45;0xddffff973c036008020f321789b3ffd8L
  1; 20; 46;0xbcbcbcbc3c038008020f129749e3fffaL
  1; 20; 47;0x49e3fffa3c038008020f12d699c5fffbL
  1; 20; 48;0x99c5fffb3c038008020f1316f1befffcL
  1; 20; 49;0xf1befffc3c038008020f13575dddfffdL
  1; 20; 50;0x5dddfffd3c038008020f139741c2fffeL
  1; 20; 51;0x41c2fffe3c038008020f13d719c5ffffL
  1; 20; 52;0x19c5ffff3c038008020f101755c4fff0L
  1; 20; 53;0x55c4fff03c038008020f105799e5fff1L
  1; 20; 54;0x99e5fff13c038008020f109795e9fff2L
  1; 20; 55;0x95e9fff23c038008020f10d7adf0fff3L
  1; 20; 56;0xadf0fff33c038008020f11175de6fff4L
  1; 20; 57;0x5de6fff43c038008020f115769f3fff5L
  1; 20; 58;0x69f3fff53c038008020f119781bcfff6L
  1; 20; 59;0x81bcfff63c038008020f11d7d1ffffb7L
  1; 20; 60;0xd1ffffb73c038008020f121789adfff8L
  1; 20; 61;0xbcbcbcbc3c03a008020f329749e1ffdaL
  1; 20; 62;0x49e1ffda3c03a008020f32d6b5c6ffdbL
  1; 20; 63;0xb5c6ffdb3c03a008020f331701c3ffdcL
  1; 20; 64;0x1c3ffdc3c03a008020f335759deffddL
  1; 20; 65;0x59deffdd3c03a008020f339745c7ffdeL
  1; 20; 66;0x45c7ffde3c03a008020f33d715ceffdfL
  1; 20; 67;0x15ceffdf3c03a008020f301765caffd0L
  1; 20; 68;0x65caffd03c03a008020f3057b1e5ffd1L
  1; 20; 69;0xb1e5ffd13c03a008020f3097a1eaffd2L
  1; 20; 70;0xa1eaffd23c03a008020f30d7a5f1ffd3L
  1; 20; 71;0xa5f1ffd33c03a008020f31176de4ffd4L
  1; 20; 72;0x6de4ffd43c03a008020f315765f3ffd5L
  1; 20; 73;0x65f3ffd53c03a008020f319779bbffd6L
  1; 20; 74;0x79bbffd63c03a008020f31d7e1ffff97L
  1; 20; 75;0xe1ffff973c03a008020f321791b4ffd8L
  1; 20; 76;0xbcbcbcbc3c03c008020f129745e3fffaL
  1; 20; 77;0x45e3fffa3c03c008020f12d691c4fffbL
  1; 20; 78;0x91c4fffb3c03c008020f1316f5befffcL
  1; 20; 79;0xf5befffc3c03c008020f135759ddfffdL
  1; 20; 80;0x59ddfffd3c03c008020f13973dc3fffeL
  1; 20; 81;0x3dc3fffe3c03c008020f13d711c5ffffL
  1; 20; 82;0x11c5ffff3c03c008020f101755c4fff0L
  1; 20; 83;0x55c4fff03c03c008020f105799e6fff1L
  1; 20; 84;0x99e6fff13c03c008020f109799e9fff2L
  1; 20; 85;0x99e9fff23c03c008020f10d7adeffff3L
  1; 20; 86;0xadeffff33c03c008020f111755e5fff4L
  1; 20; 87;0x55e5fff43c03c008020f115765f3fff5L
  1; 20; 88;0x65f3fff53c03c008020f11977dbcfff6L
  1; 20; 89;0x7dbcfff63c03c008020f11d7d1feffb7L
  1; 20; 90;0xd1feffb73c03c008020f121779adfff8L
  1; 20; 91;0xbcbcbcbc3c03e008020f329749e1ffdaL
  1; 20; 92;0x49e1ffda3c03e008020f32d6b9c5ffdbL
  1; 20; 93;0xb9c5ffdb3c03e008020f331705c5ffdcL
  1; 20; 94;0x5c5ffdc3c03e008020f33575ddeffddL
  1; 20; 95;0x5ddeffdd3c03e008020f339745c9ffdeL
  1; 20; 96;0x45c9ffde3c03e008020f33d719cfffdfL
  1; 20; 97;0x19cfffdf3c03e008020f301769caffd0L
  1; 20; 98;0x69caffd03c03e008020f3057b1e6ffd1L
  1; 20; 99;0xb1e6ffd13c03e008020f30979debffd2L
  1; 20;100;0x9debffd23c03e008020f30d7adf1ffd3L
  1; 20;101;0xadf1ffd33c03e008020f311779e5ffd4L
  1; 20;102;0x79e5ffd43c03e008020f315769f3ffd5L
  1; 20;103;0x69f3ffd53c03e008020f319779bcffd6L
  1; 20;104;0x79bcffd63c03e008020f31d7e5ffff97L
  1; 20;105;0xe5ffff973c03e008020f321791b6ffd8L
  1; 20;106;0xbcbcbcbc3c000008020f129741e3fffaL
  1; 20;107;0x41e3fffa3c000008020f12d68dc3fffbL
  1; 20;108;0x8dc3fffb3c000008020f1316edbdfffcL
  1; 20;109;0xedbdfffc3c000008020f13574ddbfffdL
  1; 20;110;0x4ddbfffd3c000008020f139735c2fffeL
  1; 20;111;0x35c2fffe3c000008020f13d70dc3ffffL
  1; 20;112;0xdc3ffff3c000008020f10174dc2fff0L
  1; 20;113;0x4dc2fff03c000008020f105791e3fff1L
  1; 20;114;0x91e3fff13c000008020f109795e9fff2L
  1; 20;115;0x95e9fff23c000008020f10d7adeffff3L
  1; 20;116;0xadeffff33c000008020f111755e4fff4L
  1; 20;117;0x55e4fff43c000008020f115761f2fff5L
  1; 20;118;0x61f2fff53c000008020f119779bafff6L
  1; 20;119;0x79bafff63c000008020f11d7cdfdffb7L
  1; 20;120;0xcdfdffb73c000008020f121779acfff8L
  1; 20;121;0xbcbcbcbc3c002008020f329749dfffdaL
  1; 20;122;0x49dfffda3c002008020f32d6b9c5ffdbL
  1; 20;123;0xb9c5ffdb3c002008020f331701c1ffdcL
  1; 20;124;0x1c1ffdc3c002008020f335759deffddL
  1; 20;125;0x59deffdd3c002008020f339741c9ffdeL
  1; 20;126;0x41c9ffde3c002008020f33d715ceffdfL
  1; 20;127;0x15ceffdf3c002008020f301761cbffd0L
  1; 20;128;0x61cbffd03c002008020f3057b1e5ffd1L
  1; 20;129;0xb1e5ffd13c002008020f30979deaffd2L
  1; 20;130;0x9deaffd23c002008020f30d7a9f1ffd3L
  1; 20;131;0xa9f1ffd33c002008020f31176de4ffd4L
  1; 20;132;0x6de4ffd43c002008020f31576df2ffd5L
  1; 20;133;0x6df2ffd53c002008020f319779baffd6L
  1; 20;134;0x79baffd63c002008020f31d7e1ffff97L
  1; 20;135;0xe1ffff973c002008020f321789b3ffd8L
  1; 20;136;0xbcbcbcbc3c004008020f129749e4fffaL
  1; 20;137;0x49e4fffa3c004008020f12d699c5fffbL
  1; 20;138;0x99c5fffb3c004008020f1316f1befffcL
  1; 20;139;0xf1befffc3c004008020f135761ddfffdL
  1; 20;140;0x61ddfffd3c004008020f139739c2fffeL
  1; 20;141;0x39c2fffe3c004008020f13d719c6ffffL
  1; 20;142;0x19c6ffff3c004008020f10175dc4fff0L
  1; 20;143;0x5dc4fff03c004008020f105799e6fff1L
  1; 20;144;0x99e6fff13c004008020f109795e9fff2L
  1; 20;145;0x95e9fff23c004008020f10d7adeffff3L
  1; 20;146;0xadeffff33c004008020f111755e5fff4L
  1; 20;147;0x55e5fff43c004008020f115769f3fff5L
  1; 20;148;0x69f3fff53c004008020f119781bcfff6L
  1; 20;149;0x81bcfff63c004008020f11d7d1ffffb7L
  1; 20;150;0xd1ffffb73c004008020f121785b0fff8L
  1; 20;151;0xbcbcbcbc3c006008020f329745e0ffdaL
  1; 20;152;0x45e0ffda3c006008020f32d6adc4ffdbL
  1; 20;153;0xadc4ffdb3c006008020f3316f9c2ffdcL
  1; 20;154;0xf9c2ffdc3c006008020f335759deffddL
  1; 20;155;0x59deffdd3c006008020f33973dc7ffdeL
  1; 20;156;0x3dc7ffde3c006008020f33d711cbffdfL
  1; 20;157;0x11cbffdf3c006008020f30175dc9ffd0L
  1; 20;158;0x5dc9ffd03c006008020f3057ade5ffd1L
  1; 20;159;0xade5ffd13c006008020f30979deaffd2L
  1; 20;160;0x9deaffd23c006008020f30d7a5f0ffd3L
  1; 20;161;0xa5f0ffd33c006008020f311769e4ffd4L
  1; 20;162;0x69e4ffd43c006008020f315769f2ffd5L
  1; 20;163;0x69f2ffd53c006008020f319771baffd6L
  1; 20;164;0x71baffd63c006008020f31d7ddffff97L
  1; 20;165;0xddffff973c006008020f321785b3ffd8L
  1; 20;166;0xbcbcbcbc3c008008020f12974de4fffaL
  1; 20;167;0x4de4fffa3c008008020f12d6a5c8fffbL
  1; 20;168;0xa5c8fffb3c008008020f131701c1fffcL
  1; 20;169;0x1c1fffc3c008008020f135765dffffdL
  1; 20;170;0x65dffffd3c008008020f13974dc5fffeL
  1; 20;171;0x4dc5fffe3c008008020f13d721c8ffffL
  1; 20;172;0x21c8ffff3c008008020f10175dc7fff0L
  1; 20;173;0x5dc7fff03c008008020f10579de6fff1L
  1; 20;174;0x9de6fff13c008008020f10979deafff2L
  1; 20;175;0x9deafff23c008008020f10d7b5f1fff3L
  1; 20;176;0xb5f1fff33c008008020f111761e7fff4L
  1; 20;177;0x61e7fff43c008008020f115775f3fff5L
  1; 20;178;0x75f3fff53c008008020f119789bffff6L
  1; 20;179;0x89bffff63c008008020f11d7d9ffffb7L
  1; 20;180;0xd9ffffb73c008008020f12178db1fff8L
  1; 20;181;0xbcbcbcbc3c00a008020f329745e0ffdaL
  1; 20;182;0x45e0ffda3c00a008020f32d6a5c3ffdbL
  1; 20;183;0xa5c3ffdb3c00a008020f3316fdc0ffdcL
  1; 20;184;0xfdc0ffdc3c00a008020f335751dcffddL
  1; 20;185;0x51dcffdd3c00a008020f339739c6ffdeL
  1; 20;186;0x39c6ffde3c00a008020f33d705cbffdfL
  1; 20;187;0x5cbffdf3c00a008020f301759c9ffd0L
  1; 20;188;0x59c9ffd03c00a008020f3057a9e5ffd1L
  1; 20;189;0xa9e5ffd13c00a008020f309799eaffd2L
  1; 20;190;0x99eaffd23c00a008020f30d7a5f0ffd3L
  1; 20;191;0xa5f0ffd33c00a008020f311765e2ffd4L
  1; 20;192;0x65e2ffd43c00a008020f31575df1ffd5L
  1; 20;193;0x5df1ffd53c00a008020f319771b9ffd6L
  1; 20;194;0x71b9ffd63c00a008020f31d7d9ffff97L
  1; 20;195;0xd9ffff973c00a008020f32177db4ffd8L
  1; 20;196;0xbcbcbcbc3c000008020f129745e4fffaL
  1; 20;197;0x45e4fffa3c000008020f12d695c5fffbL
  1; 20;198;0x95c5fffb3c000008020f1316f1bdfffcL
  1; 20;199;0xf1bdfffc3c000008020f13575ddefffdL
  1; 20;200;0x5ddefffd3c000008020f139739c3fffeL
  1; 20;201;0x39c3fffe3c000008020f13d715c5ffffL
  1; 20;202;0x15c5ffff3c000008020f101755c4fff0L
  1; 20;203;0x55c4fff03c000008020f105795e4fff1L
  1; 20;204;0x95e4fff13c000008020f109799e8fff2L
  1; 20;205;0x99e8fff23c000008020f10d7adeffff3L
  1; 20;206;0xadeffff33c000008020f11175de7fff4L
  1; 20;207;0x5de7fff43c000008020f115769f3fff5L
  1; 20;208;0x69f3fff53c000008020f119781bcfff6L
  1; 20;209;0x81bcfff63c000008020f11d7d5ffffb7L
  1; 20;210;0xd5ffffb73c000008020f121785adfff8L
  1; 20;211;0xbcbcbcbc3c002008020f32974de2ffdaL
  1; 20;212;0x4de2ffda3c002008020f32d6b9c6ffdbL
  1; 20;213;0xb9c6ffdb3c002008020f33170dc5ffdcL
  1; 20;214;0xdc5ffdc3c002008020f335761e0ffddL
  1; 20;215;0x61e0ffdd3c002008020f33974dcbffdeL
  1; 20;216;0x4dcbffde3c002008020f33d719cdffdfL
  1; 20;217;0x19cdffdf3c002008020f301765cbffd0L
  1; 20;218;0x65cbffd03c002008020f3057b1e6ffd1L
  1; 20;219;0xb1e6ffd13c002008020f3097a1ebffd2L
  1; 20;220;0xa1ebffd23c002008020f30d7adf1ffd3L
  1; 20;221;0xadf1ffd33c002008020f311771e8ffd4L
  1; 20;222;0x71e8ffd43c002008020f315771f2ffd5L
  1; 20;223;0x71f2ffd53c002008020f319775bcffd6L
  1; 20;224;0x75bcffd63c002008020f31d7e9ffff97L
  1; 20;225;0xe9ffff973c002008020f32178db6ffd8L
  1; 20;226;0xbcbcbcbc3c004008020f129745e4fffaL
  1; 20;227;0x45e4fffa3c004008020f12d69dc4fffbL
  1; 20;228;0x9dc4fffb3c004008020f1316f5befffcL
  1; 20;229;0xf5befffc3c004008020f135759defffdL
  1; 20;230;0x59defffd3c004008020f13973dc4fffeL
  1; 20;231;0x3dc4fffe3c004008020f13d715c7ffffL
  1; 20;232;0x15c7ffff3c004008020f101751c4fff0L
  1; 20;233;0x51c4fff03c004008020f105799e3fff1L
  1; 20;234;0x99e3fff13c004008020f109795e9fff2L
  1; 20;235;0x95e9fff23c004008020f10d7adeffff3L
  1; 20;236;0xadeffff33c004008020f111759e5fff4L
  1; 20;237;0x59e5fff43c004008020f11576df3fff5L
  1; 20;238;0x6df3fff53c004008020f11977dbbfff6L
  1; 20;239;0x7dbbfff63c004008020f11d7cdffffb7L
  1; 20;240;0xcdffffb73c004008020f121779acfff8L
  1; 20;241;0xbcbcbcbc3c006008020f329749e1ffdaL
  1; 20;242;0x49e1ffda3c006008020f32d6b5c5ffdbL
  1; 20;243;0xb5c5ffdb3c006008020f331701c1ffdcL
  1; 20;244;0x1c1ffdc3c006008020f335759dfffddL
  1; 20;245;0x59dfffdd3c006008020f339745c8ffdeL
  1; 20;246;0x45c8ffde3c006008020f33d711cdffdfL
  1; 20;247;0x11cdffdf3c006008020f30175dc9ffd0L
  1; 20;248;0x5dc9ffd03c006008020f3057ade5ffd1L
  1; 20;249;0xade5ffd13c006008020f30979debffd2L
  1; 20;250;0x9debffd23c006008020f30d7a9f1ffd3L
  1; 20;251;0xa9f1ffd33c006008020f31176de6ffd4L
  1; 20;252;0x6de6ffd43c006008020f315769f3ffd5L
  1; 20;253;0x69f3ffd53c006008020f319775bcffd6L
  1; 20;254;0x75bcffd63c006008020f31d7e5ffff97L
  1; 20;255;0xe5ffff973c006008020f321789b5ffd8L
  1; 20;256;0xbcbcbcbc3c008008020f129749e4fffaL
