Link ID; Channel ID; Line; Data 
  1; 15;  1;0xbcbcbcbc3c000008020f2b1785d2ffdcL
  1; 15;  2;0x85d2ffdc3c000008020f2b5705cfffddL
  1; 15;  3;0x5cfffdd3c000008020f2b9719cfffdeL
  1; 15;  4;0x19cfffde3c000008020f2bd725dbffdfL
  1; 15;  5;0x25dbffdf3c000008020f00173dd5ffd0L
  1; 15;  6;0x3dd5ffd03c000008020f005765e4ffd1L
  1; 15;  7;0x65e4ffd13c000008020f00977de1ffd2L
  1; 15;  8;0x7de1ffd23c000008020f00d765daffd3L
  1; 15;  9;0x65daffd33c000008020f0117a5fcffd4L
  1; 15; 10;0xa5fcffd43c000008020f01572defffd5L
  1; 15; 11;0x2defffd53c000008020f0197a9efffd6L
  1; 15; 12;0xa9efffd63c000008020f29d6ddc9ffd7L
  1; 15; 13;0xddc9ffd73c000008020f2a1785d1ffd8L
  1; 15; 14;0x85d1ffd83c000008020f2a56a9e1ffd9L
  1; 15; 15;0xa9e1ffd93c000008020f2a9761f0ffdaL
  1; 15; 16;0xbcbcbcbc3c000008020f331779d5ffecL
  1; 15; 17;0x79d5ffec3c000008020f33570dd0ffedL
  1; 15; 18;0xdd0ffed3c000008020f33972dd5ffeeL
  1; 15; 19;0x2dd5ffee3c000008020f33d735d8ffefL
  1; 15; 20;0x35d8ffef3c000008020f301751d6ffe0L
  1; 15; 21;0x51d6ffe03c000008020f30576de2ffe1L
  1; 15; 22;0x6de2ffe13c000008020f309771dfffe2L
  1; 15; 23;0x71dfffe23c000008020f30d75ddbffe3L
  1; 15; 24;0x5ddbffe33c000008020f3117a1fdffe4L
  1; 15; 25;0xa1fdffe43c000008020f315719f0ffe5L
  1; 15; 26;0x19f0ffe53c000008020f3197adefffe6L
  1; 15; 27;0xadefffe63c000008020f31d6d9cdffe7L
  1; 15; 28;0xd9cdffe73c000008020f321781d6ffe8L
  1; 15; 29;0x81d6ffe83c000008020f3256a1e1ffe9L
  1; 15; 30;0xa1e1ffe93c000008020f329775f1ffeaL
  1; 15; 31;0xbcbcbcbc3c000008020f3b1789d5fffcL
  1; 15; 32;0x89d5fffc3c000008020f3b5705cbfffdL
  1; 15; 33;0x5cbfffd3c000008020f3b9731d1fffeL
  1; 15; 34;0x31d1fffe3c000008020f3bd73dd8ffffL
  1; 15; 35;0x3dd8ffff3c000008020f381745cffff0L
  1; 15; 36;0x45cffff03c000008020f385765e6fff1L
  1; 15; 37;0x65e6fff13c000008020f389775defff2L
  1; 15; 38;0x75defff23c000008020f38d759dbfff3L
  1; 15; 39;0x59dbfff33c000008020f3917a1fdfff4L
  1; 15; 40;0xa1fdfff43c000008020f395715effff5L
  1; 15; 41;0x15effff53c000008020f3997a5eefff6L
  1; 15; 42;0xa5eefff63c000008020f39d6d9cdfff7L
  1; 15; 43;0xd9cdfff73c000008020f3a1781d5fff8L
  1; 15; 44;0x81d5fff83c000008020f3a5689e0fff9L
  1; 15; 45;0x89e0fff93c000008020f3a976deffffaL
  1; 15; 46;0xbcbcbcbc3c000008020f2b178dd6ffccL
  1; 15; 47;0x8dd6ffcc3c000008020f2b5715ceffcdL
  1; 15; 48;0x15ceffcd3c000008020f2b9729d3ffceL
  1; 15; 49;0x29d3ffce3c000008020f2bd745daffcfL
  1; 15; 50;0x45daffcf3c000008020f001745d6ffc0L
  1; 15; 51;0x45d6ffc03c000008020f005775e4ffc1L
  1; 15; 52;0x75e4ffc13c000008020f00976de2ffc2L
  1; 15; 53;0x6de2ffc23c000008020f00d775dfffc3L
  1; 15; 54;0x75dfffc33c000008020f0117b5fcffc4L
  1; 15; 55;0xb5fcffc43c000008020f015731efffc5L
  1; 15; 56;0x31efffc53c000008020f0197b1efffc6L
  1; 15; 57;0xb1efffc63c000008020f29d6e5ceffc7L
  1; 15; 58;0xe5ceffc73c000008020f2a1789d1ffc8L
  1; 15; 59;0x89d1ffc83c000008020f2a56a9e1ffc9L
  1; 15; 60;0xa9e1ffc93c000008020f2a9775efffcaL
  1; 15; 61;0xbcbcbcbc3c000008020f331785d0ffdcL
  1; 15; 62;0x85d0ffdc3c000008020f335701d1ffddL
  1; 15; 63;0x1d1ffdd3c000008020f339715ceffdeL
  1; 15; 64;0x15ceffde3c000008020f33d729dbffdfL
  1; 15; 65;0x29dbffdf3c000008020f301735d3ffd0L
  1; 15; 66;0x35d3ffd03c000008020f305761e5ffd1L
  1; 15; 67;0x61e5ffd13c000008020f309779dfffd2L
  1; 15; 68;0x79dfffd23c000008020f30d765dbffd3L
  1; 15; 69;0x65dbffd33c000008020f3117a5fcffd4L
  1; 15; 70;0xa5fcffd43c000008020f315725f0ffd5L
  1; 15; 71;0x25f0ffd53c000008020f3197a9f0ffd6L
  1; 15; 72;0xa9f0ffd63c000008020f31d6ddc7ffd7L
  1; 15; 73;0xddc7ffd73c000008020f321781d1ffd8L
  1; 15; 74;0x81d1ffd83c000008020f3256a9e1ffd9L
  1; 15; 75;0xa9e1ffd93c000008020f32975df0ffdaL
  1; 15; 76;0xbcbcbcbc3c000008020f3b1779d4ffecL
  1; 15; 77;0x79d4ffec3c000008020f3b570dceffedL
  1; 15; 78;0xdceffed3c000008020f3b9729d5ffeeL
  1; 15; 79;0x29d5ffee3c000008020f3bd72dd6ffefL
  1; 15; 80;0x2dd6ffef3c000008020f381751d6ffe0L
  1; 15; 81;0x51d6ffe03c000008020f385761e1ffe1L
  1; 15; 82;0x61e1ffe13c000008020f38976dddffe2L
  1; 15; 83;0x6dddffe23c000008020f38d759dbffe3L
  1; 15; 84;0x59dbffe33c000008020f3917a1fdffe4L
  1; 15; 85;0xa1fdffe43c000008020f395719f0ffe5L
  1; 15; 86;0x19f0ffe53c000008020f3997adefffe6L
  1; 15; 87;0xadefffe63c000008020f39d6d9caffe7L
  1; 15; 88;0xd9caffe73c000008020f3a1779d2ffe8L
  1; 15; 89;0x79d2ffe83c000008020f3a5699deffe9L
  1; 15; 90;0x99deffe93c000008020f3a976df1ffeaL
  1; 15; 91;0xbcbcbcbc3c000008020f2b1789d4fffcL
  1; 15; 92;0x89d4fffc3c000008020f2b56fdccfffdL
  1; 15; 93;0xfdccfffd3c000008020f2b9731cffffeL
  1; 15; 94;0x31cffffe3c000008020f2bd735d8ffffL
  1; 15; 95;0x35d8ffff3c000008020f001745d1fff0L
  1; 15; 96;0x45d1fff03c000008020f005765e4fff1L
  1; 15; 97;0x65e4fff13c000008020f009781dffff2L
  1; 15; 98;0x81dffff23c000008020f00d759dbfff3L
  1; 15; 99;0x59dbfff33c000008020f0117a1fdfff4L
  1; 15;100;0xa1fdfff43c000008020f015715f0fff5L
  1; 15;101;0x15f0fff53c000008020f0197a5effff6L
  1; 15;102;0xa5effff63c000008020f29d6d5cdfff7L
  1; 15;103;0xd5cdfff73c000008020f2a177dd4fff8L
  1; 15;104;0x7dd4fff83c000008020f2a5689e1fff9L
  1; 15;105;0x89e1fff93c000008020f2a976deefffaL
  1; 15;106;0xbcbcbcbc3c000008020f33178dd8ffccL
  1; 15;107;0x8dd8ffcc3c000008020f335721ceffcdL
  1; 15;108;0x21ceffcd3c000008020f339731d4ffceL
  1; 15;109;0x31d4ffce3c000008020f33d749d9ffcfL
  1; 15;110;0x49d9ffcf3c000008020f301751d7ffc0L
  1; 15;111;0x51d7ffc03c000008020f305781e5ffc1L
  1; 15;112;0x81e5ffc13c000008020f309771e2ffc2L
  1; 15;113;0x71e2ffc23c000008020f30d77de0ffc3L
  1; 15;114;0x7de0ffc33c000008020f3117c1fdffc4L
  1; 15;115;0xc1fdffc43c000008020f315735f0ffc5L
  1; 15;116;0x35f0ffc53c000008020f3197b5f0ffc6L
  1; 15;117;0xb5f0ffc63c000008020f31d6e9cfffc7L
  1; 15;118;0xe9cfffc73c000008020f32178dd4ffc8L
  1; 15;119;0x8dd4ffc83c000008020f3256a5e1ffc9L
  1; 15;120;0xa5e1ffc93c000008020f329781f1ffcaL
  1; 15;121;0xbcbcbcbc3c000008020f3b1789d2ffdcL
  1; 15;122;0x89d2ffdc3c000008020f3b5705d1ffddL
  1; 15;123;0x5d1ffdd3c000008020f3b971dd0ffdeL
  1; 15;124;0x1dd0ffde3c000008020f3bd72ddeffdfL
  1; 15;125;0x2ddeffdf3c000008020f381741d5ffd0L
  1; 15;126;0x41d5ffd03c000008020f38576de6ffd1L
  1; 15;127;0x6de6ffd13c000008020f38977de1ffd2L
  1; 15;128;0x7de1ffd23c000008020f38d769dbffd3L
  1; 15;129;0x69dbffd33c000008020f3917a5fdffd4L
  1; 15;130;0xa5fdffd43c000008020f39572df0ffd5L
  1; 15;131;0x2df0ffd53c000008020f3997adf0ffd6L
  1; 15;132;0xadf0ffd63c000008020f39d6e1caffd7L
  1; 15;133;0xe1caffd73c000008020f3a1785d3ffd8L
  1; 15;134;0x85d3ffd83c000008020f3a56a9e2ffd9L
  1; 15;135;0xa9e2ffd93c000008020f3a9769f0ffdaL
  1; 15;136;0xbcbcbcbc3c000008020f2b1779d3ffecL
  1; 15;137;0x79d3ffec3c000008020f2b5705cdffedL
  1; 15;138;0x5cdffed3c000008020f2b9721d4ffeeL
  1; 15;139;0x21d4ffee3c000008020f2bd721d6ffefL
  1; 15;140;0x21d6ffef3c000008020f00174dd3ffe0L
  1; 15;141;0x4dd3ffe03c000008020f005765e2ffe1L
  1; 15;142;0x65e2ffe13c000008020f00976ddcffe2L
  1; 15;143;0x6ddcffe23c000008020f00d755d8ffe3L
  1; 15;144;0x55d8ffe33c000008020f011799fdffe4L
  1; 15;145;0x99fdffe43c000008020f015711efffe5L
  1; 15;146;0x11efffe53c000008020f0197a9efffe6L
  1; 15;147;0xa9efffe63c000008020f29d6d5c9ffe7L
  1; 15;148;0xd5c9ffe73c000008020f2a1779d2ffe8L
  1; 15;149;0x79d2ffe83c000008020f2a5695ddffe9L
  1; 15;150;0x95ddffe93c000008020f2a9769f0ffeaL
  1; 15;151;0xbcbcbcbc3c000008020f331785d3fffcL
  1; 15;152;0x85d3fffc3c000008020f3356f9cafffdL
  1; 15;153;0xf9cafffd3c000008020f33972dcefffeL
  1; 15;154;0x2dcefffe3c000008020f33d72dd7ffffL
  1; 15;155;0x2dd7ffff3c000008020f301741cefff0L
  1; 15;156;0x41cefff03c000008020f30575de2fff1L
  1; 15;157;0x5de2fff13c000008020f309775dffff2L
  1; 15;158;0x75dffff23c000008020f30d74dd8fff3L
  1; 15;159;0x4dd8fff33c000008020f31179dfbfff4L
  1; 15;160;0x9dfbfff43c000008020f31570deffff5L
  1; 15;161;0xdeffff53c000008020f3197a1eefff6L
  1; 15;162;0xa1eefff63c000008020f31d6d1ccfff7L
  1; 15;163;0xd1ccfff73c000008020f321771d2fff8L
  1; 15;164;0x71d2fff83c000008020f32567ddefff9L
  1; 15;165;0x7ddefff93c000008020f329765edfffaL
  1; 15;166;0xbcbcbcbc3c000008020f3b178dd5ffccL
  1; 15;167;0x8dd5ffcc3c000008020f3b5715cfffcdL
  1; 15;168;0x15cfffcd3c000008020f3b972dd3ffceL
  1; 15;169;0x2dd3ffce3c000008020f3bd749d9ffcfL
  1; 15;170;0x49d9ffcf3c000008020f381749d7ffc0L
  1; 15;171;0x49d7ffc03c000008020f385781e3ffc1L
  1; 15;172;0x81e3ffc13c000008020f389771e2ffc2L
  1; 15;173;0x71e2ffc23c000008020f38d771dfffc3L
  1; 15;174;0x71dfffc33c000008020f3917b1fdffc4L
  1; 15;175;0xb1fdffc43c000008020f395731f0ffc5L
  1; 15;176;0x31f0ffc53c000008020f3997adf0ffc6L
  1; 15;177;0xadf0ffc63c000008020f39d6ddcfffc7L
  1; 15;178;0xddcfffc73c000008020f3a1789d2ffc8L
  1; 15;179;0x89d2ffc83c000008020f3a56a5e1ffc9L
  1; 15;180;0xa5e1ffc93c000008020f3a9781f0ffcaL
  1; 15;181;0xbcbcbcbc3c000008020f2b178dd3ffdcL
  1; 15;182;0x8dd3ffdc3c000008020f2b570dd1ffddL
  1; 15;183;0xdd1ffdd3c000008020f2b9721d1ffdeL
  1; 15;184;0x21d1ffde3c000008020f2bd72ddeffdfL
  1; 15;185;0x2ddeffdf3c000008020f001745d6ffd0L
  1; 15;186;0x45d6ffd03c000008020f00576de7ffd1L
  1; 15;187;0x6de7ffd13c000008020f009781e1ffd2L
  1; 15;188;0x81e1ffd23c000008020f00d769ddffd3L
  1; 15;189;0x69ddffd33c000008020f0117a9fdffd4L
  1; 15;190;0xa9fdffd43c000008020f015735f0ffd5L
  1; 15;191;0x35f0ffd53c000008020f0197a9f0ffd6L
  1; 15;192;0xa9f0ffd63c000008020f29d6e5cbffd7L
  1; 15;193;0xe5cbffd73c000008020f2a1785d4ffd8L
  1; 15;194;0x85d4ffd83c000008020f2a56b5e2ffd9L
  1; 15;195;0xb5e2ffd93c000008020f2a9765f1ffdaL
  1; 15;196;0xbcbcbcbc3c000008020f331779d4ffecL
  1; 15;197;0x79d4ffec3c000008020f335701ceffedL
  1; 15;198;0x1ceffed3c000008020f339725d5ffeeL
  1; 15;199;0x25d5ffee3c000008020f33d729d7ffefL
  1; 15;200;0x29d7ffef3c000008020f301751d6ffe0L
  1; 15;201;0x51d6ffe03c000008020f30576de2ffe1L
  1; 15;202;0x6de2ffe13c000008020f309771e0ffe2L
  1; 15;203;0x71e0ffe23c000008020f30d759daffe3L
  1; 15;204;0x59daffe33c000008020f31179dfdffe4L
  1; 15;205;0x9dfdffe43c000008020f315719efffe5L
  1; 15;206;0x19efffe53c000008020f3197a9f0ffe6L
  1; 15;207;0xa9f0ffe63c000008020f31d6d9c9ffe7L
  1; 15;208;0xd9c9ffe73c000008020f321781d4ffe8L
  1; 15;209;0x81d4ffe83c000008020f325695e0ffe9L
  1; 15;210;0x95e0ffe93c000008020f32976df1ffeaL
  1; 15;211;0xbcbcbcbc3c000008020f3b1785d2fffcL
  1; 15;212;0x85d2fffc3c000008020f3b56f1cbfffdL
  1; 15;213;0xf1cbfffd3c000008020f3b9725cdfffeL
  1; 15;214;0x25cdfffe3c000008020f3bd731d5ffffL
  1; 15;215;0x31d5ffff3c000008020f381745cefff0L
  1; 15;216;0x45cefff03c000008020f385761e3fff1L
  1; 15;217;0x61e3fff13c000008020f38976ddefff2L
  1; 15;218;0x6ddefff23c000008020f38d751d9fff3L
  1; 15;219;0x51d9fff33c000008020f39179dfbfff4L
  1; 15;220;0x9dfbfff43c000008020f395711eefff5L
  1; 15;221;0x11eefff53c000008020f3997a1eefff6L
  1; 15;222;0xa1eefff63c000008020f39d6d5cbfff7L
  1; 15;223;0xd5cbfff73c000008020f3a1775d2fff8L
  1; 15;224;0x75d2fff83c000008020f3a5689e0fff9L
  1; 15;225;0x89e0fff93c000008020f3a9761eefffaL
  1; 15;226;0xbcbcbcbc3c000008020f2b178dd4ffccL
  1; 15;227;0x8dd4ffcc3c000008020f2b5709cdffcdL
  1; 15;228;0x9cdffcd3c000008020f2b9725d1ffceL
  1; 15;229;0x25d1ffce3c000008020f2bd741d7ffcfL
  1; 15;230;0x41d7ffcf3c000008020f001745d6ffc0L
  1; 15;231;0x45d6ffc03c000008020f005779e3ffc1L
  1; 15;232;0x79e3ffc13c000008020f009769e1ffc2L
  1; 15;233;0x69e1ffc23c000008020f00d771deffc3L
  1; 15;234;0x71deffc33c000008020f0117b5fcffc4L
  1; 15;235;0xb5fcffc43c000008020f015729efffc5L
  1; 15;236;0x29efffc53c000008020f0197adeeffc6L
  1; 15;237;0xadeeffc63c000008020f29d6d9cdffc7L
  1; 15;238;0xd9cdffc73c000008020f2a1789d0ffc8L
  1; 15;239;0x89d0ffc83c000008020f2a569ddfffc9L
  1; 15;240;0x9ddfffc93c000008020f2a976defffcaL
  1; 15;241;0xbcbcbcbc3c000008020f33178dd1ffdcL
  1; 15;242;0x8dd1ffdc3c000008020f335709d2ffddL
  1; 15;243;0x9d2ffdd3c000008020f339721d1ffdeL
  1; 15;244;0x21d1ffde3c000008020f33d731deffdfL
  1; 15;245;0x31deffdf3c000008020f301741d6ffd0L
  1; 15;246;0x41d6ffd03c000008020f305771e7ffd1L
  1; 15;247;0x71e7ffd13c000008020f309781e1ffd2L
  1; 15;248;0x81e1ffd23c000008020f30d76ddbffd3L
  1; 15;249;0x6ddbffd33c000008020f3117a9fdffd4L
  1; 15;250;0xa9fdffd43c000008020f315731f0ffd5L
  1; 15;251;0x31f0ffd53c000008020f3197adf0ffd6L
  1; 15;252;0xadf0ffd63c000008020f31d6e1caffd7L
  1; 15;253;0xe1caffd73c000008020f32178dd2ffd8L
  1; 15;254;0x8dd2ffd83c000008020f3256b1e2ffd9L
  1; 15;255;0xb1e2ffd93c000008020f329769f1ffdaL
  1; 15;256;0xbcbcbcbc3c000008020f3b1781d6ffecL
  1; 16;  1;0xbcbcbcbc3c000008020f331735d8fffcL
  1; 16;  2;0x35d8fffc3c000008020f3356b1adfffdL
  1; 16;  3;0xb1adfffd3c000008020f3396c5dbfffeL
  1; 16;  4;0xc5dbfffe3c000008020f33d65996ffffL
  1; 16;  5;0x5996ffff3c000008020f30166db6fff0L
  1; 16;  6;0x6db6fff03c000008020f3056edd0fff1L
  1; 16;  7;0xedd0fff13c000008020f309755c4fff2L
  1; 16;  8;0x55c4fff23c000008020f30d735edfff3L
  1; 16;  9;0x35edfff33c000008020f311751e6fff4L
  1; 16; 10;0x51e6fff43c000008020f31574de5ffb5L
  1; 16; 11;0x4de5ffb53c000008020f319769d3fff6L
  1; 16; 12;0x69d3fff63c000008020f31d71debfff7L
  1; 16; 13;0x1debfff73c000008020f3216459cfff8L
  1; 16; 14;0x459cfff83c000008020f3256f5a8fff9L
  1; 16; 15;0xf5a8fff93c000008020f3296a5bcfffaL
  1; 16; 16;0xbcbcbcbc3c000008020f3b1739deffccL
  1; 16; 17;0x39deffcc3c000008020f3b56c1b0ffcdL
  1; 16; 18;0xc1b0ffcd3c000008020f3b96d5d8ffceL
  1; 16; 19;0xd5d8ffce3c000008020f3bd65d90ffcfL
  1; 16; 20;0x5d90ffcf3c000008020f381669b4ffc0L
  1; 16; 21;0x69b4ffc03c000008020f3856e9d1ffc1L
  1; 16; 22;0xe9d1ffc13c000008020f389755c1ffc2L
  1; 16; 23;0x55c1ffc23c000008020f38d73decffc3L
  1; 16; 24;0x3decffc33c000008020f391751e9ffc4L
  1; 16; 25;0x51e9ffc43c000008020f395755e6ffc5L
  1; 16; 26;0x55e6ffc53c000008020f399769d8ffc6L
  1; 16; 27;0x69d8ffc63c000008020f39d705e9ffc7L
  1; 16; 28;0x5e9ffc73c000008020f3a164997ffc8L
  1; 16; 29;0x4997ffc83c000008020f3a56f5a3ffc9L
  1; 16; 30;0xf5a3ffc93c000008020f3a969dbaffcaL
  1; 16; 31;0xbcbcbcbc3c000008020f2b1735d7ffdcL
  1; 16; 32;0x35d7ffdc3c000008020f2b56b5aeffddL
  1; 16; 33;0xb5aeffdd3c000008020f2b96c1d8ffdeL
  1; 16; 34;0xc1d8ffde3c000008020f2bd64992ffdfL
  1; 16; 35;0x4992ffdf3c000008020f001671b2ffd0L
  1; 16; 36;0x71b2ffd03c000008020f0056cdceffd1L
  1; 16; 37;0xcdceffd13c000008020f009761c0ffd2L
  1; 16; 38;0x61c0ffd23c000008020f00d731eaffd3L
  1; 16; 39;0x31eaffd33c000008020f011745e5ffd4L
  1; 16; 40;0x45e5ffd43c000008020f01573de3ffd5L
  1; 16; 41;0x3de3ffd53c000008020f019755d6ffd6L
  1; 16; 42;0x55d6ffd63c000008020f29d709e6ffd7L
  1; 16; 43;0x9e6ffd73c000008020f2a163996ffd8L
  1; 16; 44;0x3996ffd83c000008020f2a56e5a7ffd9L
  1; 16; 45;0xe5a7ffd93c000008020f2a96a5b9ffdaL
  1; 16; 46;0xbcbcbcbc3c000008020f331729d9ffecL
  1; 16; 47;0x29d9ffec3c000008020f3356b1aeffedL
  1; 16; 48;0xb1aeffed3c000008020f3396c9d7ffeeL
  1; 16; 49;0xc9d7ffee3c000008020f33d64d8effefL
  1; 16; 50;0x4d8effef3c000008020f301645b1ffe0L
  1; 16; 51;0x45b1ffe03c000008020f3056d1d0ffe1L
  1; 16; 52;0xd1d0ffe13c000008020f309751beffe2L
  1; 16; 53;0x51beffe23c000008020f30d735e9ffe3L
  1; 16; 54;0x35e9ffe33c000008020f311751e5ffe4L
  1; 16; 55;0x51e5ffe43c000008020f31573de5ffa5L
  1; 16; 56;0x3de5ffa53c000008020f31976dd5ffe6L
  1; 16; 57;0x6dd5ffe63c000008020f31d705e7ffe7L
  1; 16; 58;0x5e7ffe73c000008020f32163d95ffe8L
  1; 16; 59;0x3d95ffe83c000008020f3256d99fffe9L
  1; 16; 60;0xd99fffe93c000008020f3296adb9ffeaL
  1; 16; 61;0xbcbcbcbc3c000008020f3b1731d9fffcL
  1; 16; 62;0x31d9fffc3c000008020f3b56adadfffdL
  1; 16; 63;0xadadfffd3c000008020f3b96bdd9fffeL
  1; 16; 64;0xbdd9fffe3c000008020f3bd65994ffffL
  1; 16; 65;0x5994ffff3c000008020f38166db5fff0L
  1; 16; 66;0x6db5fff03c000008020f3856e5cefff1L
  1; 16; 67;0xe5cefff13c000008020f389759c5fff2L
  1; 16; 68;0x59c5fff23c000008020f38d735ebfff3L
  1; 16; 69;0x35ebfff33c000008020f39174de6fff4L
  1; 16; 70;0x4de6fff43c000008020f395749e6fff5L
  1; 16; 71;0x49e6fff53c000008020f399769d4fff6L
  1; 16; 72;0x69d4fff63c000008020f39d719e9fff7L
  1; 16; 73;0x19e9fff73c000008020f3a163d99fff8L
  1; 16; 74;0x3d99fff83c000008020f3a56eda8fff9L
  1; 16; 75;0xeda8fff93c000008020f3a96a1bbfffaL
  1; 16; 76;0xbcbcbcbc3c000008020f2b1741ddffccL
  1; 16; 77;0x41ddffcc3c000008020f2b56c5b1ffcdL
  1; 16; 78;0xc5b1ffcd3c000008020f2b96d9d8ffceL
  1; 16; 79;0xd9d8ffce3c000008020f2bd66192ffcfL
  1; 16; 80;0x6192ffcf3c000008020f00166db5ffc0L
  1; 16; 81;0x6db5ffc03c000008020f0056f5d1ffc1L
  1; 16; 82;0xf5d1ffc13c000008020f00975dc1ffc2L
  1; 16; 83;0x5dc1ffc23c000008020f00d741edffc3L
  1; 16; 84;0x41edffc33c000008020f011755e8ffc4L
  1; 16; 85;0x55e8ffc43c000008020f015759e8ffc5L
  1; 16; 86;0x59e8ffc53c000008020f019769d9ffc6L
  1; 16; 87;0x69d9ffc63c000008020f29d711ebffc7L
  1; 16; 88;0x11ebffc73c000008020f2a16499bffc8L
  1; 16; 89;0x499bffc83c000008020f2a5701a2ffc9L
  1; 16; 90;0x1a2ffc93c000008020f2a96adbbffcaL
  1; 16; 91;0xbcbcbcbc3c000008020f33173ddbffdcL
  1; 16; 92;0x3ddbffdc3c000008020f3356bdadffddL
  1; 16; 93;0xbdadffdd3c000008020f3396cddaffdeL
  1; 16; 94;0xcddaffde3c000008020f33d65195ffdfL
  1; 16; 95;0x5195ffdf3c000008020f30167db6ffd0L
  1; 16; 96;0x7db6ffd03c000008020f3056ddd1ffd1L
  1; 16; 97;0xddd1ffd13c000008020f309771c3ffd2L
  1; 16; 98;0x71c3ffd23c000008020f30d739edffd3L
  1; 16; 99;0x39edffd33c000008020f311755e7ffd4L
  1; 16;100;0x55e7ffd43c000008020f315745e5ff95L
  1; 16;101;0x45e5ff953c000008020f319761d8ffd6L
  1; 16;102;0x61d8ffd63c000008020f31d715e6ffd7L
  1; 16;103;0x15e6ffd73c000008020f32163d9affd8L
  1; 16;104;0x3d9affd83c000008020f3256f5aaffd9L
  1; 16;105;0xf5aaffd93c000008020f3296b1bbffdaL
  1; 16;106;0xbcbcbcbc3c000008020f3b1729d8ffecL
  1; 16;107;0x29d8ffec3c000008020f3b56adadffedL
  1; 16;108;0xadadffed3c000008020f3b96cddaffeeL
  1; 16;109;0xcddaffee3c000008020f3bd64590ffefL
  1; 16;110;0x4590ffef3c000008020f381645afffe0L
  1; 16;111;0x45afffe03c000008020f3856d1d0ffe1L
  1; 16;112;0xd1d0ffe13c000008020f38974dbcffe2L
  1; 16;113;0x4dbcffe23c000008020f38d735eaffe3L
  1; 16;114;0x35eaffe33c000008020f391751e6ffe4L
  1; 16;115;0x51e6ffe43c000008020f395739e3ffe5L
  1; 16;116;0x39e3ffe53c000008020f399765d7ffe6L
  1; 16;117;0x65d7ffe63c000008020f39d711e8ffe7L
  1; 16;118;0x11e8ffe73c000008020f3a163996ffe8L
  1; 16;119;0x3996ffe83c000008020f3a56d9a0ffe9L
  1; 16;120;0xd9a0ffe93c000008020f3a96a1b7ffeaL
  1; 16;121;0xbcbcbcbc3c000008020f2b172dd7fffcL
  1; 16;122;0x2dd7fffc3c000008020f2b56a5a9fffdL
  1; 16;123;0xa5a9fffd3c000008020f2b96b9d9fffeL
  1; 16;124;0xb9d9fffe3c000008020f2bd64992ffffL
  1; 16;125;0x4992ffff3c000008020f001661b3fff0L
  1; 16;126;0x61b3fff03c000008020f0056ddccfff1L
  1; 16;127;0xddccfff13c000008020f009751c3fff2L
  1; 16;128;0x51c3fff23c000008020f00d72deafff3L
  1; 16;129;0x2deafff33c000008020f011749e4fff4L
  1; 16;130;0x49e4fff43c000008020f01573de5fff5L
  1; 16;131;0x3de5fff53c000008020f019765d2fff6L
  1; 16;132;0x65d2fff63c000008020f29d711e9fff7L
  1; 16;133;0x11e9fff73c000008020f2a163199fff8L
  1; 16;134;0x3199fff83c000008020f2a56e9a6fff9L
  1; 16;135;0xe9a6fff93c000008020f2a969db9fffaL
  1; 16;136;0xbcbcbcbc3c000008020f331741deffccL
  1; 16;137;0x41deffcc3c000008020f3356bdb2ffcdL
  1; 16;138;0xbdb2ffcd3c000008020f3396d9d8ffceL
  1; 16;139;0xd9d8ffce3c000008020f33d66591ffcfL
  1; 16;140;0x6591ffcf3c000008020f30166db5ffc0L
  1; 16;141;0x6db5ffc03c000008020f3056f5d2ffc1L
  1; 16;142;0xf5d2ffc13c000008020f309759c1ffc2L
  1; 16;143;0x59c1ffc23c000008020f30d745ecffc3L
  1; 16;144;0x45ecffc33c000008020f311755e9ffc4L
  1; 16;145;0x55e9ffc43c000008020f315751e7ff85L
  1; 16;146;0x51e7ff853c000008020f31976dd9ffc6L
  1; 16;147;0x6dd9ffc63c000008020f31d711ebffc7L
  1; 16;148;0x11ebffc73c000008020f32165199ffc8L
  1; 16;149;0x5199ffc83c000008020f325705a4ffc9L
  1; 16;150;0x5a4ffc93c000008020f3296bdbbffcaL
  1; 16;151;0xbcbcbcbc3c000008020f3b173dd8ffdcL
  1; 16;152;0x3dd8ffdc3c000008020f3b56c5b0ffddL
  1; 16;153;0xc5b0ffdd3c000008020f3b96d5daffdeL
  1; 16;154;0xd5daffde3c000008020f3bd65995ffdfL
  1; 16;155;0x5995ffdf3c000008020f381681b6ffd0L
  1; 16;156;0x81b6ffd03c000008020f3856d5d1ffd1L
  1; 16;157;0xd5d1ffd13c000008020f38976dc4ffd2L
  1; 16;158;0x6dc4ffd23c000008020f38d739ecffd3L
  1; 16;159;0x39ecffd33c000008020f391751e6ffd4L
  1; 16;160;0x51e6ffd43c000008020f39574de6ffd5L
  1; 16;161;0x4de6ffd53c000008020f39975ddaffd6L
  1; 16;162;0x5ddaffd63c000008020f39d719e8ffd7L
  1; 16;163;0x19e8ffd73c000008020f3a16459bffd8L
  1; 16;164;0x459bffd83c000008020f3a56f1aaffd9L
  1; 16;165;0xf1aaffd93c000008020f3a96b1bdffdaL
  1; 16;166;0xbcbcbcbc3c000008020f2b1729d8ffecL
  1; 16;167;0x29d8ffec3c000008020f2b56b5afffedL
  1; 16;168;0xb5afffed3c000008020f2b96cddaffeeL
  1; 16;169;0xcddaffee3c000008020f2bd6518effefL
  1; 16;170;0x518effef3c000008020f001649b1ffe0L
  1; 16;171;0x49b1ffe03c000008020f0056cdd2ffe1L
  1; 16;172;0xcdd2ffe13c000008020f009755bcffe2L
  1; 16;173;0x55bcffe23c000008020f00d73deaffe3L
  1; 16;174;0x3deaffe33c000008020f011755e7ffe4L
  1; 16;175;0x55e7ffe43c000008020f015741e3ffe5L
  1; 16;176;0x41e3ffe53c000008020f019765d5ffe6L
  1; 16;177;0x65d5ffe63c000008020f29d70de9ffe7L
  1; 16;178;0xde9ffe73c000008020f2a164999ffe8L
  1; 16;179;0x4999ffe83c000008020f2a56dda1ffe9L
  1; 16;180;0xdda1ffe93c000008020f2a96a9b6ffeaL
  1; 16;181;0xbcbcbcbc3c000008020f331729d5fffcL
  1; 16;182;0x29d5fffc3c000008020f3356a9a9fffdL
  1; 16;183;0xa9a9fffd3c000008020f3396b1d8fffeL
  1; 16;184;0xb1d8fffe3c000008020f33d6498fffffL
  1; 16;185;0x498fffff3c000008020f301661b1fff0L
  1; 16;186;0x61b1fff03c000008020f3056e5ccfff1L
  1; 16;187;0xe5ccfff13c000008020f309745c2fff2L
  1; 16;188;0x45c2fff23c000008020f30d72deafff3L
  1; 16;189;0x2deafff33c000008020f311745e4fff4L
  1; 16;190;0x45e4fff43c000008020f31573de1fff5L
  1; 16;191;0x3de1fff53c000008020f31975dd1fff6L
  1; 16;192;0x5dd1fff63c000008020f31d711e7fff7L
  1; 16;193;0x11e7fff73c000008020f32163197fff8L
  1; 16;194;0x3197fff83c000008020f3256e5a4fff9L
  1; 16;195;0xe5a4fff93c000008020f329699bafffaL
  1; 16;196;0xbcbcbcbc3c000008020f3b172ddcffccL
  1; 16;197;0x2ddcffcc3c000008020f3b56b5aeffcdL
  1; 16;198;0xb5aeffcd3c000008020f3b96d1d7ffceL
  1; 16;199;0xd1d7ffce3c000008020f3bd6518cffcfL
  1; 16;200;0x518cffcf3c000008020f381665b3ffc0L
  1; 16;201;0x65b3ffc03c000008020f3856e5ceffc1L
  1; 16;202;0xe5ceffc13c000008020f389751beffc2L
  1; 16;203;0x51beffc23c000008020f38d739ecffc3L
  1; 16;204;0x39ecffc33c000008020f39174de7ffc4L
  1; 16;205;0x4de7ffc43c000008020f39574de6ffc5L
  1; 16;206;0x4de6ffc53c000008020f399761d7ffc6L
  1; 16;207;0x61d7ffc63c000008020f39d705e7ffc7L
  1; 16;208;0x5e7ffc73c000008020f3a164597ffc8L
  1; 16;209;0x4597ffc83c000008020f3a56f19effc9L
  1; 16;210;0xf19effc93c000008020f3a96adb9ffcaL
  1; 16;211;0xbcbcbcbc3c000008020f2b1741daffdcL
  1; 16;212;0x41daffdc3c000008020f2b56c5aeffddL
  1; 16;213;0xc5aeffdd3c000008020f2b96cddbffdeL
  1; 16;214;0xcddbffde3c000008020f2bd65195ffdfL
  1; 16;215;0x5195ffdf3c000008020f001681b7ffd0L
  1; 16;216;0x81b7ffd03c000008020f0056d1d1ffd1L
  1; 16;217;0xd1d1ffd13c000008020f009771c3ffd2L
  1; 16;218;0x71c3ffd23c000008020f00d73debffd3L
  1; 16;219;0x3debffd33c000008020f011759e8ffd4L
  1; 16;220;0x59e8ffd43c000008020f015749e6ff95L
  1; 16;221;0x49e6ff953c000008020f019761d7ffd6L
  1; 16;222;0x61d7ffd63c000008020f29d719e8ffd7L
  1; 16;223;0x19e8ffd73c000008020f2a163d9cffd8L
  1; 16;224;0x3d9cffd83c000008020f2a56f5a9ffd9L
  1; 16;225;0xf5a9ffd93c000008020f2a96b1bdffdaL
  1; 16;226;0xbcbcbcbc3c000008020f331731daffecL
  1; 16;227;0x31daffec3c000008020f3356b5aeffedL
  1; 16;228;0xb5aeffed3c000008020f3396d1dbffeeL
  1; 16;229;0xd1dbffee3c000008020f33d6518fffefL
  1; 16;230;0x518fffef3c000008020f301649b3ffe0L
  1; 16;231;0x49b3ffe03c000008020f3056d1d1ffe1L
  1; 16;232;0xd1d1ffe13c000008020f309755bfffe2L
  1; 16;233;0x55bfffe23c000008020f30d73debffe3L
  1; 16;234;0x3debffe33c000008020f311759e7ffe4L
  1; 16;235;0x59e7ffe43c000008020f315745e5ffa5L
  1; 16;236;0x45e5ffa53c000008020f31976dd7ffe6L
  1; 16;237;0x6dd7ffe63c000008020f31d70de9ffe7L
  1; 16;238;0xde9ffe73c000008020f32164999ffe8L
  1; 16;239;0x4999ffe83c000008020f3256e5a0ffe9L
  1; 16;240;0xe5a0ffe93c000008020f3296adb8ffeaL
  1; 16;241;0xbcbcbcbc3c000008020f3b1731d8fffcL
  1; 16;242;0x31d8fffc3c000008020f3b56a5acfffdL
  1; 16;243;0xa5acfffd3c000008020f3b96b9d8fffeL
  1; 16;244;0xb9d8fffe3c000008020f3bd65193ffffL
  1; 16;245;0x5193ffff3c000008020f381665b5fff0L
  1; 16;246;0x65b5fff03c000008020f3856e1cffff1L
  1; 16;247;0xe1cffff13c000008020f389751c3fff2L
  1; 16;248;0x51c3fff23c000008020f38d731ecfff3L
  1; 16;249;0x31ecfff33c000008020f391751e6fff4L
  1; 16;250;0x51e6fff43c000008020f395749e5ffb5L
  1; 16;251;0x49e5ffb53c000008020f399769d3fff6L
  1; 16;252;0x69d3fff63c000008020f39d711e9fff7L
  1; 16;253;0x11e9fff73c000008020f3a163999fff8L
  1; 16;254;0x3999fff83c000008020f3a56e5a8fff9L
  1; 16;255;0xe5a8fff93c000008020f3a96a1bafffaL
  1; 16;256;0xbcbcbcbc3c000008020f2b1739dcffccL
  1; 17;  1;0xbcbcbcbc3c000008020f3b16c5d2ffdcL
  1; 17;  2;0xc5d2ffdc3c000008020f3b56c1dbffddL
  1; 17;  3;0xc1dbffdd3c000008020f3b9661aaffdeL
  1; 17;  4;0x61aaffde3c000008020f3bd6f1a6ffdfL
  1; 17;  5;0xf1a6ffdf3c000008020f381769d1ffd0L
  1; 17;  6;0x69d1ffd03c000008020f3856b5cbffd1L
  1; 17;  7;0xb5cbffd13c000008020f389771d1ffd2L
  1; 17;  8;0x71d1ffd23c000008020f38d7a9d4ffd3L
  1; 17;  9;0xa9d4ffd33c000008020f391735e7ffd4L
  1; 17; 10;0x35e7ffd43c000008020f395709efffd5L
  1; 17; 11;0x9efffd53c000008020f399785f6ffd6L
  1; 17; 12;0x85f6ffd63c000008020f39d7adecffd7L
  1; 17; 13;0xadecffd73c000008020f3a1781d8ffd8L
  1; 17; 14;0x81d8ffd83c000008020f3a5735d6ffd9L
  1; 17; 15;0x35d6ffd93c000008020f3a9745e4ffdaL
  1; 17; 16;0xbcbcbcbc3c000008020f2b16d9ceffecL
  1; 17; 17;0xd9ceffec3c000008020f2b56a9d7ffedL
  1; 17; 18;0xa9d7ffed3c000008020f2b9659aaffeeL
  1; 17; 19;0x59aaffee3c000008020f2bd6d5a5ffefL
  1; 17; 20;0xd5a5ffef3c000008020f001761d5ffe0L
  1; 17; 21;0x61d5ffe03c000008020f0056c1cbffe1L
  1; 17; 22;0xc1cbffe13c000008020f009779d4ffe2L
  1; 17; 23;0x79d4ffe23c000008020f00d7b5d4ffe3L
  1; 17; 24;0xb5d4ffe33c000008020f011731e8ffe4L
  1; 17; 25;0x31e8ffe43c000008020f0156e9efffe5L
  1; 17; 26;0xe9efffe53c000008020f019795f7ffe6L
  1; 17; 27;0x95f7ffe63c000008020f29d7a5eaffe7L
  1; 17; 28;0xa5eaffe73c000008020f2a1781d7ffe8L
  1; 17; 29;0x81d7ffe83c000008020f2a5731d5ffe9L
  1; 17; 30;0x31d5ffe93c000008020f2a972ddbffeaL
  1; 17; 31;0xbcbcbcbc3c000008020f3316d5cffffcL
  1; 17; 32;0xd5cffffc3c000008020f335691d1fffdL
  1; 17; 33;0x91d1fffd3c000008020f33965da4fffeL
  1; 17; 34;0x5da4fffe3c000008020f33d6d1a1ffffL
  1; 17; 35;0xd1a1ffff3c000008020f30175dd3fff0L
  1; 17; 36;0x5dd3fff03c000008020f3056adc6fff1L
  1; 17; 37;0xadc6fff13c000008020f309769cffff2L
  1; 17; 38;0x69cffff23c000008020f30d7b1d1fff3L
  1; 17; 39;0xb1d1fff33c000008020f311729e6fff4L
  1; 17; 40;0x29e6fff43c000008020f315705eefff5L
  1; 17; 41;0x5eefff53c000008020f31977df6fff6L
  1; 17; 42;0x7df6fff63c000008020f31d7a1e6fff7L
  1; 17; 43;0xa1e6fff73c000008020f321775cffff8L
  1; 17; 44;0x75cffff83c000008020f32572dd4fff9L
  1; 17; 45;0x2dd4fff93c000008020f329725dbfffaL
  1; 17; 46;0xbcbcbcbc3c000008020f3b16c9ceffccL
  1; 17; 47;0xc9ceffcc3c000008020f3b569dd2ffcdL
  1; 17; 48;0x9dd2ffcd3c000008020f3b9655a8ffceL
  1; 17; 49;0x55a8ffce3c000008020f3bd6e59dffcfL
  1; 17; 50;0xe59dffcf3c000008020f381759d3ffc0L
  1; 17; 51;0x59d3ffc03c000008020f3856adc5ffc1L
  1; 17; 52;0xadc5ffc13c000008020f389769ceffc2L
  1; 17; 53;0x69ceffc23c000008020f38d7a9d2ffc3L
  1; 17; 54;0xa9d2ffc33c000008020f391725eaffc4L
  1; 17; 55;0x25eaffc43c000008020f3956f9eeffc5L
  1; 17; 56;0xf9eeffc53c000008020f399781f8ffc6L
  1; 17; 57;0x81f8ffc63c000008020f39d79de6ffc7L
  1; 17; 58;0x9de6ffc73c000008020f3a1781d3ffc8L
  1; 17; 59;0x81d3ffc83c000008020f3a5725d3ffc9L
  1; 17; 60;0x25d3ffc93c000008020f3a971ddfffcaL
  1; 17; 61;0xbcbcbcbc3c000008020f2b16c5d2ffdcL
  1; 17; 62;0xc5d2ffdc3c000008020f2b56b5daffddL
  1; 17; 63;0xb5daffdd3c000008020f2b9665a8ffdeL
  1; 17; 64;0x65a8ffde3c000008020f2bd6f1a6ffdfL
  1; 17; 65;0xf1a6ffdf3c000008020f001769d0ffd0L
  1; 17; 66;0x69d0ffd03c000008020f0056b5c8ffd1L
  1; 17; 67;0xb5c8ffd13c000008020f009771d1ffd2L
  1; 17; 68;0x71d1ffd23c000008020f00d7a9d4ffd3L
  1; 17; 69;0xa9d4ffd33c000008020f011739e6ffd4L
  1; 17; 70;0x39e6ffd43c000008020f015705efffd5L
  1; 17; 71;0x5efffd53c000008020f019779f6ffd6L
  1; 17; 72;0x79f6ffd63c000008020f29d7adecffd7L
  1; 17; 73;0xadecffd73c000008020f2a177dd8ffd8L
  1; 17; 74;0x7dd8ffd83c000008020f2a572dd5ffd9L
  1; 17; 75;0x2dd5ffd93c000008020f2a9741e2ffdaL
  1; 17; 76;0xbcbcbcbc3c000008020f3316e1d0ffecL
  1; 17; 77;0xe1d0ffec3c000008020f3356b1d7ffedL
  1; 17; 78;0xb1d7ffed3c000008020f33965da9ffeeL
  1; 17; 79;0x5da9ffee3c000008020f33d6dda7ffefL
  1; 17; 80;0xdda7ffef3c000008020f301759d6ffe0L
  1; 17; 81;0x59d6ffe03c000008020f3056cdccffe1L
  1; 17; 82;0xcdccffe13c000008020f309775d4ffe2L
  1; 17; 83;0x75d4ffe23c000008020f30d7b1d7ffe3L
  1; 17; 84;0xb1d7ffe33c000008020f311735e9ffe4L
  1; 17; 85;0x35e9ffe43c000008020f3156e9efffe5L
  1; 17; 86;0xe9efffe53c000008020f319799f7ffe6L
  1; 17; 87;0x99f7ffe63c000008020f31d7a5ebffe7L
  1; 17; 88;0xa5ebffe73c000008020f321781d8ffe8L
  1; 17; 89;0x81d8ffe83c000008020f325729d6ffe9L
  1; 17; 90;0x29d6ffe93c000008020f32972ddaffeaL
  1; 17; 91;0xbcbcbcbc3c000008020f3b16d9d1fffcL
  1; 17; 92;0xd9d1fffc3c000008020f3b569dd3fffdL
  1; 17; 93;0x9dd3fffd3c000008020f3b965da3fffeL
  1; 17; 94;0x5da3fffe3c000008020f3bd6d1a3ffffL
  1; 17; 95;0xd1a3ffff3c000008020f381761d6fff0L
  1; 17; 96;0x61d6fff03c000008020f3856b1c9fff1L
  1; 17; 97;0xb1c9fff13c000008020f38976dcffff2L
  1; 17; 98;0x6dcffff23c000008020f38d7b1d1fff3L
  1; 17; 99;0xb1d1fff33c000008020f391739e8fff4L
  1; 17;100;0x39e8fff43c000008020f395709effff5L
  1; 17;101;0x9effff53c000008020f399785f7fff6L
  1; 17;102;0x85f7fff63c000008020f39d7a5e7fff7L
  1; 17;103;0xa5e7fff73c000008020f3a1779d0fff8L
  1; 17;104;0x79d0fff83c000008020f3a572dd4fff9L
  1; 17;105;0x2dd4fff93c000008020f3a9735dafffaL
  1; 17;106;0xbcbcbcbc3c000008020f2b16c9d0ffccL
  1; 17;107;0xc9d0ffcc3c000008020f2b56a5d2ffcdL
  1; 17;108;0xa5d2ffcd3c000008020f2b9661a6ffceL
  1; 17;109;0x61a6ffce3c000008020f2bd6e59cffcfL
  1; 17;110;0xe59cffcf3c000008020f001759d4ffc0L
  1; 17;111;0x59d4ffc03c000008020f0056b1c7ffc1L
  1; 17;112;0xb1c7ffc13c000008020f00976dcdffc2L
  1; 17;113;0x6dcdffc23c000008020f00d7add3ffc3L
  1; 17;114;0xadd3ffc33c000008020f011729eaffc4L
  1; 17;115;0x29eaffc43c000008020f0156f9eeffc5L
  1; 17;116;0xf9eeffc53c000008020f019779f7ffc6L
  1; 17;117;0x79f7ffc63c000008020f29d7a5e7ffc7L
  1; 17;118;0xa5e7ffc73c000008020f2a1785d2ffc8L
  1; 17;119;0x85d2ffc83c000008020f2a5729d5ffc9L
  1; 17;120;0x29d5ffc93c000008020f2a9721dfffcaL
  1; 17;121;0xbcbcbcbc3c000008020f3316b5cfffdcL
  1; 17;122;0xb5cfffdc3c000008020f3356b1d6ffddL
  1; 17;123;0xb1d6ffdd3c000008020f339655a6ffdeL
  1; 17;124;0x55a6ffde3c000008020f33d6e5a1ffdfL
  1; 17;125;0xe5a1ffdf3c000008020f30175dd0ffd0L
  1; 17;126;0x5dd0ffd03c000008020f3056b1c6ffd1L
  1; 17;127;0xb1c6ffd13c000008020f309765cfffd2L
  1; 17;128;0x65cfffd23c000008020f30d7a1d2ffd3L
  1; 17;129;0xa1d2ffd33c000008020f311735e5ffd4L
  1; 17;130;0x35e5ffd43c000008020f3156f1eeffd5L
  1; 17;131;0xf1eeffd53c000008020f319775f6ffd6L
  1; 17;132;0x75f6ffd63c000008020f31d7a5e9ffd7L
  1; 17;133;0xa5e9ffd73c000008020f321779d6ffd8L
  1; 17;134;0x79d6ffd83c000008020f325721d2ffd9L
  1; 17;135;0x21d2ffd93c000008020f329735e1ffdaL
  1; 17;136;0xbcbcbcbc3c000008020f3b16e1d0ffecL
  1; 17;137;0xe1d0ffec3c000008020f3b56b1d7ffedL
  1; 17;138;0xb1d7ffed3c000008020f3b9665a8ffeeL
  1; 17;139;0x65a8ffee3c000008020f3bd6d9a4ffefL
  1; 17;140;0xd9a4ffef3c000008020f381759d5ffe0L
  1; 17;141;0x59d5ffe03c000008020f3856c1cbffe1L
  1; 17;142;0xc1cbffe13c000008020f38977dd4ffe2L
  1; 17;143;0x7dd4ffe23c000008020f38d7b5d5ffe3L
  1; 17;144;0xb5d5ffe33c000008020f391735eaffe4L
  1; 17;145;0x35eaffe43c000008020f3956f1efffe5L
  1; 17;146;0xf1efffe53c000008020f399799f7ffe6L
  1; 17;147;0x99f7ffe63c000008020f39d7a1eaffe7L
  1; 17;148;0xa1eaffe73c000008020f3a177dd7ffe8L
  1; 17;149;0x7dd7ffe83c000008020f3a5729d6ffe9L
  1; 17;150;0x29d6ffe93c000008020f3a972ddcffeaL
  1; 17;151;0xbcbcbcbc3c000008020f2b16ddd0fffcL
  1; 17;152;0xddd0fffc3c000008020f2b5691d4fffdL
  1; 17;153;0x91d4fffd3c000008020f2b9661a3fffeL
  1; 17;154;0x61a3fffe3c000008020f2bd6d1a3ffffL
  1; 17;155;0xd1a3ffff3c000008020f001761d4fff0L
  1; 17;156;0x61d4fff03c000008020f0056adc6fff1L
  1; 17;157;0xadc6fff13c000008020f009769cdfff2L
  1; 17;158;0x69cdfff23c000008020f00d7b1d2fff3L
  1; 17;159;0xb1d2fff33c000008020f011735e7fff4L
  1; 17;160;0x35e7fff43c000008020f01570deffff5L
  1; 17;161;0xdeffff53c000008020f019781f6fff6L
  1; 17;162;0x81f6fff63c000008020f29d7a5e7fff7L
  1; 17;163;0xa5e7fff73c000008020f2a1779d2fff8L
  1; 17;164;0x79d2fff83c000008020f2a5729d5fff9L
  1; 17;165;0x29d5fff93c000008020f2a972ddcfffaL
  1; 17;166;0xbcbcbcbc3c000008020f3316d1d1ffccL
  1; 17;167;0xd1d1ffcc3c000008020f3356a9d5ffcdL
  1; 17;168;0xa9d5ffcd3c000008020f339661aaffceL
  1; 17;169;0x61aaffce3c000008020f33d6f1a0ffcfL
  1; 17;170;0xf1a0ffcf3c000008020f30175dd4ffc0L
  1; 17;171;0x5dd4ffc03c000008020f3056bdc9ffc1L
  1; 17;172;0xbdc9ffc13c000008020f309771d1ffc2L
  1; 17;173;0x71d1ffc23c000008020f30d7b1d4ffc3L
  1; 17;174;0xb1d4ffc33c000008020f31172deaffc4L
  1; 17;175;0x2deaffc43c000008020f315705eeffc5L
  1; 17;176;0x5eeffc53c000008020f31977df7ffc6L
  1; 17;177;0x7df7ffc63c000008020f31d7a9e7ffc7L
  1; 17;178;0xa9e7ffc73c000008020f321785d3ffc8L
  1; 17;179;0x85d3ffc83c000008020f325729d5ffc9L
  1; 17;180;0x29d5ffc93c000008020f329725e0ffcaL
  1; 17;181;0xbcbcbcbc3c000008020f3b16c1d4ffdcL
  1; 17;182;0xc1d4ffdc3c000008020f3b56b9d9ffddL
  1; 17;183;0xb9d9ffdd3c000008020f3b9661a9ffdeL
  1; 17;184;0x61a9ffde3c000008020f3bd6f1a4ffdfL
  1; 17;185;0xf1a4ffdf3c000008020f381765d1ffd0L
  1; 17;186;0x65d1ffd03c000008020f3856bdc9ffd1L
  1; 17;187;0xbdc9ffd13c000008020f38976dd2ffd2L
  1; 17;188;0x6dd2ffd23c000008020f38d7a9d3ffd3L
  1; 17;189;0xa9d3ffd33c000008020f391735e6ffd4L
  1; 17;190;0x35e6ffd43c000008020f3956fdefffd5L
  1; 17;191;0xfdefffd53c000008020f399785f7ffd6L
  1; 17;192;0x85f7ffd63c000008020f39d7a9ebffd7L
  1; 17;193;0xa9ebffd73c000008020f3a177dd7ffd8L
  1; 17;194;0x7dd7ffd83c000008020f3a5729d4ffd9L
  1; 17;195;0x29d4ffd93c000008020f3a9741e3ffdaL
  1; 17;196;0xbcbcbcbc3c000008020f2b16d5cbffecL
  1; 17;197;0xd5cbffec3c000008020f2b56a9d4ffedL
  1; 17;198;0xa9d4ffed3c000008020f2b9659a6ffeeL
  1; 17;199;0x59a6ffee3c000008020f2bd6cda1ffefL
  1; 17;200;0xcda1ffef3c000008020f001751d4ffe0L
  1; 17;201;0x51d4ffe03c000008020f0056b1c8ffe1L
  1; 17;202;0xb1c8ffe13c000008020f009771d2ffe2L
  1; 17;203;0x71d2ffe23c000008020f00d7a9d3ffe3L
  1; 17;204;0xa9d3ffe33c000008020f011721e7ffe4L
  1; 17;205;0x21e7ffe43c000008020f0156e1efffe5L
  1; 17;206;0xe1efffe53c000008020f019791f6ffe6L
  1; 17;207;0x91f6ffe63c000008020f29d799e8ffe7L
  1; 17;208;0x99e8ffe73c000008020f2a1775d6ffe8L
  1; 17;209;0x75d6ffe83c000008020f2a5721d4ffe9L
  1; 17;210;0x21d4ffe93c000008020f2a9725daffeaL
  1; 17;211;0xbcbcbcbc3c000008020f3316d5d1fffcL
  1; 17;212;0xd5d1fffc3c000008020f335695d1fffdL
  1; 17;213;0x95d1fffd3c000008020f339661a3fffeL
  1; 17;214;0x61a3fffe3c000008020f33d6d9a1ffffL
  1; 17;215;0xd9a1ffff3c000008020f30175dd5fff0L
  1; 17;216;0x5dd5fff03c000008020f3056b5c7fff1L
  1; 17;217;0xb5c7fff13c000008020f309765cefff2L
  1; 17;218;0x65cefff23c000008020f30d7b1d2fff3L
  1; 17;219;0xb1d2fff33c000008020f311731e7fff4L
  1; 17;220;0x31e7fff43c000008020f315705effff5L
  1; 17;221;0x5effff53c000008020f319789f6fff6L
  1; 17;222;0x89f6fff63c000008020f31d7a5e5fff7L
  1; 17;223;0xa5e5fff73c000008020f321771d0fff8L
  1; 17;224;0x71d0fff83c000008020f32572dd3fff9L
  1; 17;225;0x2dd3fff93c000008020f329729dbfffaL
  1; 17;226;0xbcbcbcbc3c000008020f3b16c9cfffccL
  1; 17;227;0xc9cfffcc3c000008020f3b56a1d5ffcdL
  1; 17;228;0xa1d5ffcd3c000008020f3b9655a9ffceL
  1; 17;229;0x55a9ffce3c000008020f3bd6e19effcfL
  1; 17;230;0xe19effcf3c000008020f381761d3ffc0L
  1; 17;231;0x61d3ffc03c000008020f3856bdc8ffc1L
  1; 17;232;0xbdc8ffc13c000008020f389771d1ffc2L
  1; 17;233;0x71d1ffc23c000008020f38d7add4ffc3L
  1; 17;234;0xadd4ffc33c000008020f391729eaffc4L
  1; 17;235;0x29eaffc43c000008020f395701eeffc5L
  1; 17;236;0x1eeffc53c000008020f399781f7ffc6L
  1; 17;237;0x81f7ffc63c000008020f39d7a5e6ffc7L
  1; 17;238;0xa5e6ffc73c000008020f3a1785d4ffc8L
  1; 17;239;0x85d4ffc83c000008020f3a5729d6ffc9L
  1; 17;240;0x29d6ffc93c000008020f3a9725e1ffcaL
  1; 17;241;0xbcbcbcbc3c000008020f2b16bdd2ffdcL
  1; 17;242;0xbdd2ffdc3c000008020f2b56b1d9ffddL
  1; 17;243;0xb1d9ffdd3c000008020f2b965da9ffdeL
  1; 17;244;0x5da9ffde3c000008020f2bd6eda5ffdfL
  1; 17;245;0xeda5ffdf3c000008020f001765d1ffd0L
  1; 17;246;0x65d1ffd03c000008020f0056b9c8ffd1L
  1; 17;247;0xb9c8ffd13c000008020f00976dd0ffd2L
  1; 17;248;0x6dd0ffd23c000008020f00d7a5d4ffd3L
  1; 17;249;0xa5d4ffd33c000008020f011731e6ffd4L
  1; 17;250;0x31e6ffd43c000008020f015701f0ffd5L
  1; 17;251;0x1f0ffd53c000008020f01977df7ffd6L
  1; 17;252;0x7df7ffd63c000008020f29d7a9eaffd7L
  1; 17;253;0xa9eaffd73c000008020f2a177dd7ffd8L
  1; 17;254;0x7dd7ffd83c000008020f2a5729d5ffd9L
  1; 17;255;0x29d5ffd93c000008020f2a9739e2ffdaL
  1; 17;256;0xbcbcbcbc3c000008020f3316d9ceffecL
  1; 18;  1;0xbcbcbcbc3c000008020f2b17c5edfffcL
  1; 18;  2;0xc5edfffc3c000008020f2b57d5fafffdL
  1; 18;  3;0xd5fafffd3c000008020f2b97fdffffbeL
  1; 18;  4;0xfdffffbe3c000008020f2bd7adf8ffffL
  1; 18;  5;0xadf8ffff3c000008020f0017e9fafff0L
  1; 18;  6;0xe9fafff03c000008020f005765eefff1L
  1; 18;  7;0x65eefff13c000008020f0097c9f5fff2L
  1; 18;  8;0xc9f5fff23c000008020f00d7f9fffff3L
  1; 18;  9;0xf9fffff33c000008020f0117fdfffff4L
  1; 18; 10;0xfdfffff43c000008020f0157c1f0fff5L
  1; 18; 11;0xc1f0fff53c000008020f0197edf9fff6L
  1; 18; 12;0xedf9fff63c000008020f29d7d5f5ffb7L
  1; 18; 13;0xd5f5ffb73c000008020f2a17c5f1fff8L
  1; 18; 14;0xc5f1fff83c000008020f2a56f1ebfff9L
  1; 18; 15;0xf1ebfff93c000008020f2a97e9ebfffaL
  1; 18; 16;0xbcbcbcbc3c000008020f3317c5edffccL
  1; 18; 17;0xc5edffcc3c000008020f3357ddfbffcdL
  1; 18; 18;0xddfbffcd3c000008020f3397fdffff8eL
  1; 18; 19;0xfdffff8e3c000008020f33d7a9f9ffcfL
  1; 18; 20;0xa9f9ffcf3c000008020f3017e9fbffc0L
  1; 18; 21;0xe9fbffc03c000008020f305779eeffc1L
  1; 18; 22;0x79eeffc13c000008020f3097cdf6ffc2L
  1; 18; 23;0xcdf6ffc23c000008020f30d7f9ffffc3L
  1; 18; 24;0xf9ffffc33c000008020f3117fdffffc4L
  1; 18; 25;0xfdffffc43c000008020f3157c1f0ffc5L
  1; 18; 26;0xc1f0ffc53c000008020f3197f1f9ffc6L
  1; 18; 27;0xf1f9ffc63c000008020f31d7d5f5ff87L
  1; 18; 28;0xd5f5ff873c000008020f3217c1f3ffc8L
  1; 18; 29;0xc1f3ffc83c000008020f3256f1ecffc9L
  1; 18; 30;0xf1ecffc93c000008020f3297e9edffcaL
  1; 18; 31;0xbcbcbcbc3c000008020f3b17c5edffdcL
  1; 18; 32;0xc5edffdc3c000008020f3b57d9fbffddL
  1; 18; 33;0xd9fbffdd3c000008020f3b97fdffff9eL
  1; 18; 34;0xfdffff9e3c000008020f3bd7adf9ffdfL
  1; 18; 35;0xadf9ffdf3c000008020f3817e9faffd0L
  1; 18; 36;0xe9faffd03c000008020f385761eeffd1L
  1; 18; 37;0x61eeffd13c000008020f3897cdf5ffd2L
  1; 18; 38;0xcdf5ffd23c000008020f38d7f5ffffd3L
  1; 18; 39;0xf5ffffd33c000008020f3917fdffffd4L
  1; 18; 40;0xfdffffd43c000008020f3957c1efffd5L
  1; 18; 41;0xc1efffd53c000008020f3997edfaffd6L
  1; 18; 42;0xedfaffd63c000008020f39d7d5f5ff97L
  1; 18; 43;0xd5f5ff973c000008020f3a17bdf2ffd8L
  1; 18; 44;0xbdf2ffd83c000008020f3a56e9ecffd9L
  1; 18; 45;0xe9ecffd93c000008020f3a97e9e9ffdaL
  1; 18; 46;0xbcbcbcbc3c000008020f2b17c5ecffecL
  1; 18; 47;0xc5ecffec3c000008020f2b57d1fbffedL
  1; 18; 48;0xd1fbffed3c000008020f2b97fdffffaeL
  1; 18; 49;0xfdffffae3c000008020f2bd79df8ffefL
  1; 18; 50;0x9df8ffef3c000008020f0017e9faffe0L
  1; 18; 51;0xe9faffe03c000008020f00576deeffe1L
  1; 18; 52;0x6deeffe13c000008020f0097bdf4ffe2L
  1; 18; 53;0xbdf4ffe23c000008020f00d7f5ffffe3L
  1; 18; 54;0xf5ffffe33c000008020f0117fdffffe4L
  1; 18; 55;0xfdffffe43c000008020f0157c1efffe5L
  1; 18; 56;0xc1efffe53c000008020f0197edf9ffe6L
  1; 18; 57;0xedf9ffe63c000008020f29d7d5f5ffa7L
  1; 18; 58;0xd5f5ffa73c000008020f2a17b9f0ffe8L
  1; 18; 59;0xb9f0ffe83c000008020f2a56cdebffe9L
  1; 18; 60;0xcdebffe93c000008020f2a97e5ebffeaL
  1; 18; 61;0xbcbcbcbc3c000008020f3317c5ecfffcL
  1; 18; 62;0xc5ecfffc3c000008020f3357d5fbfffdL
  1; 18; 63;0xd5fbfffd3c000008020f3397fdffffbeL
  1; 18; 64;0xfdffffbe3c000008020f33d7a9f8ffffL
  1; 18; 65;0xa9f8ffff3c000008020f3017e9fafff0L
  1; 18; 66;0xe9fafff03c000008020f305761eefff1L
  1; 18; 67;0x61eefff13c000008020f3097c9f5fff2L
  1; 18; 68;0xc9f5fff23c000008020f30d7f5fffff3L
  1; 18; 69;0xf5fffff33c000008020f3117fdfffff4L
  1; 18; 70;0xfdfffff43c000008020f3157c1f0fff5L
  1; 18; 71;0xc1f0fff53c000008020f3197f1f9fff6L
  1; 18; 72;0xf1f9fff63c000008020f31d7d5f5ffb7L
  1; 18; 73;0xd5f5ffb73c000008020f3217c5f1fff8L
  1; 18; 74;0xc5f1fff83c000008020f3256edecfff9L
  1; 18; 75;0xedecfff93c000008020f3297e5e9fffaL
  1; 18; 76;0xbcbcbcbc3c000008020f3b17c5eeffccL
  1; 18; 77;0xc5eeffcc3c000008020f3b57ddfaffcdL
  1; 18; 78;0xddfaffcd3c000008020f3b97fdffff8eL
  1; 18; 79;0xfdffff8e3c000008020f3bd7adf9ffcfL
  1; 18; 80;0xadf9ffcf3c000008020f3817edfaffc0L
  1; 18; 81;0xedfaffc03c000008020f38577deeffc1L
  1; 18; 82;0x7deeffc13c000008020f3897d1f6ffc2L
  1; 18; 83;0xd1f6ffc23c000008020f38d7f5ffffc3L
  1; 18; 84;0xf5ffffc33c000008020f3917fdffffc4L
  1; 18; 85;0xfdffffc43c000008020f3957c1f0ffc5L
  1; 18; 86;0xc1f0ffc53c000008020f3997f1faffc6L
  1; 18; 87;0xf1faffc63c000008020f39d7d5f5ff87L
  1; 18; 88;0xd5f5ff873c000008020f3a17c1f2ffc8L
  1; 18; 89;0xc1f2ffc83c000008020f3a56e9ecffc9L
  1; 18; 90;0xe9ecffc93c000008020f3a97e9edffcaL
  1; 18; 91;0xbcbcbcbc3c000008020f2b17c5edffdcL
  1; 18; 92;0xc5edffdc3c000008020f2b57d9fbffddL
  1; 18; 93;0xd9fbffdd3c000008020f2b97fdffff9eL
  1; 18; 94;0xfdffff9e3c000008020f2bd7adf9ffdfL
  1; 18; 95;0xadf9ffdf3c000008020f0017e9faffd0L
  1; 18; 96;0xe9faffd03c000008020f00575deeffd1L
  1; 18; 97;0x5deeffd13c000008020f0097d1f6ffd2L
  1; 18; 98;0xd1f6ffd23c000008020f00d7f5ffffd3L
  1; 18; 99;0xf5ffffd33c000008020f0117fdffffd4L
  1; 18;100;0xfdffffd43c000008020f0157c1efffd5L
  1; 18;101;0xc1efffd53c000008020f0197f1faffd6L
  1; 18;102;0xf1faffd63c000008020f29d7d5f5ff97L
  1; 18;103;0xd5f5ff973c000008020f2a17bdf2ffd8L
  1; 18;104;0xbdf2ffd83c000008020f2a56f1ecffd9L
  1; 18;105;0xf1ecffd93c000008020f2a97e9eaffdaL
  1; 18;106;0xbcbcbcbc3c000008020f3317c5ecffecL
  1; 18;107;0xc5ecffec3c000008020f3357d1faffedL
  1; 18;108;0xd1faffed3c000008020f3397fdffffaeL
  1; 18;109;0xfdffffae3c000008020f33d79df8ffefL
  1; 18;110;0x9df8ffef3c000008020f3017edfbffe0L
  1; 18;111;0xedfbffe03c000008020f30576deeffe1L
  1; 18;112;0x6deeffe13c000008020f3097c1f4ffe2L
  1; 18;113;0xc1f4ffe23c000008020f30d7f5ffffe3L
  1; 18;114;0xf5ffffe33c000008020f3117fdffffe4L
  1; 18;115;0xfdffffe43c000008020f3157bdf0ffe5L
  1; 18;116;0xbdf0ffe53c000008020f3197edf9ffe6L
  1; 18;117;0xedf9ffe63c000008020f31d7d5f5ffa7L
  1; 18;118;0xd5f5ffa73c000008020f3217b5f1ffe8L
  1; 18;119;0xb5f1ffe83c000008020f3256d5ebffe9L
  1; 18;120;0xd5ebffe93c000008020f3297e9ebffeaL
  1; 18;121;0xbcbcbcbc3c000008020f3b17c5ebfffcL
  1; 18;122;0xc5ebfffc3c000008020f3b57d5fafffdL
  1; 18;123;0xd5fafffd3c000008020f3b97fdfeffbeL
  1; 18;124;0xfdfeffbe3c000008020f3bd7a9f8ffffL
  1; 18;125;0xa9f8ffff3c000008020f3817e9fafff0L
  1; 18;126;0xe9fafff03c000008020f385765eefff1L
  1; 18;127;0x65eefff13c000008020f3897c5f4fff2L
  1; 18;128;0xc5f4fff23c000008020f38d7f5fffff3L
  1; 18;129;0xf5fffff33c000008020f3917fdfffff4L
  1; 18;130;0xfdfffff43c000008020f3957c1effff5L
  1; 18;131;0xc1effff53c000008020f3997f1f8fff6L
  1; 18;132;0xf1f8fff63c000008020f39d7d5f5ffb7L
  1; 18;133;0xd5f5ffb73c000008020f3a17c5f1fff8L
  1; 18;134;0xc5f1fff83c000008020f3a56e5ebfff9L
  1; 18;135;0xe5ebfff93c000008020f3a97e9e9fffaL
  1; 18;136;0xbcbcbcbc3c000008020f2b17c5edffccL
  1; 18;137;0xc5edffcc3c000008020f2b57ddfaffcdL
  1; 18;138;0xddfaffcd3c000008020f2b97fdfeff8eL
  1; 18;139;0xfdfeff8e3c000008020f2bd7adf9ffcfL
  1; 18;140;0xadf9ffcf3c000008020f0017edfaffc0L
  1; 18;141;0xedfaffc03c000008020f00577deeffc1L
  1; 18;142;0x7deeffc13c000008020f0097d1f6ffc2L
  1; 18;143;0xd1f6ffc23c000008020f00d7f5ffffc3L
  1; 18;144;0xf5ffffc33c000008020f0117fdffffc4L
  1; 18;145;0xfdffffc43c000008020f0157c1f0ffc5L
  1; 18;146;0xc1f0ffc53c000008020f0197f1f9ffc6L
  1; 18;147;0xf1f9ffc63c000008020f29d7d5f5ff87L
  1; 18;148;0xd5f5ff873c000008020f2a17c1f3ffc8L
  1; 18;149;0xc1f3ffc83c000008020f2a56f5ecffc9L
  1; 18;150;0xf5ecffc93c000008020f2a97e9edffcaL
  1; 18;151;0xbcbcbcbc3c000008020f3317c9eeffdcL
  1; 18;152;0xc9eeffdc3c000008020f3357d9fbffddL
  1; 18;153;0xd9fbffdd3c000008020f3397fdffff9eL
  1; 18;154;0xfdffff9e3c000008020f33d7adf9ffdfL
  1; 18;155;0xadf9ffdf3c000008020f3017e9fbffd0L
  1; 18;156;0xe9fbffd03c000008020f305761efffd1L
  1; 18;157;0x61efffd13c000008020f3097d1f5ffd2L
  1; 18;158;0xd1f5ffd23c000008020f30d7f9ffffd3L
  1; 18;159;0xf9ffffd33c000008020f3117fdffffd4L
  1; 18;160;0xfdffffd43c000008020f3157c1f0ffd5L
  1; 18;161;0xc1f0ffd53c000008020f3197edfaffd6L
  1; 18;162;0xedfaffd63c000008020f31d7d9f5ff97L
  1; 18;163;0xd9f5ff973c000008020f3217bdf3ffd8L
  1; 18;164;0xbdf3ffd83c000008020f3256e9ecffd9L
  1; 18;165;0xe9ecffd93c000008020f3297e9ebffdaL
  1; 18;166;0xbcbcbcbc3c000008020f3b17c5edffecL
  1; 18;167;0xc5edffec3c000008020f3b57d5fbffedL
  1; 18;168;0xd5fbffed3c000008020f3b97fdffffaeL
  1; 18;169;0xfdffffae3c000008020f3bd7a5f9ffefL
  1; 18;170;0xa5f9ffef3c000008020f3817e9fbffe0L
  1; 18;171;0xe9fbffe03c000008020f385775eeffe1L
  1; 18;172;0x75eeffe13c000008020f3897c5f5ffe2L
  1; 18;173;0xc5f5ffe23c000008020f38d7f9ffffe3L
  1; 18;174;0xf9ffffe33c000008020f3917fdffffe4L
  1; 18;175;0xfdffffe43c000008020f3957c1f0ffe5L
  1; 18;176;0xc1f0ffe53c000008020f3997f1faffe6L
  1; 18;177;0xf1faffe63c000008020f39d7d9f6ffa7L
  1; 18;178;0xd9f6ffa73c000008020f3a17c1f1ffe8L
  1; 18;179;0xc1f1ffe83c000008020f3a56d1edffe9L
  1; 18;180;0xd1edffe93c000008020f3a97e9edffeaL
  1; 18;181;0xbcbcbcbc3c000008020f2b17c1ecfffcL
  1; 18;182;0xc1ecfffc3c000008020f2b57d5fafffdL
  1; 18;183;0xd5fafffd3c000008020f2b97fdfeffbeL
  1; 18;184;0xfdfeffbe3c000008020f2bd7a5f7ffffL
  1; 18;185;0xa5f7ffff3c000008020f0017e9fafff0L
  1; 18;186;0xe9fafff03c000008020f005761eefff1L
  1; 18;187;0x61eefff13c000008020f0097c5f4fff2L
  1; 18;188;0xc5f4fff23c000008020f00d7f5fffff3L
  1; 18;189;0xf5fffff33c000008020f0117fdfffff4L
  1; 18;190;0xfdfffff43c000008020f0157bdeffff5L
  1; 18;191;0xbdeffff53c000008020f0197edf8fff6L
  1; 18;192;0xedf8fff63c000008020f29d7d5f5ffb7L
  1; 18;193;0xd5f5ffb73c000008020f2a17c1f1fff8L
  1; 18;194;0xc1f1fff83c000008020f2a56e9ebfff9L
  1; 18;195;0xe9ebfff93c000008020f2a97e5e8fffaL
  1; 18;196;0xbcbcbcbc3c000008020f3317c5edffccL
  1; 18;197;0xc5edffcc3c000008020f3357ddfbffcdL
  1; 18;198;0xddfbffcd3c000008020f3397fdfeff8eL
  1; 18;199;0xfdfeff8e3c000008020f33d7a5f8ffcfL
  1; 18;200;0xa5f8ffcf3c000008020f3017e9faffc0L
  1; 18;201;0xe9faffc03c000008020f305775eeffc1L
  1; 18;202;0x75eeffc13c000008020f3097d1f6ffc2L
  1; 18;203;0xd1f6ffc23c000008020f30d7f5ffffc3L
  1; 18;204;0xf5ffffc33c000008020f3117fdffffc4L
  1; 18;205;0xfdffffc43c000008020f3157bdefffc5L
  1; 18;206;0xbdefffc53c000008020f3197edf9ffc6L
  1; 18;207;0xedf9ffc63c000008020f31d7d5f5ff87L
  1; 18;208;0xd5f5ff873c000008020f3217bdf3ffc8L
  1; 18;209;0xbdf3ffc83c000008020f3256edebffc9L
  1; 18;210;0xedebffc93c000008020f3297e9ecffcaL
  1; 18;211;0xbcbcbcbc3c000008020f3b17c5edffdcL
  1; 18;212;0xc5edffdc3c000008020f3b57d5fbffddL
  1; 18;213;0xd5fbffdd3c000008020f3b97fdffff9eL
  1; 18;214;0xfdffff9e3c000008020f3bd7adf9ffdfL
  1; 18;215;0xadf9ffdf3c000008020f3817e9faffd0L
  1; 18;216;0xe9faffd03c000008020f385769efffd1L
  1; 18;217;0x69efffd13c000008020f3897d1f5ffd2L
  1; 18;218;0xd1f5ffd23c000008020f38d7f5ffffd3L
  1; 18;219;0xf5ffffd33c000008020f3917fdffffd4L
  1; 18;220;0xfdffffd43c000008020f3957c1f0ffd5L
  1; 18;221;0xc1f0ffd53c000008020f3997f1f9ffd6L
  1; 18;222;0xf1f9ffd63c000008020f39d7d9f6ff97L
  1; 18;223;0xd9f6ff973c000008020f3a17b9f3ffd8L
  1; 18;224;0xb9f3ffd83c000008020f3a56f1ecffd9L
  1; 18;225;0xf1ecffd93c000008020f3a97e9eaffdaL
  1; 18;226;0xbcbcbcbc3c000008020f2b17c9edffecL
  1; 18;227;0xc9edffec3c000008020f2b57d5fbffedL
  1; 18;228;0xd5fbffed3c000008020f2b97fdffffaeL
  1; 18;229;0xfdffffae3c000008020f2bd7a1f8ffefL
  1; 18;230;0xa1f8ffef3c000008020f0017edfaffe0L
  1; 18;231;0xedfaffe03c000008020f005775edffe1L
  1; 18;232;0x75edffe13c000008020f0097c5f5ffe2L
  1; 18;233;0xc5f5ffe23c000008020f00d7f9ffffe3L
  1; 18;234;0xf9ffffe33c000008020f0117fdffffe4L
  1; 18;235;0xfdffffe43c000008020f0157c1f0ffe5L
  1; 18;236;0xc1f0ffe53c000008020f0197f1f9ffe6L
  1; 18;237;0xf1f9ffe63c000008020f29d7d5f6ffa7L
  1; 18;238;0xd5f6ffa73c000008020f2a17bdf1ffe8L
  1; 18;239;0xbdf1ffe83c000008020f2a56e5ecffe9L
  1; 18;240;0xe5ecffe93c000008020f2a97e9ebffeaL
  1; 18;241;0xbcbcbcbc3c000008020f3317c1ecfffcL
  1; 18;242;0xc1ecfffc3c000008020f3357d5fbfffdL
  1; 18;243;0xd5fbfffd3c000008020f3397fdffffbeL
  1; 18;244;0xfdffffbe3c000008020f33d7adf8ffffL
  1; 18;245;0xadf8ffff3c000008020f3017e9fafff0L
  1; 18;246;0xe9fafff03c000008020f305765eefff1L
  1; 18;247;0x65eefff13c000008020f3097c5f4fff2L
  1; 18;248;0xc5f4fff23c000008020f30d7f9fffff3L
  1; 18;249;0xf9fffff33c000008020f3117fdfffff4L
  1; 18;250;0xfdfffff43c000008020f3157bdf0fff5L
  1; 18;251;0xbdf0fff53c000008020f3197edf8fff6L
  1; 18;252;0xedf8fff63c000008020f31d7d5f5ffb7L
  1; 18;253;0xd5f5ffb73c000008020f3217c1f2fff8L
  1; 18;254;0xc1f2fff83c000008020f3256e9ecfff9L
  1; 18;255;0xe9ecfff93c000008020f3297e9eafffaL
  1; 18;256;0xbcbcbcbc3c000008020f3b17c5edffccL
  1; 20;  1;0xbcbcbcbc3c000008020f33173dd0ffccL
  1; 20;  2;0x3dd0ffcc3c000008020f33578de7ffcdL
  1; 20;  3;0x8de7ffcd3c000008020f339779d8ffceL
  1; 20;  4;0x79d8ffce3c000008020f33d759d6ffcfL
  1; 20;  5;0x59d6ffcf3c000008020f301781d5ffc0L
  1; 20;  6;0x81d5ffc03c000008020f3057c9eeffc1L
  1; 20;  7;0xc9eeffc13c000008020f3097a9ebffc2L
  1; 20;  8;0xa9ebffc23c000008020f30d7b5f1ffc3L
  1; 20;  9;0xb5f1ffc33c000008020f311799edffc4L
  1; 20; 10;0x99edffc43c000008020f3157a5f3ffc5L
  1; 20; 11;0xa5f3ffc53c000008020f3197a1cdffc6L
  1; 20; 12;0xa1cdffc63c000008020f31d7fdffff87L
  1; 20; 13;0xfdffff873c000008020f3217b5c0ffc8L
  1; 20; 14;0xb5c0ffc83c000008020f3257a1f5ffc9L
  1; 20; 15;0xa1f5ffc93c000008020f329769e5ffcaL
  1; 20; 16;0xbcbcbcbc3c000008020f3b1735cfffdcL
  1; 20; 17;0x35cfffdc3c000008020f3b577de5ffddL
  1; 20; 18;0x7de5ffdd3c000008020f3b976dd6ffdeL
  1; 20; 19;0x6dd6ffde3c000008020f3bd749d9ffdfL
  1; 20; 20;0x49d9ffdf3c000008020f381781d5ffd0L
  1; 20; 21;0x81d5ffd03c000008020f3857c5edffd1L
  1; 20; 22;0xc5edffd13c000008020f3897a9ecffd2L
  1; 20; 23;0xa9ecffd23c000008020f38d7b5f2ffd3L
  1; 20; 24;0xb5f2ffd33c000008020f391795edffd4L
  1; 20; 25;0x95edffd43c000008020f395791f3ffd5L
  1; 20; 26;0x91f3ffd53c000008020f399795c7ffd6L
  1; 20; 27;0x95c7ffd63c000008020f39d7fdffff97L
  1; 20; 28;0xfdffff973c000008020f3a17adc1ffd8L
  1; 20; 29;0xadc1ffd83c000008020f3a578df3ffd9L
  1; 20; 30;0x8df3ffd93c000008020f3a9769e4ffdaL
  1; 20; 31;0xbcbcbcbc3c000008020f2b1725cbffecL
  1; 20; 32;0x25cbffec3c000008020f2b5789e6ffedL
  1; 20; 33;0x89e6ffed3c000008020f2b976ddbffeeL
  1; 20; 34;0x6ddbffee3c000008020f2bd75de1ffefL
  1; 20; 35;0x5de1ffef3c000008020f001779d4ffe0L
  1; 20; 36;0x79d4ffe03c000008020f0057b9eeffe1L
  1; 20; 37;0xb9eeffe13c000008020f0097a9ebffe2L
  1; 20; 38;0xa9ebffe23c000008020f00d7bdf2ffe3L
  1; 20; 39;0xbdf2ffe33c000008020f01179deeffe4L
  1; 20; 40;0x9deeffe43c000008020f015795f4ffe5L
  1; 20; 41;0x95f4ffe53c000008020f019799ccffe6L
  1; 20; 42;0x99ccffe63c000008020f29d7f9ffffa7L
  1; 20; 43;0xf9ffffa73c000008020f2a17b9c8ffe8L
  1; 20; 44;0xb9c8ffe83c000008020f2a5795f6ffe9L
  1; 20; 45;0x95f6ffe93c000008020f2a977de6ffeaL
  1; 20; 46;0xbcbcbcbc3c000008020f331729cefffcL
  1; 20; 47;0x29cefffc3c000008020f335789e6fffdL
  1; 20; 48;0x89e6fffd3c000008020f339775d3fffeL
  1; 20; 49;0x75d3fffe3c000008020f33d755d6ffffL
  1; 20; 50;0x55d6ffff3c000008020f301781d3fff0L
  1; 20; 51;0x81d3fff03c000008020f3057bdeefff1L
  1; 20; 52;0xbdeefff13c000008020f3097a9ecfff2L
  1; 20; 53;0xa9ecfff23c000008020f30d7bdf2fff3L
  1; 20; 54;0xbdf2fff33c000008020f311791f0fff4L
  1; 20; 55;0x91f0fff43c000008020f315799f4fff5L
  1; 20; 56;0x99f4fff53c000008020f3197a1ccfff6L
  1; 20; 57;0xa1ccfff63c000008020f31d7f9ffffb7L
  1; 20; 58;0xf9ffffb73c000008020f3217b1c0fff8L
  1; 20; 59;0xb1c0fff83c000008020f32579df4fff9L
  1; 20; 60;0x9df4fff93c000008020f329771e7fffaL
  1; 20; 61;0xbcbcbcbc3c000008020f3b1741d3ffccL
  1; 20; 62;0x41d3ffcc3c000008020f3b578de7ffcdL
  1; 20; 63;0x8de7ffcd3c000008020f3b9789dcffceL
  1; 20; 64;0x89dcffce3c000008020f3bd769daffcfL
  1; 20; 65;0x69daffcf3c000008020f381781d7ffc0L
  1; 20; 66;0x81d7ffc03c000008020f3857c9efffc1L
  1; 20; 67;0xc9efffc13c000008020f3897a9ecffc2L
  1; 20; 68;0xa9ecffc23c000008020f38d7b5f2ffc3L
  1; 20; 69;0xb5f2ffc33c000008020f39179defffc4L
  1; 20; 70;0x9defffc43c000008020f3957a5f4ffc5L
  1; 20; 71;0xa5f4ffc53c000008020f3997a5ceffc6L
  1; 20; 72;0xa5ceffc63c000008020f39d7fdffff87L
  1; 20; 73;0xfdffff873c000008020f3a17c1c1ffc8L
  1; 20; 74;0xc1c1ffc83c000008020f3a57a9f6ffc9L
  1; 20; 75;0xa9f6ffc93c000008020f3a9775e6ffcaL
  1; 20; 76;0xbcbcbcbc3c000008020f2b172dceffdcL
  1; 20; 77;0x2dceffdc3c000008020f2b5781e5ffddL
  1; 20; 78;0x81e5ffdd3c000008020f2b9769d5ffdeL
  1; 20; 79;0x69d5ffde3c000008020f2bd74ddbffdfL
  1; 20; 80;0x4ddbffdf3c000008020f00177dd7ffd0L
  1; 20; 81;0x7dd7ffd03c000008020f0057c9edffd1L
  1; 20; 82;0xc9edffd13c000008020f0097a9ecffd2L
  1; 20; 83;0xa9ecffd23c000008020f00d7b9f2ffd3L
  1; 20; 84;0xb9f2ffd33c000008020f011791edffd4L
  1; 20; 85;0x91edffd43c000008020f015791f4ffd5L
  1; 20; 86;0x91f4ffd53c000008020f019795c7ffd6L
  1; 20; 87;0x95c7ffd63c000008020f29d7fdffff97L
  1; 20; 88;0xfdffff973c000008020f2a17a9c0ffd8L
  1; 20; 89;0xa9c0ffd83c000008020f2a5791f4ffd9L
  1; 20; 90;0x91f4ffd93c000008020f2a9769e4ffdaL
  1; 20; 91;0xbcbcbcbc3c000008020f331719c9ffecL
  1; 20; 92;0x19c9ffec3c000008020f335781e6ffedL
  1; 20; 93;0x81e6ffed3c000008020f339765d9ffeeL
  1; 20; 94;0x65d9ffee3c000008020f33d759deffefL
  1; 20; 95;0x59deffef3c000008020f301771d2ffe0L
  1; 20; 96;0x71d2ffe03c000008020f3057b5edffe1L
  1; 20; 97;0xb5edffe13c000008020f3097a5ebffe2L
  1; 20; 98;0xa5ebffe23c000008020f30d7bdf2ffe3L
  1; 20; 99;0xbdf2ffe33c000008020f311791ecffe4L
  1; 20;100;0x91ecffe43c000008020f31578df3ffe5L
  1; 20;101;0x8df3ffe53c000008020f319799c9ffe6L
  1; 20;102;0x99c9ffe63c000008020f31d7f5ffffa7L
  1; 20;103;0xf5ffffa73c000008020f3217adc6ffe8L
  1; 20;104;0xadc6ffe83c000008020f325799f5ffe9L
  1; 20;105;0x99f5ffe93c000008020f329771e6ffeaL
  1; 20;106;0xbcbcbcbc3c000008020f3b172dcffffcL
  1; 20;107;0x2dcffffc3c000008020f3b5785e5fffdL
  1; 20;108;0x85e5fffd3c000008020f3b9771d3fffeL
  1; 20;109;0x71d3fffe3c000008020f3bd75dd6ffffL
  1; 20;110;0x5dd6ffff3c000008020f381781d2fff0L
  1; 20;111;0x81d2fff03c000008020f3857b9eefff1L
  1; 20;112;0xb9eefff13c000008020f3897a9ecfff2L
  1; 20;113;0xa9ecfff23c000008020f38d7bdf1fff3L
  1; 20;114;0xbdf1fff33c000008020f39178deffff4L
  1; 20;115;0x8deffff43c000008020f395795f4fff5L
  1; 20;116;0x95f4fff53c000008020f3997a1cbfff6L
  1; 20;117;0xa1cbfff63c000008020f39d7f9ffffb7L
  1; 20;118;0xf9ffffb73c000008020f3a17b1c3fff8L
  1; 20;119;0xb1c3fff83c000008020f3a579df4fff9L
  1; 20;120;0x9df4fff93c000008020f3a9775e6fffaL
  1; 20;121;0xbcbcbcbc3c000008020f2b1749d3ffccL
  1; 20;122;0x49d3ffcc3c000008020f2b5791e8ffcdL
  1; 20;123;0x91e8ffcd3c000008020f2b9789daffceL
  1; 20;124;0x89daffce3c000008020f2bd765d9ffcfL
  1; 20;125;0x65d9ffcf3c000008020f001785d8ffc0L
  1; 20;126;0x85d8ffc03c000008020f0057cdefffc1L
  1; 20;127;0xcdefffc13c000008020f0097a9ecffc2L
  1; 20;128;0xa9ecffc23c000008020f00d7b9f2ffc3L
  1; 20;129;0xb9f2ffc33c000008020f0117a1efffc4L
  1; 20;130;0xa1efffc43c000008020f0157a9f3ffc5L
  1; 20;131;0xa9f3ffc53c000008020f0197a5cfffc6L
  1; 20;132;0xa5cfffc63c000008020f29d7fdffff87L
  1; 20;133;0xfdffff873c000008020f2a17b9c3ffc8L
  1; 20;134;0xb9c3ffc83c000008020f2a57a9f5ffc9L
  1; 20;135;0xa9f5ffc93c000008020f2a976de6ffcaL
  1; 20;136;0xbcbcbcbc3c000008020f331731d0ffdcL
  1; 20;137;0x31d0ffdc3c000008020f335781e6ffddL
  1; 20;138;0x81e6ffdd3c000008020f339771d6ffdeL
  1; 20;139;0x71d6ffde3c000008020f33d74ddbffdfL
  1; 20;140;0x4ddbffdf3c000008020f301789d8ffd0L
  1; 20;141;0x89d8ffd03c000008020f3057c9edffd1L
  1; 20;142;0xc9edffd13c000008020f3097a9ecffd2L
  1; 20;143;0xa9ecffd23c000008020f30d7b9f2ffd3L
  1; 20;144;0xb9f2ffd33c000008020f31179defffd4L
  1; 20;145;0x9defffd43c000008020f315791f3ffd5L
  1; 20;146;0x91f3ffd53c000008020f319795c9ffd6L
  1; 20;147;0x95c9ffd63c000008020f31d7fdffff97L
  1; 20;148;0xfdffff973c000008020f3217b5c2ffd8L
  1; 20;149;0xb5c2ffd83c000008020f32578df4ffd9L
  1; 20;150;0x8df4ffd93c000008020f32976de5ffdaL
  1; 20;151;0xbcbcbcbc3c000008020f3b1711c7ffecL
  1; 20;152;0x11c7ffec3c000008020f3b5781e5ffedL
  1; 20;153;0x81e5ffed3c000008020f3b9761d9ffeeL
  1; 20;154;0x61d9ffee3c000008020f3bd755ddffefL
  1; 20;155;0x55ddffef3c000008020f381769d1ffe0L
  1; 20;156;0x69d1ffe03c000008020f3857b1ecffe1L
  1; 20;157;0xb1ecffe13c000008020f3897a5ebffe2L
  1; 20;158;0xa5ebffe23c000008020f38d7bdf2ffe3L
  1; 20;159;0xbdf2ffe33c000008020f391791ecffe4L
  1; 20;160;0x91ecffe43c000008020f395789f3ffe5L
  1; 20;161;0x89f3ffe53c000008020f399795c9ffe6L
  1; 20;162;0x95c9ffe63c000008020f39d7f5ffffa7L
  1; 20;163;0xf5ffffa73c000008020f3a17adc6ffe8L
  1; 20;164;0xadc6ffe83c000008020f3a5791f4ffe9L
  1; 20;165;0x91f4ffe93c000008020f3a9771e5ffeaL
  1; 20;166;0xbcbcbcbc3c000008020f2b171dcafffcL
  1; 20;167;0x1dcafffc3c000008020f2b577de5fffdL
  1; 20;168;0x7de5fffd3c000008020f2b9769d0fffeL
  1; 20;169;0x69d0fffe3c000008020f2bd74dd4ffffL
  1; 20;170;0x4dd4ffff3c000008020f001779d1fff0L
  1; 20;171;0x79d1fff03c000008020f0057b5edfff1L
  1; 20;172;0xb5edfff13c000008020f0097a5ebfff2L
  1; 20;173;0xa5ebfff23c000008020f00d7bdf1fff3L
  1; 20;174;0xbdf1fff33c000008020f011785eefff4L
  1; 20;175;0x85eefff43c000008020f015791f3fff5L
  1; 20;176;0x91f3fff53c000008020f019799c9fff6L
  1; 20;177;0x99c9fff63c000008020f29d7f5ffffb7L
  1; 20;178;0xf5ffffb73c000008020f2a17a9bcfff8L
  1; 20;179;0xa9bcfff83c000008020f2a5791f2fff9L
  1; 20;180;0x91f2fff93c000008020f2a9769e6fffaL
  1; 20;181;0xbcbcbcbc3c000008020f331745d4ffccL
  1; 20;182;0x45d4ffcc3c000008020f335791e6ffcdL
  1; 20;183;0x91e6ffcd3c000008020f339785dcffceL
  1; 20;184;0x85dcffce3c000008020f33d769daffcfL
  1; 20;185;0x69daffcf3c000008020f301785d8ffc0L
  1; 20;186;0x85d8ffc03c000008020f3057c9f0ffc1L
  1; 20;187;0xc9f0ffc13c000008020f3097a9ecffc2L
  1; 20;188;0xa9ecffc23c000008020f30d7b9f2ffc3L
  1; 20;189;0xb9f2ffc33c000008020f31179deeffc4L
  1; 20;190;0x9deeffc43c000008020f3157a9f3ffc5L
  1; 20;191;0xa9f3ffc53c000008020f3197a5cfffc6L
  1; 20;192;0xa5cfffc63c000008020f31d7f9ffff87L
  1; 20;193;0xf9ffff873c000008020f3217b9c2ffc8L
  1; 20;194;0xb9c2ffc83c000008020f3257adf6ffc9L
  1; 20;195;0xadf6ffc93c000008020f32976de5ffcaL
  1; 20;196;0xbcbcbcbc3c000008020f3b173dcfffdcL
  1; 20;197;0x3dcfffdc3c000008020f3b5785e6ffddL
  1; 20;198;0x85e6ffdd3c000008020f3b9775d7ffdeL
  1; 20;199;0x75d7ffde3c000008020f3bd74ddbffdfL
  1; 20;200;0x4ddbffdf3c000008020f381789d6ffd0L
  1; 20;201;0x89d6ffd03c000008020f3857c9edffd1L
  1; 20;202;0xc9edffd13c000008020f3897a9ecffd2L
  1; 20;203;0xa9ecffd23c000008020f38d7b9f2ffd3L
  1; 20;204;0xb9f2ffd33c000008020f39179deeffd4L
  1; 20;205;0x9deeffd43c000008020f395795f3ffd5L
  1; 20;206;0x95f3ffd53c000008020f399799c9ffd6L
  1; 20;207;0x99c9ffd63c000008020f39d7fdffff97L
  1; 20;208;0xfdffff973c000008020f3a17b5c5ffd8L
  1; 20;209;0xb5c5ffd83c000008020f3a5795f4ffd9L
  1; 20;210;0x95f4ffd93c000008020f3a976de5ffdaL
  1; 20;211;0xbcbcbcbc3c000008020f2b1721c9ffecL
  1; 20;212;0x21c9ffec3c000008020f2b5781e5ffedL
  1; 20;213;0x81e5ffed3c000008020f2b9765d9ffeeL
  1; 20;214;0x65d9ffee3c000008020f2bd75ddfffefL
  1; 20;215;0x5ddfffef3c000008020f001771d4ffe0L
  1; 20;216;0x71d4ffe03c000008020f0057b5efffe1L
  1; 20;217;0xb5efffe13c000008020f0097a9eaffe2L
  1; 20;218;0xa9eaffe23c000008020f00d7c1f2ffe3L
  1; 20;219;0xc1f2ffe33c000008020f011799edffe4L
  1; 20;220;0x99edffe43c000008020f015791f3ffe5L
  1; 20;221;0x91f3ffe53c000008020f019799caffe6L
  1; 20;222;0x99caffe63c000008020f29d7f9ffffa7L
  1; 20;223;0xf9ffffa73c000008020f2a17b1c7ffe8L
  1; 20;224;0xb1c7ffe83c000008020f2a5795f5ffe9L
  1; 20;225;0x95f5ffe93c000008020f2a9775e7ffeaL
  1; 20;226;0xbcbcbcbc3c000008020f331725cbfffcL
  1; 20;227;0x25cbfffc3c000008020f335789e4fffdL
  1; 20;228;0x89e4fffd3c000008020f339769d1fffeL
  1; 20;229;0x69d1fffe3c000008020f33d749d3ffffL
  1; 20;230;0x49d3ffff3c000008020f30177dd1fff0L
  1; 20;231;0x7dd1fff03c000008020f3057b9ecfff1L
  1; 20;232;0xb9ecfff13c000008020f3097a9ebfff2L
  1; 20;233;0xa9ebfff23c000008020f30d7b9f1fff3L
  1; 20;234;0xb9f1fff33c000008020f311785effff4L
  1; 20;235;0x85effff43c000008020f315795f3fff5L
  1; 20;236;0x95f3fff53c000008020f31979dcbfff6L
  1; 20;237;0x9dcbfff63c000008020f31d7f5ffffb7L
  1; 20;238;0xf5ffffb73c000008020f3217a5bdfff8L
  1; 20;239;0xa5bdfff83c000008020f325791f3fff9L
  1; 20;240;0x91f3fff93c000008020f329769e6fffaL
  1; 20;241;0xbcbcbcbc3c000008020f3b1741d1ffccL
  1; 20;242;0x41d1ffcc3c000008020f3b5789e6ffcdL
  1; 20;243;0x89e6ffcd3c000008020f3b9781d9ffceL
  1; 20;244;0x81d9ffce3c000008020f3bd761d8ffcfL
  1; 20;245;0x61d8ffcf3c000008020f38177dd5ffc0L
  1; 20;246;0x7dd5ffc03c000008020f3857c9eeffc1L
  1; 20;247;0xc9eeffc13c000008020f3897a9ecffc2L
  1; 20;248;0xa9ecffc23c000008020f38d7b5f1ffc3L
  1; 20;249;0xb5f1ffc33c000008020f391795edffc4L
  1; 20;250;0x95edffc43c000008020f3957a1f3ffc5L
  1; 20;251;0xa1f3ffc53c000008020f399799ccffc6L
  1; 20;252;0x99ccffc63c000008020f39d7f9ffff87L
  1; 20;253;0xf9ffff873c000008020f3a17b5c0ffc8L
  1; 20;254;0xb5c0ffc83c000008020f3a57a9f5ffc9L
  1; 20;255;0xa9f5ffc93c000008020f3a976de5ffcaL
  1; 20;256;0xbcbcbcbc3c000008020f2b1745d2ffdcL
