Link ID; Channel ID; Line; Data 
  1; 15;  1;0xbcbcbcbc3c3e0008020f2196056ffffcL
  1; 15;  2;0x56ffffc3c3e0008020f2195456afffdL
  1; 15;  3;0x456afffd3c3e0008020f21959d68fffeL
  1; 15;  4;0x9d68fffe3c3e0008020f21953579ffffL
  1; 15;  5;0x3579ffff3c3e0008020f21958958fff0L
  1; 15;  6;0x8958fff03c3e0008020f21956d7efff1L
  1; 15;  7;0x6d7efff13c3e0008020f2195a580fff2L
  1; 15;  8;0xa580fff23c3e0008020f21959561fff3L
  1; 15;  9;0x9561fff33c3e0008020f2195dd9efff4L
  1; 15; 10;0xdd9efff43c3e0008020f21954599fff5L
  1; 15; 11;0x4599fff53c3e0008020f2195e586fff6L
  1; 15; 12;0xe586fff63c3e0008020f2194f960fff7L
  1; 15; 13;0xf960fff73c3e0008020f2195d161fff8L
  1; 15; 14;0xd161fff83c3e0008020f2194c987fff9L
  1; 15; 15;0xc987fff93c3e0008020f2195d990fffaL
  1; 15; 16;0xbcbcbcbc3c3e2008020f0195f96effccL
  1; 15; 17;0xf96effcc3c3e2008020f01954969ffcdL
  1; 15; 18;0x4969ffcd3c3e2008020f01958968ffceL
  1; 15; 19;0x8968ffce3c3e2008020f01953177ffcfL
  1; 15; 20;0x3177ffcf3c3e2008020f0195855dffc0L
  1; 15; 21;0x855dffc03c3e2008020f01958979ffc1L
  1; 15; 22;0x8979ffc13c3e2008020f01958582ffc2L
  1; 15; 23;0x8582ffc23c3e2008020f0195b164ffc3L
  1; 15; 24;0xb164ffc33c3e2008020f0195e19dffc4L
  1; 15; 25;0xe19dffc43c3e2008020f01954997ffc5L
  1; 15; 26;0x4997ffc53c3e2008020f0195ed85ffc6L
  1; 15; 27;0xed85ffc63c3e2008020f0195015fffc7L
  1; 15; 28;0x15fffc73c3e2008020f0195dd5affc8L
  1; 15; 29;0xdd5affc83c3e2008020f0194d582ffc9L
  1; 15; 30;0xd582ffc93c3e2008020f0195d191ffcaL
  1; 15; 31;0xbcbcbcbc3c3e4008020f2195f167ffdcL
  1; 15; 32;0xf167ffdc3c3e4008020f2195456fffddL
  1; 15; 33;0x456fffdd3c3e4008020f21958966ffdeL
  1; 15; 34;0x8966ffde3c3e4008020f2195217effdfL
  1; 15; 35;0x217effdf3c3e4008020f2195755fffd0L
  1; 15; 36;0x755fffd03c3e4008020f21957980ffd1L
  1; 15; 37;0x7980ffd13c3e4008020f2195ad7fffd2L
  1; 15; 38;0xad7fffd23c3e4008020f2195a560ffd3L
  1; 15; 39;0xa560ffd33c3e4008020f2195e1a1ffd4L
  1; 15; 40;0xe1a1ffd43c3e4008020f21955d9bffd5L
  1; 15; 41;0x5d9bffd53c3e4008020f2195f188ffd6L
  1; 15; 42;0xf188ffd63c3e4008020f2195055affd7L
  1; 15; 43;0x55affd73c3e4008020f2195d55fffd8L
  1; 15; 44;0xd55fffd83c3e4008020f2194f187ffd9L
  1; 15; 45;0xf187ffd93c3e4008020f2195c596ffdaL
  1; 15; 46;0xbcbcbcbc3c3e6008020f0195e96fffecL
  1; 15; 47;0xe96fffec3c3e6008020f01953d6cffedL
  1; 15; 48;0x3d6cffed3c3e6008020f01959d6fffeeL
  1; 15; 49;0x9d6fffee3c3e6008020f01953178ffefL
  1; 15; 50;0x3178ffef3c3e6008020f0195a161ffe0L
  1; 15; 51;0xa161ffe03c3e6008020f0195757bffe1L
  1; 15; 52;0x757bffe13c3e6008020f0195a180ffe2L
  1; 15; 53;0xa180ffe23c3e6008020f0195995fffe3L
  1; 15; 54;0x995fffe33c3e6008020f0195d5a5ffe4L
  1; 15; 55;0xd5a5ffe43c3e6008020f0195319affe5L
  1; 15; 56;0x319affe53c3e6008020f0195f187ffe6L
  1; 15; 57;0xf187ffe63c3e6008020f0195015dffe7L
  1; 15; 58;0x15dffe73c3e6008020f0195d161ffe8L
  1; 15; 59;0xd161ffe83c3e6008020f0194dd85ffe9L
  1; 15; 60;0xdd85ffe93c3e6008020f0195d197ffeaL
  1; 15; 61;0xbcbcbcbc3c3e8008020f2195ed6bfffcL
  1; 15; 62;0xed6bfffc3c3e8008020f21952d64fffdL
  1; 15; 63;0x2d64fffd3c3e8008020f21958d64fffeL
  1; 15; 64;0x8d64fffe3c3e8008020f21952978ffffL
  1; 15; 65;0x2978ffff3c3e8008020f21957d56fff0L
  1; 15; 66;0x7d56fff03c3e8008020f21955979fff1L
  1; 15; 67;0x5979fff13c3e8008020f2195957cfff2L
  1; 15; 68;0x957cfff23c3e8008020f2195895dfff3L
  1; 15; 69;0x895dfff33c3e8008020f2195cd9dfff4L
  1; 15; 70;0xcd9dfff43c3e8008020f21952d98fff5L
  1; 15; 71;0x2d98fff53c3e8008020f2195d982fff6L
  1; 15; 72;0xd982fff63c3e8008020f2194f55cfff7L
  1; 15; 73;0xf55cfff73c3e8008020f2195c55efff8L
  1; 15; 74;0xc55efff83c3e8008020f2194c183fff9L
  1; 15; 75;0xc183fff93c3e8008020f2195c98dfffaL
  1; 15; 76;0xbcbcbcbc3c3ea008020f01960970ffccL
  1; 15; 77;0x970ffcc3c3ea008020f0195516cffcdL
  1; 15; 78;0x516cffcd3c3ea008020f0195996cffceL
  1; 15; 79;0x996cffce3c3ea008020f0195457affcfL
  1; 15; 80;0x457affcf3c3ea008020f01958d61ffc0L
  1; 15; 81;0x8d61ffc03c3ea008020f0195897dffc1L
  1; 15; 82;0x897dffc13c3ea008020f01958d84ffc2L
  1; 15; 83;0x8d84ffc23c3ea008020f0195bd65ffc3L
  1; 15; 84;0xbd65ffc33c3ea008020f0195eda0ffc4L
  1; 15; 85;0xeda0ffc43c3ea008020f0195559affc5L
  1; 15; 86;0x559affc53c3ea008020f0195f58affc6L
  1; 15; 87;0xf58affc63c3ea008020f01950d62ffc7L
  1; 15; 88;0xd62ffc73c3ea008020f0195e960ffc8L
  1; 15; 89;0xe960ffc83c3ea008020f0194e588ffc9L
  1; 15; 90;0xe588ffc93c3ea008020f0195dd93ffcaL
  1; 15; 91;0xbcbcbcbc3c3ec008020f2195f968ffdcL
  1; 15; 92;0xf968ffdc3c3ec008020f2195356effddL
  1; 15; 93;0x356effdd3c3ec008020f21958565ffdeL
  1; 15; 94;0x8565ffde3c3ec008020f21951d7fffdfL
  1; 15; 95;0x1d7fffdf3c3ec008020f2195795dffd0L
  1; 15; 96;0x795dffd03c3ec008020f21956d7dffd1L
  1; 15; 97;0x6d7dffd13c3ec008020f2195a57effd2L
  1; 15; 98;0xa57effd23c3ec008020f2195a55effd3L
  1; 15; 99;0xa55effd33c3ec008020f2195d99dffd4L
  1; 15;100;0xd99dffd43c3ec008020f21954999ffd5L
  1; 15;101;0x4999ffd53c3ec008020f2195e987ffd6L
  1; 15;102;0xe987ffd63c3ec008020f21950558ffd7L
  1; 15;103;0x558ffd73c3ec008020f2195d95bffd8L
  1; 15;104;0xd95bffd83c3ec008020f2194ed87ffd9L
  1; 15;105;0xed87ffd93c3ec008020f2195c593ffdaL
  1; 15;106;0xbcbcbcbc3c3ee008020f0195e16affecL
  1; 15;107;0xe16affec3c3ee008020f0195356bffedL
  1; 15;108;0x356bffed3c3ee008020f0195956cffeeL
  1; 15;109;0x956cffee3c3ee008020f01952577ffefL
  1; 15;110;0x2577ffef3c3ee008020f0195915affe0L
  1; 15;111;0x915affe03c3ee008020f01956d79ffe1L
  1; 15;112;0x6d79ffe13c3ee008020f0195897effe2L
  1; 15;113;0x897effe23c3ee008020f0195955cffe3L
  1; 15;114;0x955cffe33c3ee008020f0195c5a2ffe4L
  1; 15;115;0xc5a2ffe43c3ee008020f01953997ffe5L
  1; 15;116;0x3997ffe53c3ee008020f0195e984ffe6L
  1; 15;117;0xe984ffe63c3ee008020f0194f15affe7L
  1; 15;118;0xf15affe73c3ee008020f0195c560ffe8L
  1; 15;119;0xc560ffe83c3ee008020f0194dd83ffe9L
  1; 15;120;0xdd83ffe93c3ee008020f0195c994ffeaL
  1; 15;121;0xbcbcbcbc3c3f0008020f2195f96dfffcL
  1; 15;122;0xf96dfffc3c3f0008020f21953968fffdL
  1; 15;123;0x3968fffd3c3f0008020f21959d65fffeL
  1; 15;124;0x9d65fffe3c3f0008020f21953579ffffL
  1; 15;125;0x3579ffff3c3f0008020f21958558fff0L
  1; 15;126;0x8558fff03c3f0008020f2195697afff1L
  1; 15;127;0x697afff13c3f0008020f21959d7efff2L
  1; 15;128;0x9d7efff23c3f0008020f2195915dfff3L
  1; 15;129;0x915dfff33c3f0008020f2195d59bfff4L
  1; 15;130;0xd59bfff43c3f0008020f21953d97fff5L
  1; 15;131;0x3d97fff53c3f0008020f2195e582fff6L
  1; 15;132;0xe582fff63c3f0008020f2194f961fff7L
  1; 15;133;0xf961fff73c3f0008020f2195c95efff8L
  1; 15;134;0xc95efff83c3f0008020f2194c585fff9L
  1; 15;135;0xc585fff93c3f0008020f2195cd8efffaL
  1; 15;136;0xbcbcbcbc3c3f2008020f0195f96bffccL
  1; 15;137;0xf96bffcc3c3f2008020f01954568ffcdL
  1; 15;138;0x4568ffcd3c3f2008020f01958966ffceL
  1; 15;139;0x8966ffce3c3f2008020f01952d75ffcfL
  1; 15;140;0x2d75ffcf3c3f2008020f0195795effc0L
  1; 15;141;0x795effc03c3f2008020f01958177ffc1L
  1; 15;142;0x8177ffc13c3f2008020f01958180ffc2L
  1; 15;143;0x8180ffc23c3f2008020f0195a961ffc3L
  1; 15;144;0xa961ffc33c3f2008020f0195e19bffc4L
  1; 15;145;0xe19bffc43c3f2008020f01954595ffc5L
  1; 15;146;0x4595ffc53c3f2008020f0195e984ffc6L
  1; 15;147;0xe984ffc63c3f2008020f0194f95dffc7L
  1; 15;148;0xf95dffc73c3f2008020f0195d558ffc8L
  1; 15;149;0xd558ffc83c3f2008020f0194d185ffc9L
  1; 15;150;0xd185ffc93c3f2008020f0195cd8dffcaL
  1; 15;151;0xbcbcbcbc3c3f4008020f2195f96cffdcL
  1; 15;152;0xf96cffdc3c3f4008020f21954571ffddL
  1; 15;153;0x4571ffdd3c3f4008020f21958966ffdeL
  1; 15;154;0x8966ffde3c3f4008020f21952d81ffdfL
  1; 15;155;0x2d81ffdf3c3f4008020f21957d5effd0L
  1; 15;156;0x7d5effd03c3f4008020f21957582ffd1L
  1; 15;157;0x7582ffd13c3f4008020f2195ad82ffd2L
  1; 15;158;0xad82ffd23c3f4008020f2195b561ffd3L
  1; 15;159;0xb561ffd33c3f4008020f2195e9a0ffd4L
  1; 15;160;0xe9a0ffd43c3f4008020f2195659cffd5L
  1; 15;161;0x659cffd53c3f4008020f2195f589ffd6L
  1; 15;162;0xf589ffd63c3f4008020f2195095bffd7L
  1; 15;163;0x95bffd73c3f4008020f2195dd5effd8L
  1; 15;164;0xdd5effd83c3f4008020f2194e589ffd9L
  1; 15;165;0xe589ffd93c3f4008020f2195cd97ffdaL
  1; 15;166;0xbcbcbcbc3c3f6008020f0195e96effecL
  1; 15;167;0xe96effec3c3f6008020f0195416bffedL
  1; 15;168;0x416bffed3c3f6008020f0195956cffeeL
  1; 15;169;0x956cffee3c3f6008020f01952578ffefL
  1; 15;170;0x2578ffef3c3f6008020f0195955effe0L
  1; 15;171;0x955effe03c3f6008020f01957579ffe1L
  1; 15;172;0x7579ffe13c3f6008020f0195917dffe2L
  1; 15;173;0x917dffe23c3f6008020f0195955dffe3L
  1; 15;174;0x955dffe33c3f6008020f0195cda3ffe4L
  1; 15;175;0xcda3ffe43c3f6008020f01953998ffe5L
  1; 15;176;0x3998ffe53c3f6008020f0195f184ffe6L
  1; 15;177;0xf184ffe63c3f6008020f0194f15bffe7L
  1; 15;178;0xf15bffe73c3f6008020f0195cd5fffe8L
  1; 15;179;0xcd5fffe83c3f6008020f0194d584ffe9L
  1; 15;180;0xd584ffe93c3f6008020f0195cd95ffeaL
  1; 15;181;0xbcbcbcbc3c3f8008020f2195f56dfffcL
  1; 15;182;0xf56dfffc3c3f8008020f21953567fffdL
  1; 15;183;0x3567fffd3c3f8008020f21959965fffeL
  1; 15;184;0x9965fffe3c3f8008020f21952d76ffffL
  1; 15;185;0x2d76ffff3c3f8008020f21958555fff0L
  1; 15;186;0x8555fff03c3f8008020f2195657bfff1L
  1; 15;187;0x657bfff13c3f8008020f2195997dfff2L
  1; 15;188;0x997dfff23c3f8008020f21958d5dfff3L
  1; 15;189;0x8d5dfff33c3f8008020f2195c59cfff4L
  1; 15;190;0xc59cfff43c3f8008020f21953598fff5L
  1; 15;191;0x3598fff53c3f8008020f2195e582fff6L
  1; 15;192;0xe582fff63c3f8008020f2194f95ffff7L
  1; 15;193;0xf95ffff73c3f8008020f2195d561fff8L
  1; 15;194;0xd561fff83c3f8008020f2194b985fff9L
  1; 15;195;0xb985fff93c3f8008020f2195c98efffaL
  1; 15;196;0xbcbcbcbc3c3fa008020f01960d72ffccL
  1; 15;197;0xd72ffcc3c3fa008020f0195596dffcdL
  1; 15;198;0x596dffcd3c3fa008020f0195996affceL
  1; 15;199;0x996affce3c3fa008020f01953979ffcfL
  1; 15;200;0x3979ffcf3c3fa008020f01958d61ffc0L
  1; 15;201;0x8d61ffc03c3fa008020f0195917bffc1L
  1; 15;202;0x917bffc13c3fa008020f01959184ffc2L
  1; 15;203;0x9184ffc23c3fa008020f0195c166ffc3L
  1; 15;204;0xc166ffc33c3fa008020f0195f5a0ffc4L
  1; 15;205;0xf5a0ffc43c3fa008020f0195559affc5L
  1; 15;206;0x559affc53c3fa008020f0195fd87ffc6L
  1; 15;207;0xfd87ffc63c3fa008020f01950561ffc7L
  1; 15;208;0x561ffc73c3fa008020f0195e960ffc8L
  1; 15;209;0xe960ffc83c3fa008020f0194e588ffc9L
  1; 15;210;0xe588ffc93c3fa008020f0195e193ffcaL
  1; 15;211;0xbcbcbcbc3c3fc008020f2195ed68ffdcL
  1; 15;212;0xed68ffdc3c3fc008020f2195356dffddL
  1; 15;213;0x356dffdd3c3fc008020f21958564ffdeL
  1; 15;214;0x8564ffde3c3fc008020f21951d7dffdfL
  1; 15;215;0x1d7dffdf3c3fc008020f2195795effd0L
  1; 15;216;0x795effd03c3fc008020f21956d7effd1L
  1; 15;217;0x6d7effd13c3fc008020f2195a580ffd2L
  1; 15;218;0xa580ffd23c3fc008020f2195a95effd3L
  1; 15;219;0xa95effd33c3fc008020f2195dda1ffd4L
  1; 15;220;0xdda1ffd43c3fc008020f2195519affd5L
  1; 15;221;0x519affd53c3fc008020f2195ed86ffd6L
  1; 15;222;0xed86ffd63c3fc008020f2195055affd7L
  1; 15;223;0x55affd73c3fc008020f2195d55cffd8L
  1; 15;224;0xd55cffd83c3fc008020f2194e186ffd9L
  1; 15;225;0xe186ffd93c3fc008020f2195c193ffdaL
  1; 15;226;0xbcbcbcbc3c3fe008020f0195e970ffecL
  1; 15;227;0xe970ffec3c3fe008020f0195456cffedL
  1; 15;228;0x456cffed3c3fe008020f0195956fffeeL
  1; 15;229;0x956fffee3c3fe008020f0195317affefL
  1; 15;230;0x317affef3c3fe008020f01959960ffe0L
  1; 15;231;0x9960ffe03c3fe008020f0195797affe1L
  1; 15;232;0x797affe13c3fe008020f01959580ffe2L
  1; 15;233;0x9580ffe23c3fe008020f01959960ffe3L
  1; 15;234;0x9960ffe33c3fe008020f0195cda4ffe4L
  1; 15;235;0xcda4ffe43c3fe008020f01953d9bffe5L
  1; 15;236;0x3d9bffe53c3fe008020f0195f187ffe6L
  1; 15;237;0xf187ffe63c3fe008020f0195055dffe7L
  1; 15;238;0x55dffe73c3fe008020f0195dd62ffe8L
  1; 15;239;0xdd62ffe83c3fe008020f0194e186ffe9L
  1; 15;240;0xe186ffe93c3fe008020f0195d596ffeaL
  1; 15;241;0xbcbcbcbc3c3c0008020f2195f16dfffcL
  1; 15;242;0xf16dfffc3c3c0008020f21953d69fffdL
  1; 15;243;0x3d69fffd3c3c0008020f2195a166fffeL
  1; 15;244;0xa166fffe3c3c0008020f21952978ffffL
  1; 15;245;0x2978ffff3c3c0008020f21958956fff0L
  1; 15;246;0x8956fff03c3c0008020f2195657bfff1L
  1; 15;247;0x657bfff13c3c0008020f2195a17bfff2L
  1; 15;248;0xa17bfff23c3c0008020f2195915ffff3L
  1; 15;249;0x915ffff33c3c0008020f2195cd9dfff4L
  1; 15;250;0xcd9dfff43c3c0008020f21953d98fff5L
  1; 15;251;0x3d98fff53c3c0008020f2195e586fff6L
  1; 15;252;0xe586fff63c3c0008020f2194fd5dfff7L
  1; 15;253;0xfd5dfff73c3c0008020f2195d560fff8L
  1; 15;254;0xd560fff83c3c0008020f2194c586fff9L
  1; 15;255;0xc586fff93c3c0008020f2195c98ffffaL
  1; 15;256;0xbcbcbcbc3c3c2008020f0196016fffccL
  1; 16;  1;0xc56cff853c3e2008020f01955546ffc6L
  1; 16;  2;0x5546ffc63c3e2008020f0194a566ffc7L
  1; 16;  3;0xa566ffc73c3e2008020f0194551dffc8L
  1; 16;  4;0x551dffc83c3e2008020f0194c52cffc9L
  1; 16;  5;0xc52cffc93c3e2008020f01946535ffcaL
  1; 16;  6;0xbcbcbcbc3c3e4008020f21950d62ffdcL
  1; 16;  7;0xd62ffdc3c3e4008020f2194812affddL
  1; 16;  8;0x812affdd3c3e4008020f2194f95dffdeL
  1; 16;  9;0xf95dffde3c3e4008020f2193f507ffdfL
  1; 16; 10;0xf507ffdf3c3e4008020f21941932ffd0L
  1; 16; 11;0x1932ffd03c3e4008020f2194755bffd1L
  1; 16; 12;0x755bffd13c3e4008020f21955141ffd2L
  1; 16; 13;0x5141ffd23c3e4008020f2194f579ffd3L
  1; 16; 14;0xf579ffd33c3e4008020f21956d6effd4L
  1; 16; 15;0x6d6effd43c3e4008020f2194c56bff95L
  1; 16; 16;0xc56bff953c3e4008020f21955547ffd6L
  1; 16; 17;0x5547ffd63c3e4008020f2194b167ffd7L
  1; 16; 18;0xb167ffd73c3e4008020f21944d21ffd8L
  1; 16; 19;0x4d21ffd83c3e4008020f2194c534ffd9L
  1; 16; 20;0xc534ffd93c3e4008020f2194653bffdaL
  1; 16; 21;0xbcbcbcbc3c3e6008020f01950562ffecL
  1; 16; 22;0x562ffec3c3e6008020f0194752affedL
  1; 16; 23;0x752affed3c3e6008020f0195095effeeL
  1; 16; 24;0x95effee3c3e6008020f01940106ffefL
  1; 16; 25;0x106ffef3c3e6008020f0193e931ffe0L
  1; 16; 26;0xe931ffe03c3e6008020f0194755fffe1L
  1; 16; 27;0x755fffe13c3e6008020f0195393cffe2L
  1; 16; 28;0x393cffe23c3e6008020f01950976ffe3L
  1; 16; 29;0x976ffe33c3e6008020f0195816fffe4L
  1; 16; 30;0x816fffe43c3e6008020f0194c56affa5L
  1; 16; 31;0xc56affa53c3e6008020f01956545ffe6L
  1; 16; 32;0x6545ffe63c3e6008020f0194bd67ffe7L
  1; 16; 33;0xbd67ffe73c3e6008020f0194551effe8L
  1; 16; 34;0x551effe83c3e6008020f0194b52dffe9L
  1; 16; 35;0xb52dffe93c3e6008020f01946d39ffeaL
  1; 16; 36;0xbcbcbcbc3c3e8008020f2195055efffcL
  1; 16; 37;0x55efffc3c3e8008020f21946127fffdL
  1; 16; 38;0x6127fffd3c3e8008020f2194e95afffeL
  1; 16; 39;0xe95afffe3c3e8008020f21940106ffffL
  1; 16; 40;0x106ffff3c3e8008020f21940132fff0L
  1; 16; 41;0x132fff03c3e8008020f21948558fff1L
  1; 16; 42;0x8558fff13c3e8008020f2195313efff2L
  1; 16; 43;0x313efff23c3e8008020f2194ed79fff3L
  1; 16; 44;0xed79fff33c3e8008020f2195696bfff4L
  1; 16; 45;0x696bfff43c3e8008020f2194c96cfff5L
  1; 16; 46;0xc96cfff53c3e8008020f2195553efff6L
  1; 16; 47;0x553efff63c3e8008020f2194ad68fff7L
  1; 16; 48;0xad68fff73c3e8008020f2194411dfff8L
  1; 16; 49;0x411dfff83c3e8008020f2194b130fff9L
  1; 16; 50;0xb130fff93c3e8008020f21945538fffaL
  1; 16; 51;0xbcbcbcbc3c3ea008020f01951d69ffccL
  1; 16; 52;0x1d69ffcc3c3ea008020f0194812dffcdL
  1; 16; 53;0x812dffcd3c3ea008020f01950959ffceL
  1; 16; 54;0x959ffce3c3ea008020f01941103ffcfL
  1; 16; 55;0x1103ffcf3c3ea008020f01941535ffc0L
  1; 16; 56;0x1535ffc03c3ea008020f0194995effc1L
  1; 16; 57;0x995effc13c3ea008020f0195413dffc2L
  1; 16; 58;0x413dffc23c3ea008020f0195097cffc3L
  1; 16; 59;0x97cffc33c3ea008020f01957573ffc4L
  1; 16; 60;0x7573ffc43c3ea008020f0194d171ffc5L
  1; 16; 61;0xd171ffc53c3ea008020f01955d49ffc6L
  1; 16; 62;0x5d49ffc63c3ea008020f0194b16affc7L
  1; 16; 63;0xb16affc73c3ea008020f01946122ffc8L
  1; 16; 64;0x6122ffc83c3ea008020f0194d12dffc9L
  1; 16; 65;0xd12dffc93c3ea008020f01946d3affcaL
  1; 16; 66;0xbcbcbcbc3c3ec008020f21950d61ffdcL
  1; 16; 67;0xd61ffdc3c3ec008020f21947d29ffddL
  1; 16; 68;0x7d29ffdd3c3ec008020f2194f95cffdeL
  1; 16; 69;0xf95cffde3c3ec008020f2193f505ffdfL
  1; 16; 70;0xf505ffdf3c3ec008020f21941533ffd0L
  1; 16; 71;0x1533ffd03c3ec008020f21946d5affd1L
  1; 16; 72;0x6d5affd13c3ec008020f2195453dffd2L
  1; 16; 73;0x453dffd23c3ec008020f2194f579ffd3L
  1; 16; 74;0xf579ffd33c3ec008020f2195616dffd4L
  1; 16; 75;0x616dffd43c3ec008020f2194bd6bffd5L
  1; 16; 76;0xbd6bffd53c3ec008020f21954947ffd6L
  1; 16; 77;0x4947ffd63c3ec008020f2194b164ffd7L
  1; 16; 78;0xb164ffd73c3ec008020f2194491effd8L
  1; 16; 79;0x491effd83c3ec008020f2194c132ffd9L
  1; 16; 80;0xc132ffd93c3ec008020f2194593affdaL
  1; 16; 81;0xbcbcbcbc3c3ee008020f01950962ffecL
  1; 16; 82;0x962ffec3c3ee008020f01946d2bffedL
  1; 16; 83;0x6d2bffed3c3ee008020f01950d5cffeeL
  1; 16; 84;0xd5cffee3c3ee008020f0193f104ffefL
  1; 16; 85;0xf104ffef3c3ee008020f0193e532ffe0L
  1; 16; 86;0xe532ffe03c3ee008020f01946d5effe1L
  1; 16; 87;0x6d5effe13c3ee008020f0195313affe2L
  1; 16; 88;0x313affe23c3ee008020f0194fd76ffe3L
  1; 16; 89;0xfd76ffe33c3ee008020f01957d6dffe4L
  1; 16; 90;0x7d6dffe43c3ee008020f0194c169ffe5L
  1; 16; 91;0xc169ffe53c3ee008020f01956145ffe6L
  1; 16; 92;0x6145ffe63c3ee008020f0194ad68ffe7L
  1; 16; 93;0xad68ffe73c3ee008020f01945d1effe8L
  1; 16; 94;0x5d1effe83c3ee008020f0194ad29ffe9L
  1; 16; 95;0xad29ffe93c3ee008020f01946535ffeaL
  1; 16; 96;0xbcbcbcbc3c3f0008020f21950d60fffcL
  1; 16; 97;0xd60fffc3c3f0008020f21946927fffdL
  1; 16; 98;0x6927fffd3c3f0008020f2194f55bfffeL
  1; 16; 99;0xf55bfffe3c3f0008020f21940506ffffL
  1; 16;100;0x506ffff3c3f0008020f21940532fff0L
  1; 16;101;0x532fff03c3f0008020f2194895afff1L
  1; 16;102;0x895afff13c3f0008020f21953541fff2L
  1; 16;103;0x3541fff23c3f0008020f2194f57bfff3L
  1; 16;104;0xf57bfff33c3f0008020f21956d6dfff4L
  1; 16;105;0x6d6dfff43c3f0008020f2194cd6bffb5L
  1; 16;106;0xcd6bffb53c3f0008020f21955941fff6L
  1; 16;107;0x5941fff63c3f0008020f2194b16afff7L
  1; 16;108;0xb16afff73c3f0008020f2194491efff8L
  1; 16;109;0x491efff83c3f0008020f2194b532fff9L
  1; 16;110;0xb532fff93c3f0008020f2194613afffaL
  1; 16;111;0xbcbcbcbc3c3f2008020f01950566ffccL
  1; 16;112;0x566ffcc3c3f2008020f0194752affcdL
  1; 16;113;0x752affcd3c3f2008020f01950557ffceL
  1; 16;114;0x557ffce3c3f2008020f01940501ffcfL
  1; 16;115;0x501ffcf3c3f2008020f01940930ffc0L
  1; 16;116;0x930ffc03c3f2008020f0194915cffc1L
  1; 16;117;0x915cffc13c3f2008020f0195353affc2L
  1; 16;118;0x353affc23c3f2008020f0194fd7affc3L
  1; 16;119;0xfd7affc33c3f2008020f01956571ffc4L
  1; 16;120;0x6571ffc43c3f2008020f0194c56bffc5L
  1; 16;121;0xc56bffc53c3f2008020f01955948ffc6L
  1; 16;122;0x5948ffc63c3f2008020f0194a568ffc7L
  1; 16;123;0xa568ffc73c3f2008020f0194551effc8L
  1; 16;124;0x551effc83c3f2008020f0194c92bffc9L
  1; 16;125;0xc92bffc93c3f2008020f01946934ffcaL
  1; 16;126;0xbcbcbcbc3c3f4008020f21951564ffdcL
  1; 16;127;0x1564ffdc3c3f4008020f2194892cffddL
  1; 16;128;0x892cffdd3c3f4008020f2195055dffdeL
  1; 16;129;0x55dffde3c3f4008020f21940107ffdfL
  1; 16;130;0x107ffdf3c3f4008020f21941933ffd0L
  1; 16;131;0x1933ffd03c3f4008020f21946d5bffd1L
  1; 16;132;0x6d5bffd13c3f4008020f21955141ffd2L
  1; 16;133;0x5141ffd23c3f4008020f21950179ffd3L
  1; 16;134;0x179ffd33c3f4008020f2195716effd4L
  1; 16;135;0x716effd43c3f4008020f2194c96cff95L
  1; 16;136;0xc96cff953c3f4008020f21956149ffd6L
  1; 16;137;0x6149ffd63c3f4008020f2194b167ffd7L
  1; 16;138;0xb167ffd73c3f4008020f21944d21ffd8L
  1; 16;139;0x4d21ffd83c3f4008020f2194c935ffd9L
  1; 16;140;0xc935ffd93c3f4008020f21946d3cffdaL
  1; 16;141;0xbcbcbcbc3c3f6008020f01950962ffecL
  1; 16;142;0x962ffec3c3f6008020f0194712cffedL
  1; 16;143;0x712cffed3c3f6008020f0195055cffeeL
  1; 16;144;0x55cffee3c3f6008020f0193f904ffefL
  1; 16;145;0xf904ffef3c3f6008020f0193ed31ffe0L
  1; 16;146;0xed31ffe03c3f6008020f01946960ffe1L
  1; 16;147;0x6960ffe13c3f6008020f01952d39ffe2L
  1; 16;148;0x2d39ffe23c3f6008020f01950176ffe3L
  1; 16;149;0x176ffe33c3f6008020f0195756dffe4L
  1; 16;150;0x756dffe43c3f6008020f0194b968ffe5L
  1; 16;151;0xb968ffe53c3f6008020f01956544ffe6L
  1; 16;152;0x6544ffe63c3f6008020f0194b568ffe7L
  1; 16;153;0xb568ffe73c3f6008020f0194551effe8L
  1; 16;154;0x551effe83c3f6008020f0194b52dffe9L
  1; 16;155;0xb52dffe93c3f6008020f01946937ffeaL
  1; 16;156;0xbcbcbcbc3c3f8008020f21951560fffcL
  1; 16;157;0x1560fffc3c3f8008020f21946d2bfffdL
  1; 16;158;0x6d2bfffd3c3f8008020f2194f560fffeL
  1; 16;159;0xf560fffe3c3f8008020f21940d09ffffL
  1; 16;160;0xd09ffff3c3f8008020f21940d35fff0L
  1; 16;161;0xd35fff03c3f8008020f21948d5bfff1L
  1; 16;162;0x8d5bfff13c3f8008020f21953942fff2L
  1; 16;163;0x3942fff23c3f8008020f2195017bfff3L
  1; 16;164;0x17bfff33c3f8008020f2195716efff4L
  1; 16;165;0x716efff43c3f8008020f2194c96efff5L
  1; 16;166;0xc96efff53c3f8008020f21956942fff6L
  1; 16;167;0x6942fff63c3f8008020f2194bd6afff7L
  1; 16;168;0xbd6afff73c3f8008020f21944921fff8L
  1; 16;169;0x4921fff83c3f8008020f2194c534fff9L
  1; 16;170;0xc534fff93c3f8008020f2194653bfffaL
  1; 16;171;0xbcbcbcbc3c3fa008020f01951566ffccL
  1; 16;172;0x1566ffcc3c3fa008020f0194752effcdL
  1; 16;173;0x752effcd3c3fa008020f01951158ffceL
  1; 16;174;0x1158ffce3c3fa008020f01940904ffcfL
  1; 16;175;0x904ffcf3c3fa008020f01940533ffc0L
  1; 16;176;0x533ffc03c3fa008020f0194915cffc1L
  1; 16;177;0x915cffc13c3fa008020f0195413cffc2L
  1; 16;178;0x413cffc23c3fa008020f0195097cffc3L
  1; 16;179;0x97cffc33c3fa008020f01957172ffc4L
  1; 16;180;0x7172ffc43c3fa008020f0194c96cff85L
  1; 16;181;0xc96cff853c3fa008020f01956149ffc6L
  1; 16;182;0x6149ffc63c3fa008020f0194a96affc7L
  1; 16;183;0xa96affc73c3fa008020f01945921ffc8L
  1; 16;184;0x5921ffc83c3fa008020f0194d12fffc9L
  1; 16;185;0xd12fffc93c3fa008020f01946938ffcaL
  1; 16;186;0xbcbcbcbc3c3fc008020f21950d60ffdcL
  1; 16;187;0xd60ffdc3c3fc008020f21947929ffddL
  1; 16;188;0x7929ffdd3c3fc008020f2194f95bffdeL
  1; 16;189;0xf95bffde3c3fc008020f2193f506ffdfL
  1; 16;190;0xf506ffdf3c3fc008020f21941130ffd0L
  1; 16;191;0x1130ffd03c3fc008020f2194715affd1L
  1; 16;192;0x715affd13c3fc008020f2195493fffd2L
  1; 16;193;0x493fffd23c3fc008020f2194f178ffd3L
  1; 16;194;0xf178ffd33c3fc008020f2195656effd4L
  1; 16;195;0x656effd43c3fc008020f2194bd69ffd5L
  1; 16;196;0xbd69ffd53c3fc008020f21954949ffd6L
  1; 16;197;0x4949ffd63c3fc008020f2194b164ffd7L
  1; 16;198;0xb164ffd73c3fc008020f2194411effd8L
  1; 16;199;0x411effd83c3fc008020f2194b533ffd9L
  1; 16;200;0xb533ffd93c3fc008020f2194593affdaL
  1; 16;201;0xbcbcbcbc3c3fe008020f01951165ffecL
  1; 16;202;0x1165ffec3c3fe008020f0194792fffedL
  1; 16;203;0x792fffed3c3fe008020f0195055fffeeL
  1; 16;204;0x55fffee3c3fe008020f01940105ffefL
  1; 16;205;0x105ffef3c3fe008020f0193ed32ffe0L
  1; 16;206;0xed32ffe03c3fe008020f01947560ffe1L
  1; 16;207;0x7560ffe13c3fe008020f0195353cffe2L
  1; 16;208;0x353cffe23c3fe008020f01950976ffe3L
  1; 16;209;0x976ffe33c3fe008020f01958570ffe4L
  1; 16;210;0x8570ffe43c3fe008020f0194c96cffa5L
  1; 16;211;0xc96cffa53c3fe008020f01956946ffe6L
  1; 16;212;0x6946ffe63c3fe008020f0194b968ffe7L
  1; 16;213;0xb968ffe73c3fe008020f01945d20ffe8L
  1; 16;214;0x5d20ffe83c3fe008020f0194b92effe9L
  1; 16;215;0xb92effe93c3fe008020f01946539ffeaL
  1; 16;216;0xbcbcbcbc3c3c0008020f2195095ffffcL
  1; 16;217;0x95ffffc3c3c0008020f21946d29fffdL
  1; 16;218;0x6d29fffd3c3c0008020f2194e95bfffeL
  1; 16;219;0xe95bfffe3c3c0008020f21940507ffffL
  1; 16;220;0x507ffff3c3c0008020f21940932fff0L
  1; 16;221;0x932fff03c3c0008020f2194915afff1L
  1; 16;222;0x915afff13c3c0008020f21952d40fff2L
  1; 16;223;0x2d40fff23c3c0008020f2194f979fff3L
  1; 16;224;0xf979fff33c3c0008020f2195696bfff4L
  1; 16;225;0x696bfff43c3c0008020f2194c56dffb5L
  1; 16;226;0xc56dffb53c3c0008020f21955941fff6L
  1; 16;227;0x5941fff63c3c0008020f2194b56afff7L
  1; 16;228;0xb56afff73c3c0008020f21944920fff8L
  1; 16;229;0x4920fff83c3c0008020f2194bd34fff9L
  1; 16;230;0xbd34fff93c3c0008020f21945938fffaL
  1; 16;231;0xbcbcbcbc3c3c2008020f01951565ffccL
  1; 16;232;0x1565ffcc3c3c2008020f01947d2dffcdL
  1; 16;233;0x7d2dffcd3c3c2008020f01950d58ffceL
  1; 16;234;0xd58ffce3c3c2008020f01940903ffcfL
  1; 16;235;0x903ffcf3c3c2008020f01940d33ffc0L
  1; 16;236;0xd33ffc03c3c2008020f01948d5dffc1L
  1; 16;237;0x8d5dffc13c3c2008020f0195393cffc2L
  1; 16;238;0x393cffc23c3c2008020f0195057affc3L
  1; 16;239;0x57affc33c3c2008020f01956d72ffc4L
  1; 16;240;0x6d72ffc43c3c2008020f0194d16dffc5L
  1; 16;241;0xd16dffc53c3c2008020f01955d48ffc6L
  1; 16;242;0x5d48ffc63c3c2008020f0194b167ffc7L
  1; 16;243;0xb167ffc73c3c2008020f01945921ffc8L
  1; 16;244;0x5921ffc83c3c2008020f0194cd2dffc9L
  1; 16;245;0xcd2dffc93c3c2008020f01946537ffcaL
  1; 16;246;0xbcbcbcbc3c3c4008020f21951d63ffdcL
  1; 16;247;0x1d63ffdc3c3c4008020f2194852dffddL
  1; 16;248;0x852dffdd3c3c4008020f2194fd60ffdeL
  1; 16;249;0xfd60ffde3c3c4008020f21940506ffdfL
  1; 16;250;0x506ffdf3c3c4008020f21942135ffd0L
  1; 16;251;0x2135ffd03c3c4008020f2194755effd1L
  1; 16;252;0x755effd13c3c4008020f21955140ffd2L
  1; 16;253;0x5140ffd23c3c4008020f2194f97bffd3L
  1; 16;254;0xf97bffd33c3c4008020f21956d70ffd4L
  1; 16;255;0x6d70ffd43c3c4008020f2194c96cffd5L
  1; 16;256;0xc96cffd53c3c4008020f2195594cffd6L
  1; 17;  1;0xbcbcbcbc3c3e4008020f2194593bffdcL
  1; 17;  2;0x593bffdc3c3e4008020f21944d43ffddL
  1; 17;  3;0x4d43ffdd3c3e4008020f2193d50affdeL
  1; 17;  4;0xd50affde3c3e4008020f21947901ffdfL
  1; 17;  5;0x7901ffdf3c3e4008020f2195013effd0L
  1; 17;  6;0x13effd03c3e4008020f21943133ffd1L
  1; 17;  7;0x3133ffd13c3e4008020f21952138ffd2L
  1; 17;  8;0x2138ffd23c3e4008020f21957d3affd3L
  1; 17;  9;0x7d3affd33c3e4008020f2194b95dffd4L
  1; 17; 10;0xb95dffd43c3e4008020f2194b179ffd5L
  1; 17; 11;0xb179ffd53c3e4008020f21951570ffd6L
  1; 17; 12;0x1570ffd63c3e4008020f21952145ffd7L
  1; 17; 13;0x2145ffd73c3e4008020f2195754dffd8L
  1; 17; 14;0x754dffd83c3e4008020f2194ad3affd9L
  1; 17; 15;0xad3affd93c3e4008020f2194dd49ffdaL
  1; 17; 16;0xbcbcbcbc3c3e6008020f01947938ffecL
  1; 17; 17;0x7938ffec3c3e6008020f01944942ffedL
  1; 17; 18;0x4942ffed3c3e6008020f0193d90affeeL
  1; 17; 19;0xd90affee3c3e6008020f01945d03ffefL
  1; 17; 20;0x5d03ffef3c3e6008020f0194f545ffe0L
  1; 17; 21;0xf545ffe03c3e6008020f01944537ffe1L
  1; 17; 22;0x4537ffe13c3e6008020f0195353cffe2L
  1; 17; 23;0x353cffe23c3e6008020f0195913cffe3L
  1; 17; 24;0x913cffe33c3e6008020f0194ad64ffe4L
  1; 17; 25;0xad64ffe43c3e6008020f0194a179ffe5L
  1; 17; 26;0xa179ffe53c3e6008020f01953d70ffe6L
  1; 17; 27;0x3d70ffe63c3e6008020f01951545ffe7L
  1; 17; 28;0x1545ffe73c3e6008020f0195854effe8L
  1; 17; 29;0x854effe83c3e6008020f0194a53bffe9L
  1; 17; 30;0xa53bffe93c3e6008020f0194c93effeaL
  1; 17; 31;0xbcbcbcbc3c3e8008020f2194693afffcL
  1; 17; 32;0x693afffc3c3e8008020f2194293afffdL
  1; 17; 33;0x293afffd3c3e8008020f2193d102fffeL
  1; 17; 34;0xd102fffe3c3e8008020f21944cfbffffL
  1; 17; 35;0x4cfbffff3c3e8008020f2194fd41fff0L
  1; 17; 36;0xfd41fff03c3e8008020f21942d30fff1L
  1; 17; 37;0x2d30fff13c3e8008020f21951533fff2L
  1; 17; 38;0x1533fff23c3e8008020f21957d36fff3L
  1; 17; 39;0x7d36fff33c3e8008020f2194b15efff4L
  1; 17; 40;0xb15efff43c3e8008020f2194b574fff5L
  1; 17; 41;0xb574fff53c3e8008020f2195156dfff6L
  1; 17; 42;0x156dfff63c3e8008020f21950d3dfff7L
  1; 17; 43;0xd3dfff73c3e8008020f21956544fff8L
  1; 17; 44;0x6544fff83c3e8008020f2194a937fff9L
  1; 17; 45;0xa937fff93c3e8008020f2194c53afffaL
  1; 17; 46;0xbcbcbcbc3c3ea008020f0194693cffccL
  1; 17; 47;0x693cffcc3c3ea008020f01943d3effcdL
  1; 17; 48;0x3d3effcd3c3ea008020f0193d909ffceL
  1; 17; 49;0xd909ffce3c3ea008020f01946cfbffcfL
  1; 17; 50;0x6cfbffcf3c3ea008020f0194f942ffc0L
  1; 17; 51;0xf942ffc03c3ea008020f01943533ffc1L
  1; 17; 52;0x3533ffc13c3ea008020f01952938ffc2L
  1; 17; 53;0x2938ffc23c3ea008020f01958d3effc3L
  1; 17; 54;0x8d3effc33c3ea008020f0194a969ffc4L
  1; 17; 55;0xa969ffc43c3ea008020f0194bd76ffc5L
  1; 17; 56;0xbd76ffc53c3ea008020f01952971ffc6L
  1; 17; 57;0x2971ffc63c3ea008020f01952540ffc7L
  1; 17; 58;0x2540ffc73c3ea008020f01959148ffc8L
  1; 17; 59;0x9148ffc83c3ea008020f0194b93dffc9L
  1; 17; 60;0xb93dffc93c3ea008020f0194bd46ffcaL
  1; 17; 61;0xbcbcbcbc3c3ec008020f2194593dffdcL
  1; 17; 62;0x593dffdc3c3ec008020f21944d42ffddL
  1; 17; 63;0x4d42ffdd3c3ec008020f2193d10affdeL
  1; 17; 64;0xd10affde3c3ec008020f21947101ffdfL
  1; 17; 65;0x7101ffdf3c3ec008020f2195013dffd0L
  1; 17; 66;0x13dffd03c3ec008020f21943533ffd1L
  1; 17; 67;0x3533ffd13c3ec008020f21951538ffd2L
  1; 17; 68;0x1538ffd23c3ec008020f2195713affd3L
  1; 17; 69;0x713affd33c3ec008020f2194b15cffd4L
  1; 17; 70;0xb15cffd43c3ec008020f2194ad79ffd5L
  1; 17; 71;0xad79ffd53c3ec008020f2195156fffd6L
  1; 17; 72;0x156fffd63c3ec008020f21951945ffd7L
  1; 17; 73;0x1945ffd73c3ec008020f2195714dffd8L
  1; 17; 74;0x714dffd83c3ec008020f2194a53affd9L
  1; 17; 75;0xa53affd93c3ec008020f2194d546ffdaL
  1; 17; 76;0xbcbcbcbc3c3ee008020f01948537ffecL
  1; 17; 77;0x8537ffec3c3ee008020f01945544ffedL
  1; 17; 78;0x5544ffed3c3ee008020f0193d909ffeeL
  1; 17; 79;0xd909ffee3c3ee008020f01946501ffefL
  1; 17; 80;0x6501ffef3c3ee008020f01950145ffe0L
  1; 17; 81;0x145ffe03c3ee008020f01943d37ffe1L
  1; 17; 82;0x3d37ffe13c3ee008020f0195313bffe2L
  1; 17; 83;0x313bffe23c3ee008020f0195913dffe3L
  1; 17; 84;0x913dffe33c3ee008020f0194ad66ffe4L
  1; 17; 85;0xad66ffe43c3ee008020f01949d7bffe5L
  1; 17; 86;0x9d7bffe53c3ee008020f01953d72ffe6L
  1; 17; 87;0x3d72ffe63c3ee008020f01951546ffe7L
  1; 17; 88;0x1546ffe73c3ee008020f01957d4effe8L
  1; 17; 89;0x7d4effe83c3ee008020f0194ad3affe9L
  1; 17; 90;0xad3affe93c3ee008020f0194cd3cffeaL
  1; 17; 91;0xbcbcbcbc3c3f0008020f2194793bfffcL
  1; 17; 92;0x793bfffc3c3f0008020f21942d3cfffdL
  1; 17; 93;0x2d3cfffd3c3f0008020f2193d503fffeL
  1; 17; 94;0xd503fffe3c3f0008020f21945cfcffffL
  1; 17; 95;0x5cfcffff3c3f0008020f2194fd42fff0L
  1; 17; 96;0xfd42fff03c3f0008020f21943134fff1L
  1; 17; 97;0x3134fff13c3f0008020f21951d36fff2L
  1; 17; 98;0x1d36fff23c3f0008020f21958939fff3L
  1; 17; 99;0x8939fff33c3f0008020f2194b160fff4L
  1; 17;100;0xb160fff43c3f0008020f2194bd76fff5L
  1; 17;101;0xbd76fff53c3f0008020f21952172fff6L
  1; 17;102;0x2172fff63c3f0008020f21951d40fff7L
  1; 17;103;0x1d40fff73c3f0008020f21957145fff8L
  1; 17;104;0x7145fff83c3f0008020f2194a93afff9L
  1; 17;105;0xa93afff93c3f0008020f2194cd3efffaL
  1; 17;106;0xbcbcbcbc3c3f2008020f0194693affccL
  1; 17;107;0x693affcc3c3f2008020f01943d3effcdL
  1; 17;108;0x3d3effcd3c3f2008020f0193d108ffceL
  1; 17;109;0xd108ffce3c3f2008020f019468f8ffcfL
  1; 17;110;0x68f8ffcf3c3f2008020f0194f140ffc0L
  1; 17;111;0xf140ffc03c3f2008020f01942d33ffc1L
  1; 17;112;0x2d33ffc13c3f2008020f01952537ffc2L
  1; 17;113;0x2537ffc23c3f2008020f01957d3cffc3L
  1; 17;114;0x7d3cffc33c3f2008020f01949d67ffc4L
  1; 17;115;0x9d67ffc43c3f2008020f0194b173ffc5L
  1; 17;116;0xb173ffc53c3f2008020f01951573ffc6L
  1; 17;117;0x1573ffc63c3f2008020f01952541ffc7L
  1; 17;118;0x2541ffc73c3f2008020f01958949ffc8L
  1; 17;119;0x8949ffc83c3f2008020f0194a53affc9L
  1; 17;120;0xa53affc93c3f2008020f0194b546ffcaL
  1; 17;121;0xbcbcbcbc3c3f4008020f2194613effdcL
  1; 17;122;0x613effdc3c3f4008020f21945146ffddL
  1; 17;123;0x5146ffdd3c3f4008020f2193d109ffdeL
  1; 17;124;0xd109ffde3c3f4008020f21947902ffdfL
  1; 17;125;0x7902ffdf3c3f4008020f21950d3fffd0L
  1; 17;126;0xd3fffd03c3f4008020f21942d34ffd1L
  1; 17;127;0x2d34ffd13c3f4008020f21952537ffd2L
  1; 17;128;0x2537ffd23c3f4008020f2195793dffd3L
  1; 17;129;0x793dffd33c3f4008020f2194ad5effd4L
  1; 17;130;0xad5effd43c3f4008020f2194b97bffd5L
  1; 17;131;0xb97bffd53c3f4008020f21951170ffd6L
  1; 17;132;0x1170ffd63c3f4008020f21952945ffd7L
  1; 17;133;0x2945ffd73c3f4008020f2195794effd8L
  1; 17;134;0x794effd83c3f4008020f2194a93bffd9L
  1; 17;135;0xa93bffd93c3f4008020f2194e14bffdaL
  1; 17;136;0xbcbcbcbc3c3f6008020f01947935ffecL
  1; 17;137;0x7935ffec3c3f6008020f01944941ffedL
  1; 17;138;0x4941ffed3c3f6008020f0193d508ffeeL
  1; 17;139;0xd508ffee3c3f6008020f01945d01ffefL
  1; 17;140;0x5d01ffef3c3f6008020f0194f541ffe0L
  1; 17;141;0xf541ffe03c3f6008020f01943936ffe1L
  1; 17;142;0x3936ffe13c3f6008020f01952d37ffe2L
  1; 17;143;0x2d37ffe23c3f6008020f01958d3fffe3L
  1; 17;144;0x8d3fffe33c3f6008020f0194ad63ffe4L
  1; 17;145;0xad63ffe43c3f6008020f01948977ffe5L
  1; 17;146;0x8977ffe53c3f6008020f01953970ffe6L
  1; 17;147;0x3970ffe63c3f6008020f01951142ffe7L
  1; 17;148;0x1142ffe73c3f6008020f0195794dffe8L
  1; 17;149;0x794dffe83c3f6008020f0194a53bffe9L
  1; 17;150;0xa53bffe93c3f6008020f0194c13cffeaL
  1; 17;151;0xbcbcbcbc3c3f8008020f2194713bfffcL
  1; 17;152;0x713bfffc3c3f8008020f21942d39fffdL
  1; 17;153;0x2d39fffd3c3f8008020f2193dd04fffeL
  1; 17;154;0xdd04fffe3c3f8008020f219450fbffffL
  1; 17;155;0x50fbffff3c3f8008020f21950145fff0L
  1; 17;156;0x145fff03c3f8008020f21942d33fff1L
  1; 17;157;0x2d33fff13c3f8008020f21952535fff2L
  1; 17;158;0x2535fff23c3f8008020f2195893afff3L
  1; 17;159;0x893afff33c3f8008020f2194b55ffff4L
  1; 17;160;0xb55ffff43c3f8008020f2194b576fff5L
  1; 17;161;0xb576fff53c3f8008020f21952170fff6L
  1; 17;162;0x2170fff63c3f8008020f21951940fff7L
  1; 17;163;0x1940fff73c3f8008020f21957146fff8L
  1; 17;164;0x7146fff83c3f8008020f2194ad39fff9L
  1; 17;165;0xad39fff93c3f8008020f2194cd3cfffaL
  1; 17;166;0xbcbcbcbc3c3fa008020f0194693bffccL
  1; 17;167;0x693bffcc3c3fa008020f01943d3dffcdL
  1; 17;168;0x3d3dffcd3c3fa008020f0193d50bffceL
  1; 17;169;0xd50bffce3c3fa008020f01946cf8ffcfL
  1; 17;170;0x6cf8ffcf3c3fa008020f0194f940ffc0L
  1; 17;171;0xf940ffc03c3fa008020f01943533ffc1L
  1; 17;172;0x3533ffc13c3fa008020f01951d38ffc2L
  1; 17;173;0x1d38ffc23c3fa008020f0195813cffc3L
  1; 17;174;0x813cffc33c3fa008020f0194a168ffc4L
  1; 17;175;0xa168ffc43c3fa008020f0194b575ffc5L
  1; 17;176;0xb575ffc53c3fa008020f01951570ffc6L
  1; 17;177;0x1570ffc63c3fa008020f01952540ffc7L
  1; 17;178;0x2540ffc73c3fa008020f01958d4bffc8L
  1; 17;179;0x8d4bffc83c3fa008020f0194ad39ffc9L
  1; 17;180;0xad39ffc93c3fa008020f0194b946ffcaL
  1; 17;181;0xbcbcbcbc3c3fc008020f21944d3cffdcL
  1; 17;182;0x4d3cffdc3c3fc008020f21944544ffddL
  1; 17;183;0x4544ffdd3c3fc008020f2193d109ffdeL
  1; 17;184;0xd109ffde3c3fc008020f21946cfdffdfL
  1; 17;185;0x6cfdffdf3c3fc008020f2194fd3dffd0L
  1; 17;186;0xfd3dffd03c3fc008020f21943133ffd1L
  1; 17;187;0x3133ffd13c3fc008020f21951937ffd2L
  1; 17;188;0x1937ffd23c3fc008020f2195753affd3L
  1; 17;189;0x753affd33c3fc008020f2194ad5bffd4L
  1; 17;190;0xad5bffd43c3fc008020f2194ad78ffd5L
  1; 17;191;0xad78ffd53c3fc008020f2195116cffd6L
  1; 17;192;0x116cffd63c3fc008020f21951d45ffd7L
  1; 17;193;0x1d45ffd73c3fc008020f2195754cffd8L
  1; 17;194;0x754cffd83c3fc008020f2194a53affd9L
  1; 17;195;0xa53affd93c3fc008020f2194d947ffdaL
  1; 17;196;0xbcbcbcbc3c3fe008020f01947937ffecL
  1; 17;197;0x7937ffec3c3fe008020f01945543ffedL
  1; 17;198;0x5543ffed3c3fe008020f0193dd0affeeL
  1; 17;199;0xdd0affee3c3fe008020f01946102ffefL
  1; 17;200;0x6102ffef3c3fe008020f0194f944ffe0L
  1; 17;201;0xf944ffe03c3fe008020f01944136ffe1L
  1; 17;202;0x4136ffe13c3fe008020f0195313bffe2L
  1; 17;203;0x313bffe23c3fe008020f0195913effe3L
  1; 17;204;0x913effe33c3fe008020f0194ad67ffe4L
  1; 17;205;0xad67ffe43c3fe008020f0194a17affe5L
  1; 17;206;0xa17affe53c3fe008020f01953d71ffe6L
  1; 17;207;0x3d71ffe63c3fe008020f01951946ffe7L
  1; 17;208;0x1946ffe73c3fe008020f01957d4fffe8L
  1; 17;209;0x7d4fffe83c3fe008020f0194ad3cffe9L
  1; 17;210;0xad3cffe93c3fe008020f0194cd3fffeaL
  1; 17;211;0xbcbcbcbc3c3c0008020f2194713afffcL
  1; 17;212;0x713afffc3c3c0008020f21942d3afffdL
  1; 17;213;0x2d3afffd3c3c0008020f2193d502fffeL
  1; 17;214;0xd502fffe3c3c0008020f21945cfdffffL
  1; 17;215;0x5cfdffff3c3c0008020f21950540fff0L
  1; 17;216;0x540fff03c3c0008020f21942531fff1L
  1; 17;217;0x2531fff13c3c0008020f21951d35fff2L
  1; 17;218;0x1d35fff23c3c0008020f21958938fff3L
  1; 17;219;0x8938fff33c3c0008020f2194a960fff4L
  1; 17;220;0xa960fff43c3c0008020f2194c175fff5L
  1; 17;221;0xc175fff53c3c0008020f21951d70fff6L
  1; 17;222;0x1d70fff63c3c0008020f21951d3efff7L
  1; 17;223;0x1d3efff73c3c0008020f21957546fff8L
  1; 17;224;0x7546fff83c3c0008020f2194a938fff9L
  1; 17;225;0xa938fff93c3c0008020f2194c93cfffaL
  1; 17;226;0xbcbcbcbc3c3c2008020f0194693affccL
  1; 17;227;0x693affcc3c3c2008020f0194353affcdL
  1; 17;228;0x353affcd3c3c2008020f0193d90affceL
  1; 17;229;0xd90affce3c3c2008020f01946cfbffcfL
  1; 17;230;0x6cfbffcf3c3c2008020f0194f542ffc0L
  1; 17;231;0xf542ffc03c3c2008020f01942932ffc1L
  1; 17;232;0x2932ffc13c3c2008020f01952136ffc2L
  1; 17;233;0x2136ffc23c3c2008020f0195813effc3L
  1; 17;234;0x813effc33c3c2008020f0194a167ffc4L
  1; 17;235;0xa167ffc43c3c2008020f0194b572ffc5L
  1; 17;236;0xb572ffc53c3c2008020f01952170ffc6L
  1; 17;237;0x2170ffc63c3c2008020f01952540ffc7L
  1; 17;238;0x2540ffc73c3c2008020f01958d49ffc8L
  1; 17;239;0x8d49ffc83c3c2008020f0194ad3bffc9L
  1; 17;240;0xad3bffc93c3c2008020f0194b543ffcaL
  1; 17;241;0xbcbcbcbc3c3c4008020f21945d3cffdcL
  1; 17;242;0x5d3cffdc3c3c4008020f21944d44ffddL
  1; 17;243;0x4d44ffdd3c3c4008020f2193d10affdeL
  1; 17;244;0xd10affde3c3c4008020f21947900ffdfL
  1; 17;245;0x7900ffdf3c3c4008020f21950941ffd0L
  1; 17;246;0x941ffd03c3c4008020f21943533ffd1L
  1; 17;247;0x3533ffd13c3c4008020f21952138ffd2L
  1; 17;248;0x2138ffd23c3c4008020f2195813affd3L
  1; 17;249;0x813affd33c3c4008020f2194b15dffd4L
  1; 17;250;0xb15dffd43c3c4008020f2194b97affd5L
  1; 17;251;0xb97affd53c3c4008020f2195216fffd6L
  1; 17;252;0x216fffd63c3c4008020f21952545ffd7L
  1; 17;253;0x2545ffd73c3c4008020f21957d50ffd8L
  1; 17;254;0x7d50ffd83c3c4008020f2194b13cffd9L
  1; 17;255;0xb13cffd93c3c4008020f2194dd4bffdaL
  1; 17;256;0xbcbcbcbc3c3c6008020f01947538ffecL
  1; 18;  1;0xbcbcbcbc3c3f6008020f019699a4ffecL
  1; 18;  2;0x99a4ffec3c3f6008020f019641cdffedL
  1; 18;  3;0x41cdffed3c3f6008020f0196f1a6ffaeL
  1; 18;  4;0xf1a6ffae3c3f6008020f0195fdb8ffefL
  1; 18;  5;0xfdb8ffef3c3f6008020f0196f5bdffe0L
  1; 18;  6;0xf5bdffe03c3f6008020f0195b5abffe1L
  1; 18;  7;0xb5abffe13c3f6008020f0196299dffe2L
  1; 18;  8;0x299dffe23c3f6008020f019705deffe3L
  1; 18;  9;0x5deffe33c3f6008020f0196bdb6ffe4L
  1; 18; 10;0xbdb6ffe43c3f6008020f0196f5bdffe5L
  1; 18; 11;0xf5bdffe53c3f6008020f019719aaffe6L
  1; 18; 12;0x19aaffe63c3f6008020f0196bdb6ffa7L
  1; 18; 13;0xbdb6ffa73c3f6008020f019619a1ffe8L
  1; 18; 14;0x19a1ffe83c3f6008020f01951d8effe9L
  1; 18; 15;0x1d8effe93c3f6008020f0197218effeaL
  1; 18; 16;0xbcbcbcbc3c3f8008020f219691a0fffcL
  1; 18; 17;0x91a0fffc3c3f8008020f219651cdfffdL
  1; 18; 18;0x51cdfffd3c3f8008020f2196eda9ffbeL
  1; 18; 19;0xeda9ffbe3c3f8008020f219615b6ffffL
  1; 18; 20;0x15b6ffff3c3f8008020f2196f1bdfff0L
  1; 18; 21;0xf1bdfff03c3f8008020f2195a5adfff1L
  1; 18; 22;0xa5adfff13c3f8008020f219645a1fff2L
  1; 18; 23;0x45a1fff23c3f8008020f219711dffff3L
  1; 18; 24;0x11dffff33c3f8008020f2196cdbbfff4L
  1; 18; 25;0xcdbbfff43c3f8008020f2196fdbdfff5L
  1; 18; 26;0xfdbdfff53c3f8008020f219725a7fff6L
  1; 18; 27;0x25a7fff63c3f8008020f2196b5b9ffb7L
  1; 18; 28;0xb5b9ffb73c3f8008020f219635a4fff8L
  1; 18; 29;0x35a4fff83c3f8008020f2195418ffff9L
  1; 18; 30;0x418ffff93c3f8008020f21971588fffaL
  1; 18; 31;0xbcbcbcbc3c3fa008020f0196a5a5ffccL
  1; 18; 32;0xa5a5ffcc3c3fa008020f019679cdffcdL
  1; 18; 33;0x79cdffcd3c3fa008020f0196f9a7ff8eL
  1; 18; 34;0xf9a7ff8e3c3fa008020f019615beffcfL
  1; 18; 35;0x15beffcf3c3fa008020f0196f1c2ffc0L
  1; 18; 36;0xf1c2ffc03c3fa008020f0195c5abffc1L
  1; 18; 37;0xc5abffc13c3fa008020f019661a8ffc2L
  1; 18; 38;0x61a8ffc23c3fa008020f019709e1ffc3L
  1; 18; 39;0x9e1ffc33c3fa008020f0196d1bbffc4L
  1; 18; 40;0xd1bbffc43c3fa008020f019705bcffc5L
  1; 18; 41;0x5bcffc53c3fa008020f019739aeffc6L
  1; 18; 42;0x39aeffc63c3fa008020f0196b9baff87L
  1; 18; 43;0xb9baff873c3fa008020f01962da7ffc8L
  1; 18; 44;0x2da7ffc83c3fa008020f01953d90ffc9L
  1; 18; 45;0x3d90ffc93c3fa008020f01973991ffcaL
  1; 18; 46;0xbcbcbcbc3c3fc008020f219695a4ffdcL
  1; 18; 47;0x95a4ffdc3c3fc008020f219659d1ffddL
  1; 18; 48;0x59d1ffdd3c3fc008020f2196f1a7ff9eL
  1; 18; 49;0xf1a7ff9e3c3fc008020f219611bdffdfL
  1; 18; 50;0x11bdffdf3c3fc008020f2196e5beffd0L
  1; 18; 51;0xe5beffd03c3fc008020f219595afffd1L
  1; 18; 52;0x95afffd13c3fc008020f21965da2ffd2L
  1; 18; 53;0x5da2ffd23c3fc008020f219701dfffd3L
  1; 18; 54;0x1dfffd33c3fc008020f2196b9b5ffd4L
  1; 18; 55;0xb9b5ffd43c3fc008020f2196f5b9ffd5L
  1; 18; 56;0xf5b9ffd53c3fc008020f219711adffd6L
  1; 18; 57;0x11adffd63c3fc008020f2196c1b5ff97L
  1; 18; 58;0xc1b5ff973c3fc008020f219619a9ffd8L
  1; 18; 59;0x19a9ffd83c3fc008020f21953990ffd9L
  1; 18; 60;0x3990ffd93c3fc008020f21971987ffdaL
  1; 18; 61;0xbcbcbcbc3c3fe008020f01969da6ffecL
  1; 18; 62;0x9da6ffec3c3fe008020f019651d0ffedL
  1; 18; 63;0x51d0ffed3c3fe008020f0196fda8ffaeL
  1; 18; 64;0xfda8ffae3c3fe008020f019605b8ffefL
  1; 18; 65;0x5b8ffef3c3fe008020f0196f9bdffe0L
  1; 18; 66;0xf9bdffe03c3fe008020f0195bdacffe1L
  1; 18; 67;0xbdacffe13c3fe008020f019631a1ffe2L
  1; 18; 68;0x31a1ffe23c3fe008020f01970de1ffe3L
  1; 18; 69;0xde1ffe33c3fe008020f0196c1b7ffe4L
  1; 18; 70;0xc1b7ffe43c3fe008020f0196f9bdffe5L
  1; 18; 71;0xf9bdffe53c3fe008020f019721abffe6L
  1; 18; 72;0x21abffe63c3fe008020f0196bdb7ffa7L
  1; 18; 73;0xbdb7ffa73c3fe008020f019619a3ffe8L
  1; 18; 74;0x19a3ffe83c3fe008020f0195298fffe9L
  1; 18; 75;0x298fffe93c3fe008020f01972990ffeaL
  1; 18; 76;0xbcbcbcbc3c3c0008020f219691a2fffcL
  1; 18; 77;0x91a2fffc3c3c0008020f21964dcdfffdL
  1; 18; 78;0x4dcdfffd3c3c0008020f2196eda9ffbeL
  1; 18; 79;0xeda9ffbe3c3c0008020f21960db6ffffL
  1; 18; 80;0xdb6ffff3c3c0008020f2196e9bbfff0L
  1; 18; 81;0xe9bbfff03c3c0008020f2195a9adfff1L
  1; 18; 82;0xa9adfff13c3c0008020f219645a1fff2L
  1; 18; 83;0x45a1fff23c3c0008020f219711ddfff3L
  1; 18; 84;0x11ddfff33c3c0008020f2196d1bcfff4L
  1; 18; 85;0xd1bcfff43c3c0008020f2196f9bafff5L
  1; 18; 86;0xf9bafff53c3c0008020f219725a7fff6L
  1; 18; 87;0x25a7fff63c3c0008020f2196b5b7ffb7L
  1; 18; 88;0xb5b7ffb73c3c0008020f219631a5fff8L
  1; 18; 89;0x31a5fff83c3c0008020f21953d8efff9L
  1; 18; 90;0x3d8efff93c3c0008020f21971988fffaL
  1; 18; 91;0xbcbcbcbc3c3c2008020f0196a9a6ffccL
  1; 18; 92;0xa9a6ffcc3c3c2008020f019675cbffcdL
  1; 18; 93;0x75cbffcd3c3c2008020f0196f5a8ff8eL
  1; 18; 94;0xf5a8ff8e3c3c2008020f01960dbeffcfL
  1; 18; 95;0xdbeffcf3c3c2008020f0196f5c2ffc0L
  1; 18; 96;0xf5c2ffc03c3c2008020f0195b9abffc1L
  1; 18; 97;0xb9abffc13c3c2008020f019659a8ffc2L
  1; 18; 98;0x59a8ffc23c3c2008020f019705e1ffc3L
  1; 18; 99;0x5e1ffc33c3c2008020f0196c9bcffc4L
  1; 18;100;0xc9bcffc43c3c2008020f019709bdffc5L
  1; 18;101;0x9bdffc53c3c2008020f01973dacffc6L
  1; 18;102;0x3dacffc63c3c2008020f0196bdbaff87L
  1; 18;103;0xbdbaff873c3c2008020f019621a7ffc8L
  1; 18;104;0x21a7ffc83c3c2008020f01953990ffc9L
  1; 18;105;0x3990ffc93c3c2008020f01973d90ffcaL
  1; 18;106;0xbcbcbcbc3c3c4008020f2196a5a6ffdcL
  1; 18;107;0xa5a6ffdc3c3c4008020f21965dd4ffddL
  1; 18;108;0x5dd4ffdd3c3c4008020f219701abff9eL
  1; 18;109;0x1abff9e3c3c4008020f219621c1ffdfL
  1; 18;110;0x21c1ffdf3c3c4008020f2196edc2ffd0L
  1; 18;111;0xedc2ffd03c3c4008020f2195a9b3ffd1L
  1; 18;112;0xa9b3ffd13c3c4008020f219659a2ffd2L
  1; 18;113;0x59a2ffd23c3c4008020f21970de2ffd3L
  1; 18;114;0xde2ffd33c3c4008020f2196b9b9ffd4L
  1; 18;115;0xb9b9ffd43c3c4008020f2196fdbaffd5L
  1; 18;116;0xfdbaffd53c3c4008020f219725afffd6L
  1; 18;117;0x25afffd63c3c4008020f2196cdb8ff97L
  1; 18;118;0xcdb8ff973c3c4008020f219625abffd8L
  1; 18;119;0x25abffd83c3c4008020f21953d91ffd9L
  1; 18;120;0x3d91ffd93c3c4008020f2197218bffdaL
  1; 18;121;0xbcbcbcbc3c3c6008020f019699a1ffecL
  1; 18;122;0x99a1ffec3c3c6008020f019649d0ffedL
  1; 18;123;0x49d0ffed3c3c6008020f0196f9a5ffaeL
  1; 18;124;0xf9a5ffae3c3c6008020f019601b9ffefL
  1; 18;125;0x1b9ffef3c3c6008020f0196f1bbffe0L
  1; 18;126;0xf1bbffe03c3c6008020f0195b9aaffe1L
  1; 18;127;0xb9aaffe13c3c6008020f01962d9fffe2L
  1; 18;128;0x2d9fffe23c3c6008020f019701deffe3L
  1; 18;129;0x1deffe33c3c6008020f0196b9b8ffe4L
  1; 18;130;0xb9b8ffe43c3c6008020f0196f5bdffe5L
  1; 18;131;0xf5bdffe53c3c6008020f019715a9ffe6L
  1; 18;132;0x15a9ffe63c3c6008020f0196b9b8ffa7L
  1; 18;133;0xb9b8ffa73c3c6008020f019619a1ffe8L
  1; 18;134;0x19a1ffe83c3c6008020f01951d8dffe9L
  1; 18;135;0x1d8dffe93c3c6008020f0197258dffeaL
  1; 18;136;0xbcbcbcbc3c3c8008020f219699a4fffcL
  1; 18;137;0x99a4fffc3c3c8008020f219655d0fffdL
  1; 18;138;0x55d0fffd3c3c8008020f2196f5a9ffbeL
  1; 18;139;0xf5a9ffbe3c3c8008020f219619b8ffffL
  1; 18;140;0x19b8ffff3c3c8008020f2196f5bdfff0L
  1; 18;141;0xf5bdfff03c3c8008020f2195adb0fff1L
  1; 18;142;0xadb0fff13c3c8008020f219649a4fff2L
  1; 18;143;0x49a4fff23c3c8008020f219715dffff3L
  1; 18;144;0x15dffff33c3c8008020f2196d5bdfff4L
  1; 18;145;0xd5bdfff43c3c8008020f219705bdfff5L
  1; 18;146;0x5bdfff53c3c8008020f219729a8fff6L
  1; 18;147;0x29a8fff63c3c8008020f2196c5b9ffb7L
  1; 18;148;0xc5b9ffb73c3c8008020f219635a6fff8L
  1; 18;149;0x35a6fff83c3c8008020f21953d90fff9L
  1; 18;150;0x3d90fff93c3c8008020f2197198bfffaL
  1; 18;151;0xbcbcbcbc3c3ca008020f0196ada7ffccL
  1; 18;152;0xada7ffcc3c3ca008020f019675caffcdL
  1; 18;153;0x75caffcd3c3ca008020f0196f5a8ff8eL
  1; 18;154;0xf5a8ff8e3c3ca008020f01960dbdffcfL
  1; 18;155;0xdbdffcf3c3ca008020f0196f1c2ffc0L
  1; 18;156;0xf1c2ffc03c3ca008020f0195c5abffc1L
  1; 18;157;0xc5abffc13c3ca008020f01965da7ffc2L
  1; 18;158;0x5da7ffc23c3ca008020f019705e1ffc3L
  1; 18;159;0x5e1ffc33c3ca008020f0196d1baffc4L
  1; 18;160;0xd1baffc43c3ca008020f019701bdffc5L
  1; 18;161;0x1bdffc53c3ca008020f01973dacffc6L
  1; 18;162;0x3dacffc63c3ca008020f0196bdb9ff87L
  1; 18;163;0xbdb9ff873c3ca008020f01962da9ffc8L
  1; 18;164;0x2da9ffc83c3ca008020f01954190ffc9L
  1; 18;165;0x4190ffc93c3ca008020f01973591ffcaL
  1; 18;166;0xbcbcbcbc3c3cc008020f2196a1a6ffdcL
  1; 18;167;0xa1a6ffdc3c3cc008020f21965dd2ffddL
  1; 18;168;0x5dd2ffdd3c3cc008020f2196f9aaff9eL
  1; 18;169;0xf9aaff9e3c3cc008020f219619bfffdfL
  1; 18;170;0x19bfffdf3c3cc008020f2196edc0ffd0L
  1; 18;171;0xedc0ffd03c3cc008020f21959db3ffd1L
  1; 18;172;0x9db3ffd13c3cc008020f219659a3ffd2L
  1; 18;173;0x59a3ffd23c3cc008020f219705e3ffd3L
  1; 18;174;0x5e3ffd33c3cc008020f2196bdb7ffd4L
  1; 18;175;0xbdb7ffd43c3cc008020f2196fdbbffd5L
  1; 18;176;0xfdbbffd53c3cc008020f21971db0ffd6L
  1; 18;177;0x1db0ffd63c3cc008020f2196d5b7ff97L
  1; 18;178;0xd5b7ff973c3cc008020f219625aaffd8L
  1; 18;179;0x25aaffd83c3cc008020f21953d8fffd9L
  1; 18;180;0x3d8fffd93c3cc008020f2197258affdaL
  1; 18;181;0xbcbcbcbc3c3ce008020f0196a1a6ffecL
  1; 18;182;0xa1a6ffec3c3ce008020f01964dd1ffedL
  1; 18;183;0x4dd1ffed3c3ce008020f019701a8ffaeL
  1; 18;184;0x1a8ffae3c3ce008020f019605baffefL
  1; 18;185;0x5baffef3c3ce008020f019701c1ffe0L
  1; 18;186;0x1c1ffe03c3ce008020f0195bdaeffe1L
  1; 18;187;0xbdaeffe13c3ce008020f019639a1ffe2L
  1; 18;188;0x39a1ffe23c3ce008020f019711e1ffe3L
  1; 18;189;0x11e1ffe33c3ce008020f0196bdb8ffe4L
  1; 18;190;0xbdb8ffe43c3ce008020f019701bfffe5L
  1; 18;191;0x1bfffe53c3ce008020f019725adffe6L
  1; 18;192;0x25adffe63c3ce008020f0196c1b9ffa7L
  1; 18;193;0xc1b9ffa73c3ce008020f01961da4ffe8L
  1; 18;194;0x1da4ffe83c3ce008020f01952d90ffe9L
  1; 18;195;0x2d90ffe93c3ce008020f01972d90ffeaL
  1; 18;196;0xbcbcbcbc3c3d0008020f219691a0fffcL
  1; 18;197;0x91a0fffc3c3d0008020f21964dcefffdL
  1; 18;198;0x4dcefffd3c3d0008020f2196e5a6ffbeL
  1; 18;199;0xe5a6ffbe3c3d0008020f219609b5ffffL
  1; 18;200;0x9b5ffff3c3d0008020f2196e5bcfff0L
  1; 18;201;0xe5bcfff03c3d0008020f2195a1acfff1L
  1; 18;202;0xa1acfff13c3d0008020f21963da0fff2L
  1; 18;203;0x3da0fff23c3d0008020f219711dcfff3L
  1; 18;204;0x11dcfff33c3d0008020f2196c5bbfff4L
  1; 18;205;0xc5bbfff43c3d0008020f2196fdb9fff5L
  1; 18;206;0xfdb9fff53c3d0008020f219721a9fff6L
  1; 18;207;0x21a9fff63c3d0008020f2196b5b5ffb7L
  1; 18;208;0xb5b5ffb73c3d0008020f21962da3fff8L
  1; 18;209;0x2da3fff83c3d0008020f2195398dfff9L
  1; 18;210;0x398dfff93c3d0008020f21970d8bfffaL
  1; 18;211;0xbcbcbcbc3c3d2008020f0196a9a5ffccL
  1; 18;212;0xa9a5ffcc3c3d2008020f019679cdffcdL
  1; 18;213;0x79cdffcd3c3d2008020f0196fda8ff8eL
  1; 18;214;0xfda8ff8e3c3d2008020f019619bfffcfL
  1; 18;215;0x19bfffcf3c3d2008020f0196f1c3ffc0L
  1; 18;216;0xf1c3ffc03c3d2008020f0195c5abffc1L
  1; 18;217;0xc5abffc13c3d2008020f019661a8ffc2L
  1; 18;218;0x61a8ffc23c3d2008020f019705e1ffc3L
  1; 18;219;0x5e1ffc33c3d2008020f0196d9bcffc4L
  1; 18;220;0xd9bcffc43c3d2008020f019709bdffc5L
  1; 18;221;0x9bdffc53c3d2008020f01973dafffc6L
  1; 18;222;0x3dafffc63c3d2008020f0196bdb9ff87L
  1; 18;223;0xbdb9ff873c3d2008020f019629a8ffc8L
  1; 18;224;0x29a8ffc83c3d2008020f01954991ffc9L
  1; 18;225;0x4991ffc93c3d2008020f01973991ffcaL
  1; 18;226;0xbcbcbcbc3c3d4008020f219699a4ffdcL
  1; 18;227;0x99a4ffdc3c3d4008020f219655d2ffddL
  1; 18;228;0x55d2ffdd3c3d4008020f2196f9a7ff9eL
  1; 18;229;0xf9a7ff9e3c3d4008020f219611beffdfL
  1; 18;230;0x11beffdf3c3d4008020f2196e9bdffd0L
  1; 18;231;0xe9bdffd03c3d4008020f219599aeffd1L
  1; 18;232;0x99aeffd13c3d4008020f219655a1ffd2L
  1; 18;233;0x55a1ffd23c3d4008020f219705dfffd3L
  1; 18;234;0x5dfffd33c3d4008020f2196adb6ffd4L
  1; 18;235;0xadb6ffd43c3d4008020f2196f5b9ffd5L
  1; 18;236;0xf5b9ffd53c3d4008020f219719adffd6L
  1; 18;237;0x19adffd63c3d4008020f2196cdb6ff97L
  1; 18;238;0xcdb6ff973c3d4008020f219619a8ffd8L
  1; 18;239;0x19a8ffd83c3d4008020f2195398effd9L
  1; 18;240;0x398effd93c3d4008020f21971989ffdaL
  1; 18;241;0xbcbcbcbc3c3d6008020f019699a3ffecL
  1; 18;242;0x99a3ffec3c3d6008020f019649d0ffedL
  1; 18;243;0x49d0ffed3c3d6008020f0196f5a6ffaeL
  1; 18;244;0xf5a6ffae3c3d6008020f0195fdb9ffefL
  1; 18;245;0xfdb9ffef3c3d6008020f0196f1bcffe0L
  1; 18;246;0xf1bcffe03c3d6008020f0195b9aaffe1L
  1; 18;247;0xb9aaffe13c3d6008020f0196319effe2L
  1; 18;248;0x319effe23c3d6008020f019705ddffe3L
  1; 18;249;0x5ddffe33c3d6008020f0196b9b7ffe4L
  1; 18;250;0xb9b7ffe43c3d6008020f0196f1bcffe5L
  1; 18;251;0xf1bcffe53c3d6008020f019721aaffe6L
  1; 18;252;0x21aaffe63c3d6008020f0196b9b9ffa7L
  1; 18;253;0xb9b9ffa73c3d6008020f019619a3ffe8L
  1; 18;254;0x19a3ffe83c3d6008020f0195218effe9L
  1; 18;255;0x218effe93c3d6008020f0197298effeaL
  1; 18;256;0xbcbcbcbc3c3d8008020f21969da3fffcL
  1; 20;  1;0x19a0ffc93c3da008020f019611a3ffcaL
  1; 20;  2;0xbcbcbcbc3c3dc008020f2195b96dffdcL
  1; 20;  3;0xb96dffdc3c3dc008020f21961999ffddL
  1; 20;  4;0x1999ffdd3c3dc008020f21960d71ffdeL
  1; 20;  5;0xd71ffde3c3dc008020f21959573ffdfL
  1; 20;  6;0x9573ffdf3c3dc008020f21963173ffd0L
  1; 20;  7;0x3173ffd03c3dc008020f21968998ffd1L
  1; 20;  8;0x8998ffd13c3dc008020f219691b0ffd2L
  1; 20;  9;0x91b0ffd23c3dc008020f21969db5ffd3L
  1; 20; 10;0x9db5ffd33c3dc008020f21963d90ffd4L
  1; 20; 11;0x3d90ffd43c3dc008020f219615c2ffd5L
  1; 20; 12;0x15c2ffd53c3dc008020f21962957ffd6L
  1; 20; 13;0x2957ffd63c3dc008020f219671aaff97L
  1; 20; 14;0x71aaff973c3dc008020f2196455cffd8L
  1; 20; 15;0x455cffd83c3dc008020f219609a0ffd9L
  1; 20; 16;0x9a0ffd93c3dc008020f219615a2ffdaL
  1; 20; 17;0xbcbcbcbc3c3de008020f01959564ffecL
  1; 20; 18;0x9564ffec3c3de008020f01961d99ffedL
  1; 20; 19;0x1d99ffed3c3de008020f0195f976ffeeL
  1; 20; 20;0xf976ffee3c3de008020f0195ad76ffefL
  1; 20; 21;0xad76ffef3c3de008020f0196096effe0L
  1; 20; 22;0x96effe03c3de008020f01966197ffe1L
  1; 20; 23;0x6197ffe13c3de008020f019681a7ffe2L
  1; 20; 24;0x81a7ffe23c3de008020f0196b1b2ffe3L
  1; 20; 25;0xb1b2ffe33c3de008020f0196358dffe4L
  1; 20; 26;0x358dffe43c3de008020f019615c3ffe5L
  1; 20; 27;0x15c3ffe53c3de008020f0196315affe6L
  1; 20; 28;0x315affe63c3de008020f019659a4ffa7L
  1; 20; 29;0x59a4ffa73c3de008020f01964961ffe8L
  1; 20; 30;0x4961ffe83c3de008020f01960da1ffe9L
  1; 20; 31;0xda1ffe93c3de008020f019625a5ffeaL
  1; 20; 32;0xbcbcbcbc3c3e0008020f2195a56afffcL
  1; 20; 33;0xa56afffc3c3e0008020f21961d98fffdL
  1; 20; 34;0x1d98fffd3c3e0008020f21960d6bfffeL
  1; 20; 35;0xd6bfffe3c3e0008020f2195a168ffffL
  1; 20; 36;0xa168ffff3c3e0008020f2196216efff0L
  1; 20; 37;0x216efff03c3e0008020f21966d99fff1L
  1; 20; 38;0x6d99fff13c3e0008020f219689acfff2L
  1; 20; 39;0x89acfff23c3e0008020f2196b5b0fff3L
  1; 20; 40;0xb5b0fff33c3e0008020f21961992fff4L
  1; 20; 41;0x1992fff43c3e0008020f219621c4fff5L
  1; 20; 42;0x21c4fff53c3e0008020f21964559fff6L
  1; 20; 43;0x4559fff63c3e0008020f219651a8ffb7L
  1; 20; 44;0x51a8ffb73c3e0008020f21963d56fff8L
  1; 20; 45;0x3d56fff83c3e0008020f2196099dfff9L
  1; 20; 46;0x99dfff93c3e0008020f219619a8fffaL
  1; 20; 47;0xbcbcbcbc3c3e2008020f0195d16effccL
  1; 20; 48;0xd16effcc3c3e2008020f0196219dffcdL
  1; 20; 49;0x219dffcd3c3e2008020f01961975ffceL
  1; 20; 50;0x1975ffce3c3e2008020f0195b56effcfL
  1; 20; 51;0xb56effcf3c3e2008020f01962972ffc0L
  1; 20; 52;0x2972ffc03c3e2008020f0196959cffc1L
  1; 20; 53;0x959cffc13c3e2008020f019689abffc2L
  1; 20; 54;0x89abffc23c3e2008020f019691b4ffc3L
  1; 20; 55;0x91b4ffc33c3e2008020f01963590ffc4L
  1; 20; 56;0x3590ffc43c3e2008020f019639c2ffc5L
  1; 20; 57;0x39c2ffc53c3e2008020f0196415effc6L
  1; 20; 58;0x415effc63c3e2008020f019659a9ff87L
  1; 20; 59;0x59a9ff873c3e2008020f0196515affc8L
  1; 20; 60;0x515affc83c3e2008020f019629a3ffc9L
  1; 20; 61;0x29a3ffc93c3e2008020f01961da4ffcaL
  1; 20; 62;0xbcbcbcbc3c3e4008020f2195b569ffdcL
  1; 20; 63;0xb569ffdc3c3e4008020f21960997ffddL
  1; 20; 64;0x997ffdd3c3e4008020f2195f96cffdeL
  1; 20; 65;0xf96cffde3c3e4008020f2195896dffdfL
  1; 20; 66;0x896dffdf3c3e4008020f21961d6fffd0L
  1; 20; 67;0x1d6fffd03c3e4008020f21967996ffd1L
  1; 20; 68;0x7996ffd13c3e4008020f219685adffd2L
  1; 20; 69;0x85adffd23c3e4008020f21969db2ffd3L
  1; 20; 70;0x9db2ffd33c3e4008020f2196218dffd4L
  1; 20; 71;0x218dffd43c3e4008020f21960dbfffd5L
  1; 20; 72;0xdbfffd53c3e4008020f21962554ffd6L
  1; 20; 73;0x2554ffd63c3e4008020f219655a7ff97L
  1; 20; 74;0x55a7ff973c3e4008020f21963959ffd8L
  1; 20; 75;0x3959ffd83c3e4008020f2195f59dffd9L
  1; 20; 76;0xf59dffd93c3e4008020f2196099dffdaL
  1; 20; 77;0xbcbcbcbc3c3e6008020f01959966ffecL
  1; 20; 78;0x9966ffec3c3e6008020f0196199affedL
  1; 20; 79;0x199affed3c3e6008020f0195f974ffeeL
  1; 20; 80;0xf974ffee3c3e6008020f0195ad74ffefL
  1; 20; 81;0xad74ffef3c3e6008020f0196016cffe0L
  1; 20; 82;0x16cffe03c3e6008020f01966597ffe1L
  1; 20; 83;0x6597ffe13c3e6008020f019685a7ffe2L
  1; 20; 84;0x85a7ffe23c3e6008020f0196b1b2ffe3L
  1; 20; 85;0xb1b2ffe33c3e6008020f01962d8cffe4L
  1; 20; 86;0x2d8cffe43c3e6008020f019615c1ffe5L
  1; 20; 87;0x15c1ffe53c3e6008020f0196295bffe6L
  1; 20; 88;0x295bffe63c3e6008020f019655a5ffa7L
  1; 20; 89;0x55a5ffa73c3e6008020f01964561ffe8L
  1; 20; 90;0x4561ffe83c3e6008020f019605a0ffe9L
  1; 20; 91;0x5a0ffe93c3e6008020f019629a5ffeaL
  1; 20; 92;0xbcbcbcbc3c3e8008020f2195a569fffcL
  1; 20; 93;0xa569fffc3c3e8008020f21961597fffdL
  1; 20; 94;0x1597fffd3c3e8008020f21960d6bfffeL
  1; 20; 95;0xd6bfffe3c3e8008020f21959d65ffffL
  1; 20; 96;0x9d65ffff3c3e8008020f2196156cfff0L
  1; 20; 97;0x156cfff03c3e8008020f21966598fff1L
  1; 20; 98;0x6598fff13c3e8008020f219681abfff2L
  1; 20; 99;0x81abfff23c3e8008020f2196adaffff3L
  1; 20;100;0xadaffff33c3e8008020f21961590fff4L
  1; 20;101;0x1590fff43c3e8008020f21961dc1fff5L
  1; 20;102;0x1dc1fff53c3e8008020f21964557fff6L
  1; 20;103;0x4557fff63c3e8008020f219649a7ffb7L
  1; 20;104;0x49a7ffb73c3e8008020f21963555fff8L
  1; 20;105;0x3555fff83c3e8008020f21960d9cfff9L
  1; 20;106;0xd9cfff93c3e8008020f219615a8fffaL
  1; 20;107;0xbcbcbcbc3c3ea008020f0195c56effccL
  1; 20;108;0xc56effcc3c3ea008020f01961d9cffcdL
  1; 20;109;0x1d9cffcd3c3ea008020f01962175ffceL
  1; 20;110;0x2175ffce3c3ea008020f0195ad6cffcfL
  1; 20;111;0xad6cffcf3c3ea008020f0196196fffc0L
  1; 20;112;0x196fffc03c3ea008020f01968998ffc1L
  1; 20;113;0x8998ffc13c3ea008020f019685a9ffc2L
  1; 20;114;0x85a9ffc23c3ea008020f019695b3ffc3L
  1; 20;115;0x95b3ffc33c3ea008020f0196318cffc4L
  1; 20;116;0x318cffc43c3ea008020f019635bfffc5L
  1; 20;117;0x35bfffc53c3ea008020f0196455bffc6L
  1; 20;118;0x455bffc63c3ea008020f01964daaff87L
  1; 20;119;0x4daaff873c3ea008020f01964958ffc8L
  1; 20;120;0x4958ffc83c3ea008020f019621a2ffc9L
  1; 20;121;0x21a2ffc93c3ea008020f019611a3ffcaL
  1; 20;122;0xbcbcbcbc3c3ec008020f2195b56bffdcL
  1; 20;123;0xb56bffdc3c3ec008020f21961598ffddL
  1; 20;124;0x1598ffdd3c3ec008020f21960d6fffdeL
  1; 20;125;0xd6fffde3c3ec008020f21959972ffdfL
  1; 20;126;0x9972ffdf3c3ec008020f21962d72ffd0L
  1; 20;127;0x2d72ffd03c3ec008020f21968997ffd1L
  1; 20;128;0x8997ffd13c3ec008020f219691b0ffd2L
  1; 20;129;0x91b0ffd23c3ec008020f219699b4ffd3L
  1; 20;130;0x99b4ffd33c3ec008020f21962991ffd4L
  1; 20;131;0x2991ffd43c3ec008020f219611c2ffd5L
  1; 20;132;0x11c2ffd53c3ec008020f21962956ffd6L
  1; 20;133;0x2956ffd63c3ec008020f219665a9ff97L
  1; 20;134;0x65a9ff973c3ec008020f2196415bffd8L
  1; 20;135;0x415bffd83c3ec008020f219601a0ffd9L
  1; 20;136;0x1a0ffd93c3ec008020f219619a0ffdaL
  1; 20;137;0xbcbcbcbc3c3ee008020f01958d62ffecL
  1; 20;138;0x8d62ffec3c3ee008020f01960d98ffedL
  1; 20;139;0xd98ffed3c3ee008020f0195f174ffeeL
  1; 20;140;0xf174ffee3c3ee008020f0195a172ffefL
  1; 20;141;0xa172ffef3c3ee008020f0195f96bffe0L
  1; 20;142;0xf96bffe03c3ee008020f01965598ffe1L
  1; 20;143;0x5598ffe13c3ee008020f019675a5ffe2L
  1; 20;144;0x75a5ffe23c3ee008020f0196a9b0ffe3L
  1; 20;145;0xa9b0ffe33c3ee008020f0196258bffe4L
  1; 20;146;0x258bffe43c3ee008020f019601c2ffe5L
  1; 20;147;0x1c2ffe53c3ee008020f01962157ffe6L
  1; 20;148;0x2157ffe63c3ee008020f019655a4ffa7L
  1; 20;149;0x55a4ffa73c3ee008020f0196395dffe8L
  1; 20;150;0x395dffe83c3ee008020f0196099fffe9L
  1; 20;151;0x99fffe93c3ee008020f019625a3ffeaL
  1; 20;152;0xbcbcbcbc3c3f0008020f2195a96afffcL
  1; 20;153;0xa96afffc3c3f0008020f2196159afffdL
  1; 20;154;0x159afffd3c3f0008020f2196116afffeL
  1; 20;155;0x116afffe3c3f0008020f2195a568ffffL
  1; 20;156;0xa568ffff3c3f0008020f2196216dfff0L
  1; 20;157;0x216dfff03c3f0008020f21966599fff1L
  1; 20;158;0x6599fff13c3f0008020f219685aafff2L
  1; 20;159;0x85aafff23c3f0008020f2196b5b1fff3L
  1; 20;160;0xb5b1fff33c3f0008020f21961d92fff4L
  1; 20;161;0x1d92fff43c3f0008020f219621c5fff5L
  1; 20;162;0x21c5fff53c3f0008020f2196455afff6L
  1; 20;163;0x455afff63c3f0008020f219655a7ffb7L
  1; 20;164;0x55a7ffb73c3f0008020f21964555fff8L
  1; 20;165;0x4555fff83c3f0008020f2196119dfff9L
  1; 20;166;0x119dfff93c3f0008020f219615a9fffaL
  1; 20;167;0xbcbcbcbc3c3f2008020f0195c96effccL
  1; 20;168;0xc96effcc3c3f2008020f0196159affcdL
  1; 20;169;0x159affcd3c3f2008020f01961574ffceL
  1; 20;170;0x1574ffce3c3f2008020f0195ad6bffcfL
  1; 20;171;0xad6bffcf3c3f2008020f01961571ffc0L
  1; 20;172;0x1571ffc03c3f2008020f0196819affc1L
  1; 20;173;0x819affc13c3f2008020f019689aaffc2L
  1; 20;174;0x89aaffc23c3f2008020f01968db1ffc3L
  1; 20;175;0x8db1ffc33c3f2008020f0196298effc4L
  1; 20;176;0x298effc43c3f2008020f019629beffc5L
  1; 20;177;0x29beffc53c3f2008020f0196395bffc6L
  1; 20;178;0x395bffc63c3f2008020f019649aaff87L
  1; 20;179;0x49aaff873c3f2008020f01964958ffc8L
  1; 20;180;0x4958ffc83c3f2008020f019619a3ffc9L
  1; 20;181;0x19a3ffc93c3f2008020f019615a1ffcaL
  1; 20;182;0xbcbcbcbc3c3f4008020f2195b96bffdcL
  1; 20;183;0xb96bffdc3c3f4008020f21960d96ffddL
  1; 20;184;0xd96ffdd3c3f4008020f2196096dffdeL
  1; 20;185;0x96dffde3c3f4008020f2195916cffdfL
  1; 20;186;0x916cffdf3c3f4008020f2196216effd0L
  1; 20;187;0x216effd03c3f4008020f21968196ffd1L
  1; 20;188;0x8196ffd13c3f4008020f219689acffd2L
  1; 20;189;0x89acffd23c3f4008020f219691b2ffd3L
  1; 20;190;0x91b2ffd33c3f4008020f2196258effd4L
  1; 20;191;0x258effd43c3f4008020f21960dc1ffd5L
  1; 20;192;0xdc1ffd53c3f4008020f21961d54ffd6L
  1; 20;193;0x1d54ffd63c3f4008020f219659a5ff97L
  1; 20;194;0x59a5ff973c3f4008020f21963d59ffd8L
  1; 20;195;0x3d59ffd83c3f4008020f2195f59cffd9L
  1; 20;196;0xf59cffd93c3f4008020f21960d9dffdaL
  1; 20;197;0xbcbcbcbc3c3f6008020f01959965ffecL
  1; 20;198;0x9965ffec3c3f6008020f01960999ffedL
  1; 20;199;0x999ffed3c3f6008020f01960174ffeeL
  1; 20;200;0x174ffee3c3f6008020f0195a172ffefL
  1; 20;201;0xa172ffef3c3f6008020f01960d6cffe0L
  1; 20;202;0xd6cffe03c3f6008020f01965d98ffe1L
  1; 20;203;0x5d98ffe13c3f6008020f019681a6ffe2L
  1; 20;204;0x81a6ffe23c3f6008020f0196a9b2ffe3L
  1; 20;205;0xa9b2ffe33c3f6008020f0196298bffe4L
  1; 20;206;0x298bffe43c3f6008020f019609c3ffe5L
  1; 20;207;0x9c3ffe53c3f6008020f01962d58ffe6L
  1; 20;208;0x2d58ffe63c3f6008020f019651a6ffa7L
  1; 20;209;0x51a6ffa73c3f6008020f01963d5effe8L
  1; 20;210;0x3d5effe83c3f6008020f01960da0ffe9L
  1; 20;211;0xda0ffe93c3f6008020f019625a5ffeaL
  1; 20;212;0xbcbcbcbc3c3f8008020f21959d66fffcL
  1; 20;213;0x9d66fffc3c3f8008020f21960997fffdL
  1; 20;214;0x997fffd3c3f8008020f2195f566fffeL
  1; 20;215;0xf566fffe3c3f8008020f21959164ffffL
  1; 20;216;0x9164ffff3c3f8008020f21961169fff0L
  1; 20;217;0x1169fff03c3f8008020f21965997fff1L
  1; 20;218;0x5997fff13c3f8008020f219679a7fff2L
  1; 20;219;0x79a7fff23c3f8008020f2196a1affff3L
  1; 20;220;0xa1affff33c3f8008020f21960d8ffff4L
  1; 20;221;0xd8ffff43c3f8008020f219611befff5L
  1; 20;222;0x11befff53c3f8008020f21963555fff6L
  1; 20;223;0x3555fff63c3f8008020f21963da2ffb7L
  1; 20;224;0x3da2ffb73c3f8008020f21962953fff8L
  1; 20;225;0x2953fff83c3f8008020f21960199fff9L
  1; 20;226;0x199fff93c3f8008020f219609a4fffaL
  1; 20;227;0xbcbcbcbc3c3fa008020f0195c56dffccL
  1; 20;228;0xc56dffcc3c3fa008020f0196259cffcdL
  1; 20;229;0x259cffcd3c3fa008020f01962172ffceL
  1; 20;230;0x2172ffce3c3fa008020f0195a56effcfL
  1; 20;231;0xa56effcf3c3fa008020f01961970ffc0L
  1; 20;232;0x1970ffc03c3fa008020f0196899affc1L
  1; 20;233;0x899affc13c3fa008020f019685acffc2L
  1; 20;234;0x85acffc23c3fa008020f019695b1ffc3L
  1; 20;235;0x95b1ffc33c3fa008020f0196358effc4L
  1; 20;236;0x358effc43c3fa008020f01962dc0ffc5L
  1; 20;237;0x2dc0ffc53c3fa008020f01963d5cffc6L
  1; 20;238;0x3d5cffc63c3fa008020f019651aaff87L
  1; 20;239;0x51aaff873c3fa008020f01964959ffc8L
  1; 20;240;0x4959ffc83c3fa008020f019621a2ffc9L
  1; 20;241;0x21a2ffc93c3fa008020f019619a3ffcaL
  1; 20;242;0xbcbcbcbc3c3fc008020f2195b169ffdcL
  1; 20;243;0xb169ffdc3c3fc008020f21960596ffddL
  1; 20;244;0x596ffdd3c3fc008020f2195fd6effdeL
  1; 20;245;0xfd6effde3c3fc008020f2195896cffdfL
  1; 20;246;0x896cffdf3c3fc008020f2196196effd0L
  1; 20;247;0x196effd03c3fc008020f21967d94ffd1L
  1; 20;248;0x7d94ffd13c3fc008020f219681adffd2L
  1; 20;249;0x81adffd23c3fc008020f21968db3ffd3L
  1; 20;250;0x8db3ffd33c3fc008020f2196258dffd4L
  1; 20;251;0x258dffd43c3fc008020f219605bfffd5L
  1; 20;252;0x5bfffd53c3fc008020f21961953ffd6L
  1; 20;253;0x1953ffd63c3fc008020f219651a6ff97L
  1; 20;254;0x51a6ff973c3fc008020f21962d59ffd8L
  1; 20;255;0x2d59ffd83c3fc008020f2195f99bffd9L
  1; 20;256;0xf99bffd93c3fc008020f2196059dffdaL
