Link ID; Channel ID; Line; Data 
  1; 15;  1;0xbcbcbcbc3c000008020f2b1791d8ffccL
  1; 15;  2;0x91d8ffcc3c000008020f2b571dd0ffcdL
  1; 15;  3;0x1dd0ffcd3c000008020f2b9735d5ffceL
  1; 15;  4;0x35d5ffce3c000008020f2bd749dbffcfL
  1; 15;  5;0x49dbffcf3c000008020f001751d9ffc0L
  1; 15;  6;0x51d9ffc03c000008020f005781e5ffc1L
  1; 15;  7;0x81e5ffc13c000008020f28977de3ffc2L
  1; 15;  8;0x7de3ffc23c000008020f28d781e1ffc3L
  1; 15;  9;0x81e1ffc33c000008020f2917c1fdffc4L
  1; 15; 10;0xc1fdffc43c000008020f295735f0ffc5L
  1; 15; 11;0x35f0ffc53c000008020f2997b5f1ffc6L
  1; 15; 12;0xb5f1ffc63c000008020f29d6e5d1ffc7L
  1; 15; 13;0xe5d1ffc73c000008020f2a178dd3ffc8L
  1; 15; 14;0x8dd3ffc83c000008020f2a56b1e2ffc9L
  1; 15; 15;0xb1e2ffc93c000008020f2a9781f2ffcaL
  1; 15; 16;0xbcbcbcbc3c000008020f33178dd5ffdcL
  1; 15; 17;0x8dd5ffdc3c000008020f33570dd3ffddL
  1; 15; 18;0xdd3ffdd3c000008020f339725d2ffdeL
  1; 15; 19;0x25d2ffde3c000008020f33d72ddeffdfL
  1; 15; 20;0x2ddeffdf3c000008020f301745d7ffd0L
  1; 15; 21;0x45d7ffd03c000008020f305779e7ffd1L
  1; 15; 22;0x79e7ffd13c000008020f309789e2ffd2L
  1; 15; 23;0x89e2ffd23c000008020f30d771deffd3L
  1; 15; 24;0x71deffd33c000008020f3117b1fdffd4L
  1; 15; 25;0xb1fdffd43c000008020f315735f0ffd5L
  1; 15; 26;0x35f0ffd53c000008020f3197b1f0ffd6L
  1; 15; 27;0xb1f0ffd63c000008020f31d6edcaffd7L
  1; 15; 28;0xedcaffd73c000008020f32178dd5ffd8L
  1; 15; 29;0x8dd5ffd83c000008020f3256ade3ffd9L
  1; 15; 30;0xade3ffd93c000008020f32976df2ffdaL
  1; 15; 31;0xbcbcbcbc3c000008020f3b1785d6ffecL
  1; 15; 32;0x85d6ffec3c000008020f3b5715cfffedL
  1; 15; 33;0x15cfffed3c000008020f3b9735d8ffeeL
  1; 15; 34;0x35d8ffee3c000008020f3bd735d9ffefL
  1; 15; 35;0x35d9ffef3c000008020f381759d6ffe0L
  1; 15; 36;0x59d6ffe03c000008020f38576de3ffe1L
  1; 15; 37;0x6de3ffe13c000008020f389779e0ffe2L
  1; 15; 38;0x79e0ffe23c000008020f38d75ddcffe3L
  1; 15; 39;0x5ddcffe33c000008020f3917a5fdffe4L
  1; 15; 40;0xa5fdffe43c000008020f39571df0ffe5L
  1; 15; 41;0x1df0ffe53c000008020f3997adf0ffe6L
  1; 15; 42;0xadf0ffe63c000008020f39d6d9cdffe7L
  1; 15; 43;0xd9cdffe73c000008020f3a1781d4ffe8L
  1; 15; 44;0x81d4ffe83c000008020f3a56a9e1ffe9L
  1; 15; 45;0xa9e1ffe93c000008020f3a9771f2ffeaL
  1; 15; 46;0xbcbcbcbc3c000008020f2b1785d4fffcL
  1; 15; 47;0x85d4fffc3c000008020f2b5701ccfffdL
  1; 15; 48;0x1ccfffd3c000008020f2b9731d0fffeL
  1; 15; 49;0x31d0fffe3c000008020f2bd72dd6ffffL
  1; 15; 50;0x2dd6ffff3c000008020f00174dd0fff0L
  1; 15; 51;0x4dd0fff03c000008020f005761e3fff1L
  1; 15; 52;0x61e3fff13c000008020f009779defff2L
  1; 15; 53;0x79defff23c000008020f00d759dafff3L
  1; 15; 54;0x59dafff33c000008020f01179dfbfff4L
  1; 15; 55;0x9dfbfff43c000008020f015711effff5L
  1; 15; 56;0x11effff53c000008020f0197a5effff6L
  1; 15; 57;0xa5effff63c000008020f29d6d9ccfff7L
  1; 15; 58;0xd9ccfff73c000008020f2a1779d4fff8L
  1; 15; 59;0x79d4fff83c000008020f2a5685e1fff9L
  1; 15; 60;0x85e1fff93c000008020f2a9769eefffaL
  1; 15; 61;0xbcbcbcbc3c000008020f331791d8ffccL
  1; 15; 62;0x91d8ffcc3c000008020f33571dd1ffcdL
  1; 15; 63;0x1dd1ffcd3c000008020f33972dd5ffceL
  1; 15; 64;0x2dd5ffce3c000008020f33d745dbffcfL
  1; 15; 65;0x45dbffcf3c000008020f301751d7ffc0L
  1; 15; 66;0x51d7ffc03c000008020f305781e5ffc1L
  1; 15; 67;0x81e5ffc13c000008020f309775e4ffc2L
  1; 15; 68;0x75e4ffc23c000008020f30d781e0ffc3L
  1; 15; 69;0x81e0ffc33c000008020f3117b9fdffc4L
  1; 15; 70;0xb9fdffc43c000008020f315735f0ffc5L
  1; 15; 71;0x35f0ffc53c000008020f3197b5f0ffc6L
  1; 15; 72;0xb5f0ffc63c000008020f31d6e9d0ffc7L
  1; 15; 73;0xe9d0ffc73c000008020f32178dd3ffc8L
  1; 15; 74;0x8dd3ffc83c000008020f3256b1e2ffc9L
  1; 15; 75;0xb1e2ffc93c000008020f32977df0ffcaL
  1; 15; 76;0xbcbcbcbc3c000008020f3b1789d4ffdcL
  1; 15; 77;0x89d4ffdc3c000008020f3b570dd3ffddL
  1; 15; 78;0xdd3ffdd3c000008020f3b9725d4ffdeL
  1; 15; 79;0x25d4ffde3c000008020f3bd739e0ffdfL
  1; 15; 80;0x39e0ffdf3c000008020f38174dd8ffd0L
  1; 15; 81;0x4dd8ffd03c000008020f385775e8ffd1L
  1; 15; 82;0x75e8ffd13c000008020f389789e2ffd2L
  1; 15; 83;0x89e2ffd23c000008020f38d769deffd3L
  1; 15; 84;0x69deffd33c000008020f3917b1fdffd4L
  1; 15; 85;0xb1fdffd43c000008020f39573df1ffd5L
  1; 15; 86;0x3df1ffd53c000008020f3997b1f1ffd6L
  1; 15; 87;0xb1f1ffd63c000008020f39d6f1ccffd7L
  1; 15; 88;0xf1ccffd73c000008020f3a1791d6ffd8L
  1; 15; 89;0x91d6ffd83c000008020f3a56b9e3ffd9L
  1; 15; 90;0xb9e3ffd93c000008020f3a9771f2ffdaL
  1; 15; 91;0xbcbcbcbc3c000008020f2b1785d6ffecL
  1; 15; 92;0x85d6ffec3c000008020f2b570dd2ffedL
  1; 15; 93;0xdd2ffed3c000008020f2b9731d7ffeeL
  1; 15; 94;0x31d7ffee3c000008020f2bd739d9ffefL
  1; 15; 95;0x39d9ffef3c000008020f001761d8ffe0L
  1; 15; 96;0x61d8ffe03c000008020f005771e5ffe1L
  1; 15; 97;0x71e5ffe13c000008020f009779e1ffe2L
  1; 15; 98;0x79e1ffe23c000008020f00d765deffe3L
  1; 15; 99;0x65deffe33c000008020f0117a5feffe4L
  1; 15;100;0xa5feffe43c000008020f015721f0ffe5L
  1; 15;101;0x21f0ffe53c000008020f0197b1f0ffe6L
  1; 15;102;0xb1f0ffe63c000008020f29d6e1ccffe7L
  1; 15;103;0xe1ccffe73c000008020f2a1785d5ffe8L
  1; 15;104;0x85d5ffe83c000008020f2a56a9e1ffe9L
  1; 15;105;0xa9e1ffe93c000008020f2a9775f1ffeaL
  1; 15;106;0xbcbcbcbc3c000008020f331785d5fffcL
  1; 15;107;0x85d5fffc3c000008020f335701cdfffdL
  1; 15;108;0x1cdfffd3c000008020f33972dd0fffeL
  1; 15;109;0x2dd0fffe3c000008020f33d731d9ffffL
  1; 15;110;0x31d9ffff3c000008020f301749d0fff0L
  1; 15;111;0x49d0fff03c000008020f305769e4fff1L
  1; 15;112;0x69e4fff13c000008020f309779defff2L
  1; 15;113;0x79defff23c000008020f30d755d9fff3L
  1; 15;114;0x55d9fff33c000008020f3117a5fcfff4L
  1; 15;115;0xa5fcfff43c000008020f315715effff5L
  1; 15;116;0x15effff53c000008020f3197a9effff6L
  1; 15;117;0xa9effff63c000008020f31d6d5ccfff7L
  1; 15;118;0xd5ccfff73c000008020f32177dd4fff8L
  1; 15;119;0x7dd4fff83c000008020f325685e1fff9L
  1; 15;120;0x85e1fff93c000008020f329765eefffaL
  1; 15;121;0xbcbcbcbc3c000008020f3b178dd6ffccL
  1; 15;122;0x8dd6ffcc3c000008020f3b5715ceffcdL
  1; 15;123;0x15ceffcd3c000008020f3b9731d5ffceL
  1; 15;124;0x31d5ffce3c000008020f3bd741d9ffcfL
  1; 15;125;0x41d9ffcf3c000008020f381749d7ffc0L
  1; 15;126;0x49d7ffc03c000008020f385785e5ffc1L
  1; 15;127;0x85e5ffc13c000008020f389771e1ffc2L
  1; 15;128;0x71e1ffc23c000008020f38d779deffc3L
  1; 15;129;0x79deffc33c000008020f3917b5fdffc4L
  1; 15;130;0xb5fdffc43c000008020f395731efffc5L
  1; 15;131;0x31efffc53c000008020f3997b5f0ffc6L
  1; 15;132;0xb5f0ffc63c000008020f39d6ddd0ffc7L
  1; 15;133;0xddd0ffc73c000008020f3a1789d3ffc8L
  1; 15;134;0x89d3ffc83c000008020f3a56a9e1ffc9L
  1; 15;135;0xa9e1ffc93c000008020f3a9775f0ffcaL
  1; 15;136;0xbcbcbcbc3c000008020f2b1789d3ffdcL
  1; 15;137;0x89d3ffdc3c000008020f2b570dd2ffddL
  1; 15;138;0xdd2ffdd3c000008020f2b9729d4ffdeL
  1; 15;139;0x29d4ffde3c000008020f2bd739deffdfL
  1; 15;140;0x39deffdf3c000008020f00173dd8ffd0L
  1; 15;141;0x3dd8ffd03c000008020f005775e6ffd1L
  1; 15;142;0x75e6ffd13c000008020f009789e2ffd2L
  1; 15;143;0x89e2ffd23c000008020f00d76ddcffd3L
  1; 15;144;0x6ddcffd33c000008020f0117b5fdffd4L
  1; 15;145;0xb5fdffd43c000008020f015739f0ffd5L
  1; 15;146;0x39f0ffd53c000008020f0197b1f1ffd6L
  1; 15;147;0xb1f1ffd63c000008020f29d6e5ccffd7L
  1; 15;148;0xe5ccffd73c000008020f2a1789d3ffd8L
  1; 15;149;0x89d3ffd83c000008020f2a56bde3ffd9L
  1; 15;150;0xbde3ffd93c000008020f2a9771f1ffdaL
  1; 15;151;0xbcbcbcbc3c000008020f331785d7ffecL
  1; 15;152;0x85d7ffec3c000008020f335715d1ffedL
  1; 15;153;0x15d1ffed3c000008020f339731d8ffeeL
  1; 15;154;0x31d8ffee3c000008020f33d731d8ffefL
  1; 15;155;0x31d8ffef3c000008020f30175dd7ffe0L
  1; 15;156;0x5dd7ffe03c000008020f305771e4ffe1L
  1; 15;157;0x71e4ffe13c000008020f309779e1ffe2L
  1; 15;158;0x79e1ffe23c000008020f30d761dcffe3L
  1; 15;159;0x61dcffe33c000008020f3117a9fdffe4L
  1; 15;160;0xa9fdffe43c000008020f315721efffe5L
  1; 15;161;0x21efffe53c000008020f3197b1f0ffe6L
  1; 15;162;0xb1f0ffe63c000008020f31d6ddcdffe7L
  1; 15;163;0xddcdffe73c000008020f321789d8ffe8L
  1; 15;164;0x89d8ffe83c000008020f3256a9e2ffe9L
  1; 15;165;0xa9e2ffe93c000008020f329775f2ffeaL
  1; 15;166;0xbcbcbcbc3c000008020f3b178dd7fffcL
  1; 15;167;0x8dd7fffc3c000008020f3b5709cefffdL
  1; 15;168;0x9cefffd3c000008020f3b9735d3fffeL
  1; 15;169;0x35d3fffe3c000008020f3bd739daffffL
  1; 15;170;0x39daffff3c000008020f381755d0fff0L
  1; 15;171;0x55d0fff03c000008020f385765e5fff1L
  1; 15;172;0x65e5fff13c000008020f38977de1fff2L
  1; 15;173;0x7de1fff23c000008020f38d75ddcfff3L
  1; 15;174;0x5ddcfff33c000008020f3917a9fcfff4L
  1; 15;175;0xa9fcfff43c000008020f39571deffff5L
  1; 15;176;0x1deffff53c000008020f3997a9eefff6L
  1; 15;177;0xa9eefff63c000008020f39d6d9cefff7L
  1; 15;178;0xd9cefff73c000008020f3a1781d6fff8L
  1; 15;179;0x81d6fff83c000008020f3a5695e0fff9L
  1; 15;180;0x95e0fff93c000008020f3a9769f0fffaL
  1; 15;181;0xbcbcbcbc3c000008020f2b178dd7ffccL
  1; 15;182;0x8dd7ffcc3c000008020f2b5719cfffcdL
  1; 15;183;0x19cfffcd3c000008020f2b972dd4ffceL
  1; 15;184;0x2dd4ffce3c000008020f2bd741d9ffcfL
  1; 15;185;0x41d9ffcf3c000008020f00174dd8ffc0L
  1; 15;186;0x4dd8ffc03c000008020f005779e5ffc1L
  1; 15;187;0x79e5ffc13c000008020f009779e3ffc2L
  1; 15;188;0x79e3ffc23c000008020f00d779dfffc3L
  1; 15;189;0x79dfffc33c000008020f0117b9fcffc4L
  1; 15;190;0xb9fcffc43c000008020f01572df0ffc5L
  1; 15;191;0x2df0ffc53c000008020f0197b1f0ffc6L
  1; 15;192;0xb1f0ffc63c000008020f29d6e9cfffc7L
  1; 15;193;0xe9cfffc73c000008020f2a178dd3ffc8L
  1; 15;194;0x8dd3ffc83c000008020f2a56ade2ffc9L
  1; 15;195;0xade2ffc93c000008020f2a9779f0ffcaL
  1; 15;196;0xbcbcbcbc3c000008020f331785d2ffdcL
  1; 15;197;0x85d2ffdc3c000008020f335709d1ffddL
  1; 15;198;0x9d1ffdd3c000008020f33971dd1ffdeL
  1; 15;199;0x1dd1ffde3c000008020f33d72dddffdfL
  1; 15;200;0x2dddffdf3c000008020f30173dd5ffd0L
  1; 15;201;0x3dd5ffd03c000008020f30576de6ffd1L
  1; 15;202;0x6de6ffd13c000008020f309785e1ffd2L
  1; 15;203;0x85e1ffd23c000008020f30d771dbffd3L
  1; 15;204;0x71dbffd33c000008020f3117adfcffd4L
  1; 15;205;0xadfcffd43c000008020f315735f0ffd5L
  1; 15;206;0x35f0ffd53c000008020f3197a9f0ffd6L
  1; 15;207;0xa9f0ffd63c000008020f31d6e9caffd7L
  1; 15;208;0xe9caffd73c000008020f321785d3ffd8L
  1; 15;209;0x85d3ffd83c000008020f3256ade1ffd9L
  1; 15;210;0xade1ffd93c000008020f329769f0ffdaL
  1; 15;211;0xbcbcbcbc3c000008020f3b1781d6ffecL
  1; 15;212;0x81d6ffec3c000008020f3b5715d1ffedL
  1; 15;213;0x15d1ffed3c000008020f3b9729d7ffeeL
  1; 15;214;0x29d7ffee3c000008020f3bd731daffefL
  1; 15;215;0x31daffef3c000008020f381759d6ffe0L
  1; 15;216;0x59d6ffe03c000008020f38576de4ffe1L
  1; 15;217;0x6de4ffe13c000008020f389775dfffe2L
  1; 15;218;0x75dfffe23c000008020f38d761dbffe3L
  1; 15;219;0x61dbffe33c000008020f3917a5feffe4L
  1; 15;220;0xa5feffe43c000008020f395721f0ffe5L
  1; 15;221;0x21f0ffe53c000008020f3997b1f0ffe6L
  1; 15;222;0xb1f0ffe63c000008020f39d6ddcdffe7L
  1; 15;223;0xddcdffe73c000008020f3a1781d6ffe8L
  1; 15;224;0x81d6ffe83c000008020f3a56a5e1ffe9L
  1; 15;225;0xa5e1ffe93c000008020f3a9771f2ffeaL
  1; 15;226;0xbcbcbcbc3c000008020f2b1789d7fffcL
  1; 15;227;0x89d7fffc3c000008020f2b570dcefffdL
  1; 15;228;0xdcefffd3c000008020f2b9739d3fffeL
  1; 15;229;0x39d3fffe3c000008020f2bd739daffffL
  1; 15;230;0x39daffff3c000008020f001755d3fff0L
  1; 15;231;0x55d3fff03c000008020f005771e6fff1L
  1; 15;232;0x71e6fff13c000008020f009781e1fff2L
  1; 15;233;0x81e1fff23c000008020f00d761defff3L
  1; 15;234;0x61defff33c000008020f0117a9fcfff4L
  1; 15;235;0xa9fcfff43c000008020f015725f0fff5L
  1; 15;236;0x25f0fff53c000008020f0197a9effff6L
  1; 15;237;0xa9effff63c000008020f29d6e5d0fff7L
  1; 15;238;0xe5d0fff73c000008020f2a1789d6fff8L
  1; 15;239;0x89d6fff83c000008020f2a5695e2fff9L
  1; 15;240;0x95e2fff93c000008020f2a976deffffaL
  1; 15;241;0xbcbcbcbc3c000008020f331791d7ffccL
  1; 15;242;0x91d7ffcc3c000008020f33571dd1ffcdL
  1; 15;243;0x1dd1ffcd3c000008020f339729d4ffceL
  1; 15;244;0x29d4ffce3c000008020f33d745dbffcfL
  1; 15;245;0x45dbffcf3c000008020f301751d9ffc0L
  1; 15;246;0x51d9ffc03c000008020f30577de3ffc1L
  1; 15;247;0x7de3ffc13c000008020f309779e3ffc2L
  1; 15;248;0x79e3ffc23c000008020f30d77de0ffc3L
  1; 15;249;0x7de0ffc33c000008020f3117b9fdffc4L
  1; 15;250;0xb9fdffc43c000008020f315731f0ffc5L
  1; 15;251;0x31f0ffc53c000008020f3197b1f1ffc6L
  1; 15;252;0xb1f1ffc63c000008020f31d6e5cfffc7L
  1; 15;253;0xe5cfffc73c000008020f32178dd3ffc8L
  1; 15;254;0x8dd3ffc83c000008020f3256ade2ffc9L
  1; 15;255;0xade2ffc93c000008020f329779f1ffcaL
  1; 15;256;0xbcbcbcbc3c000008020f3b178dd2ffdcL
  1; 16;  1;0xbcbcbcbc3c000008020f2b1745deffccL
  1; 16;  2;0x45deffcc3c000008020f2b56c5b3ffcdL
  1; 16;  3;0xc5b3ffcd3c000008020f2b96e5d9ffceL
  1; 16;  4;0xe5d9ffce3c000008020f2bd66592ffcfL
  1; 16;  5;0x6592ffcf3c000008020f001679b9ffc0L
  1; 16;  6;0x79b9ffc03c000008020f0056f5d2ffc1L
  1; 16;  7;0xf5d2ffc13c000008020f28976dc3ffc2L
  1; 16;  8;0x6dc3ffc23c000008020f28d749edffc3L
  1; 16;  9;0x49edffc33c000008020f291759eaffc4L
  1; 16; 10;0x59eaffc43c000008020f295755e8ffc5L
  1; 16; 11;0x55e8ffc53c000008020f29976ddbffc6L
  1; 16; 12;0x6ddbffc63c000008020f29d715ebffc7L
  1; 16; 13;0x15ebffc73c000008020f2a165d9bffc8L
  1; 16; 14;0x5d9bffc83c000008020f2a5705a3ffc9L
  1; 16; 15;0x5a3ffc93c000008020f2a96bdbeffcaL
  1; 16; 16;0xbcbcbcbc3c000008020f331739d9ffdcL
  1; 16; 17;0x39d9ffdc3c000008020f3356c1afffddL
  1; 16; 18;0xc1afffdd3c000008020f3396d5dbffdeL
  1; 16; 19;0xd5dbffde3c000008020f33d65194ffdfL
  1; 16; 20;0x5194ffdf3c000008020f301689b6ffd0L
  1; 16; 21;0x89b6ffd03c000008020f3056d5d1ffd1L
  1; 16; 22;0xd5d1ffd13c000008020f309771c5ffd2L
  1; 16; 23;0x71c5ffd23c000008020f30d73decffd3L
  1; 16; 24;0x3decffd33c000008020f311755e7ffd4L
  1; 16; 25;0x55e7ffd43c000008020f315749e5ff95L
  1; 16; 26;0x49e5ff953c000008020f319761daffd6L
  1; 16; 27;0x61daffd63c000008020f31d719e8ffd7L
  1; 16; 28;0x19e8ffd73c000008020f3216459bffd8L
  1; 16; 29;0x459bffd83c000008020f3256fda8ffd9L
  1; 16; 30;0xfda8ffd93c000008020f3296a9bdffdaL
  1; 16; 31;0xbcbcbcbc3c000008020f3b1729d8ffecL
  1; 16; 32;0x29d8ffec3c000008020f3b56b1afffedL
  1; 16; 33;0xb1afffed3c000008020f3b96cdd9ffeeL
  1; 16; 34;0xcdd9ffee3c000008020f3bd64d8fffefL
  1; 16; 35;0x4d8fffef3c000008020f381651b2ffe0L
  1; 16; 36;0x51b2ffe03c000008020f3856c9d2ffe1L
  1; 16; 37;0xc9d2ffe13c000008020f38974dbfffe2L
  1; 16; 38;0x4dbfffe23c000008020f38d73de9ffe3L
  1; 16; 39;0x3de9ffe33c000008020f391755e7ffe4L
  1; 16; 40;0x55e7ffe43c000008020f395745e3ffa5L
  1; 16; 41;0x45e3ffa53c000008020f399769d6ffe6L
  1; 16; 42;0x69d6ffe63c000008020f39d70de8ffe7L
  1; 16; 43;0xde8ffe73c000008020f3a164999ffe8L
  1; 16; 44;0x4999ffe83c000008020f3a56e1a1ffe9L
  1; 16; 45;0xe1a1ffe93c000008020f3a96a9b9ffeaL
  1; 16; 46;0xbcbcbcbc3c000008020f2b1731d9fffcL
  1; 16; 47;0x31d9fffc3c000008020f2b56b1adfffdL
  1; 16; 48;0xb1adfffd3c000008020f2b96b9d9fffeL
  1; 16; 49;0xb9d9fffe3c000008020f2bd64d92ffffL
  1; 16; 50;0x4d92ffff3c000008020f00166db4fff0L
  1; 16; 51;0x6db4fff03c000008020f0056e9cffff1L
  1; 16; 52;0xe9cffff13c000008020f009759c4fff2L
  1; 16; 53;0x59c4fff23c000008020f00d739ecfff3L
  1; 16; 54;0x39ecfff33c000008020f01174de5fff4L
  1; 16; 55;0x4de5fff43c000008020f01574de5fff5L
  1; 16; 56;0x4de5fff53c000008020f019761d4fff6L
  1; 16; 57;0x61d4fff63c000008020f29d71deafff7L
  1; 16; 58;0x1deafff73c000008020f2a163d9bfff8L
  1; 16; 59;0x3d9bfff83c000008020f2a56eda7fff9L
  1; 16; 60;0xeda7fff93c000008020f2a96a1bbfffaL
  1; 16; 61;0xbcbcbcbc3c000008020f331745e0ffccL
  1; 16; 62;0x45e0ffcc3c000008020f3356c9b4ffcdL
  1; 16; 63;0xc9b4ffcd3c000008020f3396e1daffceL
  1; 16; 64;0xe1daffce3c000008020f33d66d93ffcfL
  1; 16; 65;0x6d93ffcf3c000008020f301681b6ffc0L
  1; 16; 66;0x81b6ffc03c000008020f3056f5d3ffc1L
  1; 16; 67;0xf5d3ffc13c000008020f309769c4ffc2L
  1; 16; 68;0x69c4ffc23c000008020f30d74dedffc3L
  1; 16; 69;0x4dedffc33c000008020f311759e9ffc4L
  1; 16; 70;0x59e9ffc43c000008020f31575deaffc5L
  1; 16; 71;0x5deaffc53c000008020f31976ddcffc6L
  1; 16; 72;0x6ddcffc63c000008020f31d719ecffc7L
  1; 16; 73;0x19ecffc73c000008020f32165d9cffc8L
  1; 16; 74;0x5d9cffc83c000008020f325709a4ffc9L
  1; 16; 75;0x9a4ffc93c000008020f3296b5bcffcaL
  1; 16; 76;0xbcbcbcbc3c000008020f3b1745dcffdcL
  1; 16; 77;0x45dcffdc3c000008020f3b56d1b1ffddL
  1; 16; 78;0xd1b1ffdd3c000008020f3b96d9dbffdeL
  1; 16; 79;0xd9dbffde3c000008020f3bd65d97ffdfL
  1; 16; 80;0x5d97ffdf3c000008020f381689b5ffd0L
  1; 16; 81;0x89b5ffd03c000008020f3856d9d4ffd1L
  1; 16; 82;0xd9d4ffd13c000008020f389775c6ffd2L
  1; 16; 83;0x75c6ffd23c000008020f38d749edffd3L
  1; 16; 84;0x49edffd33c000008020f391755e8ffd4L
  1; 16; 85;0x55e8ffd43c000008020f395751e7ffd5L
  1; 16; 86;0x51e7ffd53c000008020f399765dbffd6L
  1; 16; 87;0x65dbffd63c000008020f39d719e9ffd7L
  1; 16; 88;0x19e9ffd73c000008020f3a16499dffd8L
  1; 16; 89;0x499dffd83c000008020f3a56fdabffd9L
  1; 16; 90;0xfdabffd93c000008020f3a96b1beffdaL
  1; 16; 91;0xbcbcbcbc3c000008020f2b1735daffecL
  1; 16; 92;0x35daffec3c000008020f2b56b9aeffedL
  1; 16; 93;0xb9aeffed3c000008020f2b96d5dbffeeL
  1; 16; 94;0xd5dbffee3c000008020f2bd65591ffefL
  1; 16; 95;0x5591ffef3c000008020f001659b4ffe0L
  1; 16; 96;0x59b4ffe03c000008020f0056cdd4ffe1L
  1; 16; 97;0xcdd4ffe13c000008020f00975dbfffe2L
  1; 16; 98;0x5dbfffe23c000008020f00d741ebffe3L
  1; 16; 99;0x41ebffe33c000008020f01175de8ffe4L
  1; 16;100;0x5de8ffe43c000008020f015741e4ffe5L
  1; 16;101;0x41e4ffe53c000008020f01976dd7ffe6L
  1; 16;102;0x6dd7ffe63c000008020f29d711e9ffe7L
  1; 16;103;0x11e9ffe73c000008020f2a164d9bffe8L
  1; 16;104;0x4d9bffe83c000008020f2a56eda3ffe9L
  1; 16;105;0xeda3ffe93c000008020f2a96b1bbffeaL
  1; 16;106;0xbcbcbcbc3c000008020f331731d9fffcL
  1; 16;107;0x31d9fffc3c000008020f3356b1aefffdL
  1; 16;108;0xb1aefffd3c000008020f3396c1d9fffeL
  1; 16;109;0xc1d9fffe3c000008020f33d65d95ffffL
  1; 16;110;0x5d95ffff3c000008020f30166db5fff0L
  1; 16;111;0x6db5fff03c000008020f3056e9d0fff1L
  1; 16;112;0xe9d0fff13c000008020f309755c3fff2L
  1; 16;113;0x55c3fff23c000008020f30d73decfff3L
  1; 16;114;0x3decfff33c000008020f311751e5fff4L
  1; 16;115;0x51e5fff43c000008020f31574de7ffb5L
  1; 16;116;0x4de7ffb53c000008020f319765d4fff6L
  1; 16;117;0x65d4fff63c000008020f31d715eafff7L
  1; 16;118;0x15eafff73c000008020f3216399bfff8L
  1; 16;119;0x399bfff83c000008020f3256f9a8fff9L
  1; 16;120;0xf9a8fff93c000008020f3296a5bafffaL
  1; 16;121;0xbcbcbcbc3c000008020f3b173dddffccL
  1; 16;122;0x3dddffcc3c000008020f3b56c1b3ffcdL
  1; 16;123;0xc1b3ffcd3c000008020f3b96ddd9ffceL
  1; 16;124;0xddd9ffce3c000008020f3bd66d91ffcfL
  1; 16;125;0x6d91ffcf3c000008020f38166db5ffc0L
  1; 16;126;0x6db5ffc03c000008020f3856e9d2ffc1L
  1; 16;127;0xe9d2ffc13c000008020f389761c1ffc2L
  1; 16;128;0x61c1ffc23c000008020f38d741ecffc3L
  1; 16;129;0x41ecffc33c000008020f391751e9ffc4L
  1; 16;130;0x51e9ffc43c000008020f395751e5ffc5L
  1; 16;131;0x51e5ffc53c000008020f399765daffc6L
  1; 16;132;0x65daffc63c000008020f39d711eaffc7L
  1; 16;133;0x11eaffc73c000008020f3a16599effc8L
  1; 16;134;0x599effc83c000008020f3a5701a3ffc9L
  1; 16;135;0x1a3ffc93c000008020f3a96adbaffcaL
  1; 16;136;0xbcbcbcbc3c000008020f2b1749dbffdcL
  1; 16;137;0x49dbffdc3c000008020f2b56cdb1ffddL
  1; 16;138;0xcdb1ffdd3c000008020f2b96d9dbffdeL
  1; 16;139;0xd9dbffde3c000008020f2bd66196ffdfL
  1; 16;140;0x6196ffdf3c000008020f001691b9ffd0L
  1; 16;141;0x91b9ffd03c000008020f0056e1d3ffd1L
  1; 16;142;0xe1d3ffd13c000008020f009771c6ffd2L
  1; 16;143;0x71c6ffd23c000008020f00d745edffd3L
  1; 16;144;0x45edffd33c000008020f01175de8ffd4L
  1; 16;145;0x5de8ffd43c000008020f01574de7ffd5L
  1; 16;146;0x4de7ffd53c000008020f019765daffd6L
  1; 16;147;0x65daffd63c000008020f29d719eaffd7L
  1; 16;148;0x19eaffd73c000008020f2a16499dffd8L
  1; 16;149;0x499dffd83c000008020f2a56f9abffd9L
  1; 16;150;0xf9abffd93c000008020f2a96bdbfffdaL
  1; 16;151;0xbcbcbcbc3c000008020f33173ddbffecL
  1; 16;152;0x3ddbffec3c000008020f3356b9b1ffedL
  1; 16;153;0xb9b1ffed3c000008020f3396dddcffeeL
  1; 16;154;0xdddcffee3c000008020f33d65995ffefL
  1; 16;155;0x5995ffef3c000008020f301659b7ffe0L
  1; 16;156;0x59b7ffe03c000008020f3056d1d5ffe1L
  1; 16;157;0xd1d5ffe13c000008020f30975dbfffe2L
  1; 16;158;0x5dbfffe23c000008020f30d745ecffe3L
  1; 16;159;0x45ecffe33c000008020f31175de9ffe4L
  1; 16;160;0x5de9ffe43c000008020f31574de6ffe5L
  1; 16;161;0x4de6ffe53c000008020f31976dd9ffe6L
  1; 16;162;0x6dd9ffe63c000008020f31d719eaffe7L
  1; 16;163;0x19eaffe73c000008020f3216499bffe8L
  1; 16;164;0x499bffe83c000008020f3256eda2ffe9L
  1; 16;165;0xeda2ffe93c000008020f3296b1bdffeaL
  1; 16;166;0xbcbcbcbc3c000008020f3b1739d9fffcL
  1; 16;167;0x39d9fffc3c000008020f3b56b5aefffdL
  1; 16;168;0xb5aefffd3c000008020f3b96c1d9fffeL
  1; 16;169;0xc1d9fffe3c000008020f3bd65997ffffL
  1; 16;170;0x5997ffff3c000008020f381669b4fff0L
  1; 16;171;0x69b4fff03c000008020f3856e9d0fff1L
  1; 16;172;0xe9d0fff13c000008020f389755c5fff2L
  1; 16;173;0x55c5fff23c000008020f38d73decfff3L
  1; 16;174;0x3decfff33c000008020f391751e5fff4L
  1; 16;175;0x51e5fff43c000008020f39574de7ffb5L
  1; 16;176;0x4de7ffb53c000008020f399765d3fff6L
  1; 16;177;0x65d3fff63c000008020f39d719e9fff7L
  1; 16;178;0x19e9fff73c000008020f3a16399cfff8L
  1; 16;179;0x399cfff83c000008020f3a56f1a8fff9L
  1; 16;180;0xf1a8fff93c000008020f3a96a1bdfffaL
  1; 16;181;0xbcbcbcbc3c000008020f2b1735dbffccL
  1; 16;182;0x35dbffcc3c000008020f2b56b5b0ffcdL
  1; 16;183;0xb5b0ffcd3c000008020f2b96d1d8ffceL
  1; 16;184;0xd1d8ffce3c000008020f2bd65d8fffcfL
  1; 16;185;0x5d8fffcf3c000008020f00166db3ffc0L
  1; 16;186;0x6db3ffc03c000008020f0056e9cfffc1L
  1; 16;187;0xe9cfffc13c000008020f009755bfffc2L
  1; 16;188;0x55bfffc23c000008020f00d73decffc3L
  1; 16;189;0x3decffc33c000008020f01174de8ffc4L
  1; 16;190;0x4de8ffc43c000008020f01574de6ffc5L
  1; 16;191;0x4de6ffc53c000008020f019765d9ffc6L
  1; 16;192;0x65d9ffc63c000008020f29d70de9ffc7L
  1; 16;193;0xde9ffc73c000008020f2a16519affc8L
  1; 16;194;0x519affc83c000008020f2a56f9a1ffc9L
  1; 16;195;0xf9a1ffc93c000008020f2a96a9b9ffcaL
  1; 16;196;0xbcbcbcbc3c000008020f33173ddbffdcL
  1; 16;197;0x3ddbffdc3c000008020f3356c5afffddL
  1; 16;198;0xc5afffdd3c000008020f3396cdd9ffdeL
  1; 16;199;0xcdd9ffde3c000008020f33d65195ffdfL
  1; 16;200;0x5195ffdf3c000008020f301681b3ffd0L
  1; 16;201;0x81b3ffd03c000008020f3056d1d2ffd1L
  1; 16;202;0xd1d2ffd13c000008020f309769c3ffd2L
  1; 16;203;0x69c3ffd23c000008020f30d73debffd3L
  1; 16;204;0x3debffd33c000008020f311749e5ffd4L
  1; 16;205;0x49e5ffd43c000008020f315741e6ff95L
  1; 16;206;0x41e6ff953c000008020f319759d9ffd6L
  1; 16;207;0x59d9ffd63c000008020f31d711e8ffd7L
  1; 16;208;0x11e8ffd73c000008020f3216399bffd8L
  1; 16;209;0x399bffd83c000008020f3256f9a8ffd9L
  1; 16;210;0xf9a8ffd93c000008020f3296a9bdffdaL
  1; 16;211;0xbcbcbcbc3c000008020f3b173ddbffecL
  1; 16;212;0x3ddbffec3c000008020f3b56b9b0ffedL
  1; 16;213;0xb9b0ffed3c000008020f3b96d9dbffeeL
  1; 16;214;0xd9dbffee3c000008020f3bd65592ffefL
  1; 16;215;0x5592ffef3c000008020f381659b5ffe0L
  1; 16;216;0x59b5ffe03c000008020f3856d9d4ffe1L
  1; 16;217;0xd9d4ffe13c000008020f389759c1ffe2L
  1; 16;218;0x59c1ffe23c000008020f38d749ebffe3L
  1; 16;219;0x49ebffe33c000008020f39175de7ffe4L
  1; 16;220;0x5de7ffe43c000008020f395745e6ffa5L
  1; 16;221;0x45e6ffa53c000008020f399771d7ffe6L
  1; 16;222;0x71d7ffe63c000008020f39d719eaffe7L
  1; 16;223;0x19eaffe73c000008020f3a16519cffe8L
  1; 16;224;0x519cffe83c000008020f3a56f1a4ffe9L
  1; 16;225;0xf1a4ffe93c000008020f3a96b1bbffeaL
  1; 16;226;0xbcbcbcbc3c000008020f2b1739dbfffcL
  1; 16;227;0x39dbfffc3c000008020f2b56bdaffffdL
  1; 16;228;0xbdaffffd3c000008020f2b96d1dbfffeL
  1; 16;229;0xd1dbfffe3c000008020f2bd66197ffffL
  1; 16;230;0x6197ffff3c000008020f001675b9fff0L
  1; 16;231;0x75b9fff03c000008020f0056f1d2fff1L
  1; 16;232;0xf1d2fff13c000008020f009761c8fff2L
  1; 16;233;0x61c8fff23c000008020f00d749edfff3L
  1; 16;234;0x49edfff33c000008020f011759e7fff4L
  1; 16;235;0x59e7fff43c000008020f015755eaffb5L
  1; 16;236;0x55eaffb53c000008020f019769d6fff6L
  1; 16;237;0x69d6fff63c000008020f29d71decfff7L
  1; 16;238;0x1decfff73c000008020f2a16499ffff8L
  1; 16;239;0x499ffff83c000008020f2a5701aafff9L
  1; 16;240;0x1aafff93c000008020f2a96b5c0fffaL
  1; 16;241;0xbcbcbcbc3c000008020f33173ddcffccL
  1; 16;242;0x3ddcffcc3c000008020f3356d1b3ffcdL
  1; 16;243;0xd1b3ffcd3c000008020f3396d9d9ffceL
  1; 16;244;0xd9d9ffce3c000008020f33d66992ffcfL
  1; 16;245;0x6992ffcf3c000008020f301679b6ffc0L
  1; 16;246;0x79b6ffc03c000008020f3056f1d2ffc1L
  1; 16;247;0xf1d2ffc13c000008020f30975dc3ffc2L
  1; 16;248;0x5dc3ffc23c000008020f30d745edffc3L
  1; 16;249;0x45edffc33c000008020f311759e9ffc4L
  1; 16;250;0x59e9ffc43c000008020f315759e8ff85L
  1; 16;251;0x59e8ff853c000008020f31976ddaffc6L
  1; 16;252;0x6ddaffc63c000008020f31d715eaffc7L
  1; 16;253;0x15eaffc73c000008020f32165d9bffc8L
  1; 16;254;0x5d9bffc83c000008020f32570da5ffc9L
  1; 16;255;0xda5ffc93c000008020f3296b5baffcaL
  1; 16;256;0xbcbcbcbc3c000008020f3b1741daffdcL
  1; 17;  1;0xbcbcbcbc3c000008020f2b16e1d2ffccL
  1; 17;  2;0xe1d2ffcc3c000008020f2b56b9d7ffcdL
  1; 17;  3;0xb9d7ffcd3c000008020f2b9675adffceL
  1; 17;  4;0x75adffce3c000008020f2bd6eda1ffcfL
  1; 17;  5;0xeda1ffcf3c000008020f001769d6ffc0L
  1; 17;  6;0x69d6ffc03c000008020f0056c9cbffc1L
  1; 17;  7;0xc9cbffc13c000008020f289779d3ffc2L
  1; 17;  8;0x79d3ffc23c000008020f28d7b5d7ffc3L
  1; 17;  9;0xb5d7ffc33c000008020f291739ebffc4L
  1; 17; 10;0x39ebffc43c000008020f29570defffc5L
  1; 17; 11;0xdefffc53c000008020f299789f8ffc6L
  1; 17; 12;0x89f8ffc63c000008020f29d7b1e9ffc7L
  1; 17; 13;0xb1e9ffc73c000008020f2a178dd6ffc8L
  1; 17; 14;0x8dd6ffc83c000008020f2a5739d9ffc9L
  1; 17; 15;0x39d9ffc93c000008020f2a9731e4ffcaL
  1; 17; 16;0xbcbcbcbc3c000008020f3316c5d3ffdcL
  1; 17; 17;0xc5d3ffdc3c000008020f3356c1d9ffddL
  1; 17; 18;0xc1d9ffdd3c000008020f339669aaffdeL
  1; 17; 19;0x69aaffde3c000008020f33d6f5a5ffdfL
  1; 17; 20;0xf5a5ffdf3c000008020f301769d3ffd0L
  1; 17; 21;0x69d3ffd03c000008020f3056b5c9ffd1L
  1; 17; 22;0xb5c9ffd13c000008020f30976dd1ffd2L
  1; 17; 23;0x6dd1ffd23c000008020f30d7a5d3ffd3L
  1; 17; 24;0xa5d3ffd33c000008020f311735e7ffd4L
  1; 17; 25;0x35e7ffd43c000008020f315701efffd5L
  1; 17; 26;0x1efffd53c000008020f319785f7ffd6L
  1; 17; 27;0x85f7ffd63c000008020f31d7a5eaffd7L
  1; 17; 28;0xa5eaffd73c000008020f321781d8ffd8L
  1; 17; 29;0x81d8ffd83c000008020f325731d6ffd9L
  1; 17; 30;0x31d6ffd93c000008020f329749e2ffdaL
  1; 17; 31;0xbcbcbcbc3c000008020f3b16e1cfffecL
  1; 17; 32;0xe1cfffec3c000008020f3b56b9d9ffedL
  1; 17; 33;0xb9d9ffed3c000008020f3b9665a9ffeeL
  1; 17; 34;0x65a9ffee3c000008020f3bd6d9a5ffefL
  1; 17; 35;0xd9a5ffef3c000008020f38175dd5ffe0L
  1; 17; 36;0x5dd5ffe03c000008020f3856c9ccffe1L
  1; 17; 37;0xc9ccffe13c000008020f389779d4ffe2L
  1; 17; 38;0x79d4ffe23c000008020f38d7b5d6ffe3L
  1; 17; 39;0xb5d6ffe33c000008020f391735e9ffe4L
  1; 17; 40;0x35e9ffe43c000008020f3956f1efffe5L
  1; 17; 41;0xf1efffe53c000008020f3997a1f7ffe6L
  1; 17; 42;0xa1f7ffe63c000008020f39d79deaffe7L
  1; 17; 43;0x9deaffe73c000008020f3a1781d8ffe8L
  1; 17; 44;0x81d8ffe83c000008020f3a572dd6ffe9L
  1; 17; 45;0x2dd6ffe93c000008020f3a9731dbffeaL
  1; 17; 46;0xbcbcbcbc3c000008020f2b16d5d2fffcL
  1; 17; 47;0xd5d2fffc3c000008020f2b569dd3fffdL
  1; 17; 48;0x9dd3fffd3c000008020f2b965da3fffeL
  1; 17; 49;0x5da3fffe3c000008020f2bd6d5a2ffffL
  1; 17; 50;0xd5a2ffff3c000008020f001765d4fff0L
  1; 17; 51;0x65d4fff03c000008020f0056b5c9fff1L
  1; 17; 52;0xb5c9fff13c000008020f009771cefff2L
  1; 17; 53;0x71cefff23c000008020f00d7b1d2fff3L
  1; 17; 54;0xb1d2fff33c000008020f011735e6fff4L
  1; 17; 55;0x35e6fff43c000008020f015709f0fff5L
  1; 17; 56;0x9f0fff53c000008020f01978df6fff6L
  1; 17; 57;0x8df6fff63c000008020f29d7a1e9fff7L
  1; 17; 58;0xa1e9fff73c000008020f2a1779d1fff8L
  1; 17; 59;0x79d1fff83c000008020f2a5731d5fff9L
  1; 17; 60;0x31d5fff93c000008020f2a9731dafffaL
  1; 17; 61;0xbcbcbcbc3c000008020f3316ddd3ffccL
  1; 17; 62;0xddd3ffcc3c000008020f3356add7ffcdL
  1; 17; 63;0xadd7ffcd3c000008020f339671abffceL
  1; 17; 64;0x71abffce3c000008020f33d6f1a1ffcfL
  1; 17; 65;0xf1a1ffcf3c000008020f30176dd5ffc0L
  1; 17; 66;0x6dd5ffc03c000008020f3056bdcbffc1L
  1; 17; 67;0xbdcbffc13c000008020f309775d3ffc2L
  1; 17; 68;0x75d3ffc23c000008020f30d7b5d6ffc3L
  1; 17; 69;0xb5d6ffc33c000008020f311731ebffc4L
  1; 17; 70;0x31ebffc43c000008020f315709efffc5L
  1; 17; 71;0x9efffc53c000008020f319785f8ffc6L
  1; 17; 72;0x85f8ffc63c000008020f31d7a9e9ffc7L
  1; 17; 73;0xa9e9ffc73c000008020f321789d5ffc8L
  1; 17; 74;0x89d5ffc83c000008020f325739d8ffc9L
  1; 17; 75;0x39d8ffc93c000008020f329729e1ffcaL
  1; 17; 76;0xbcbcbcbc3c000008020f3b16c9d5ffdcL
  1; 17; 77;0xc9d5ffdc3c000008020f3b56c9dbffddL
  1; 17; 78;0xc9dbffdd3c000008020f3b9669abffdeL
  1; 17; 79;0x69abffde3c000008020f3bd6fda7ffdfL
  1; 17; 80;0xfda7ffdf3c000008020f381771d3ffd0L
  1; 17; 81;0x71d3ffd03c000008020f3856c1caffd1L
  1; 17; 82;0xc1caffd13c000008020f389775d3ffd2L
  1; 17; 83;0x75d3ffd23c000008020f38d7add6ffd3L
  1; 17; 84;0xadd6ffd33c000008020f391741e8ffd4L
  1; 17; 85;0x41e8ffd43c000008020f395709f0ffd5L
  1; 17; 86;0x9f0ffd53c000008020f399789f8ffd6L
  1; 17; 87;0x89f8ffd63c000008020f39d7adebffd7L
  1; 17; 88;0xadebffd73c000008020f3a1785d9ffd8L
  1; 17; 89;0x85d9ffd83c000008020f3a5735d7ffd9L
  1; 17; 90;0x35d7ffd93c000008020f3a9755e5ffdaL
  1; 17; 91;0xbcbcbcbc3c000008020f2b16edd0ffecL
  1; 17; 92;0xedd0ffec3c000008020f2b56bddaffedL
  1; 17; 93;0xbddaffed3c000008020f2b9671aaffeeL
  1; 17; 94;0x71aaffee3c000008020f2bd6e1a7ffefL
  1; 17; 95;0xe1a7ffef3c000008020f001761d7ffe0L
  1; 17; 96;0x61d7ffe03c000008020f0056cdcdffe1L
  1; 17; 97;0xcdcdffe13c000008020f009785d7ffe2L
  1; 17; 98;0x85d7ffe23c000008020f00d7b5d8ffe3L
  1; 17; 99;0xb5d8ffe33c000008020f011735eaffe4L
  1; 17;100;0x35eaffe43c000008020f0156f5efffe5L
  1; 17;101;0xf5efffe53c000008020f0197a5f7ffe6L
  1; 17;102;0xa5f7ffe63c000008020f29d7a9ebffe7L
  1; 17;103;0xa9ebffe73c000008020f2a1789d8ffe8L
  1; 17;104;0x89d8ffe83c000008020f2a5731d8ffe9L
  1; 17;105;0x31d8ffe93c000008020f2a9739dcffeaL
  1; 17;106;0xbcbcbcbc3c000008020f3316d5cffffcL
  1; 17;107;0xd5cffffc3c000008020f335699d5fffdL
  1; 17;108;0x99d5fffd3c000008020f33965da4fffeL
  1; 17;109;0x5da4fffe3c000008020f33d6d5a1ffffL
  1; 17;110;0xd5a1ffff3c000008020f301761d5fff0L
  1; 17;111;0x61d5fff03c000008020f3056a5c7fff1L
  1; 17;112;0xa5c7fff13c000008020f30976dcefff2L
  1; 17;113;0x6dcefff23c000008020f30d7add3fff3L
  1; 17;114;0xadd3fff33c000008020f311731e6fff4L
  1; 17;115;0x31e6fff43c000008020f315709eefff5L
  1; 17;116;0x9eefff53c000008020f319785f7fff6L
  1; 17;117;0x85f7fff63c000008020f31d7a5e6fff7L
  1; 17;118;0xa5e6fff73c000008020f321775d0fff8L
  1; 17;119;0x75d0fff83c000008020f325729d4fff9L
  1; 17;120;0x29d4fff93c000008020f329735dbfffaL
  1; 17;121;0xbcbcbcbc3c000008020f3b16d9d1ffccL
  1; 17;122;0xd9d1ffcc3c000008020f3b56add5ffcdL
  1; 17;123;0xadd5ffcd3c000008020f3b9665a9ffceL
  1; 17;124;0x65a9ffce3c000008020f3bd6e99effcfL
  1; 17;125;0xe99effcf3c000008020f381769d4ffc0L
  1; 17;126;0x69d4ffc03c000008020f3856bdcaffc1L
  1; 17;127;0xbdcaffc13c000008020f389775d2ffc2L
  1; 17;128;0x75d2ffc23c000008020f38d7b1d6ffc3L
  1; 17;129;0xb1d6ffc33c000008020f391731eaffc4L
  1; 17;130;0x31eaffc43c000008020f395709efffc5L
  1; 17;131;0x9efffc53c000008020f399789f8ffc6L
  1; 17;132;0x89f8ffc63c000008020f39d7a9e9ffc7L
  1; 17;133;0xa9e9ffc73c000008020f3a1789d4ffc8L
  1; 17;134;0x89d4ffc83c000008020f3a5739d6ffc9L
  1; 17;135;0x39d6ffc93c000008020f3a9725e1ffcaL
  1; 17;136;0xbcbcbcbc3c000008020f2b16c9d4ffdcL
  1; 17;137;0xc9d4ffdc3c000008020f2b56c5dbffddL
  1; 17;138;0xc5dbffdd3c000008020f2b9665aaffdeL
  1; 17;139;0x65aaffde3c000008020f2bd6fda6ffdfL
  1; 17;140;0xfda6ffdf3c000008020f001769d3ffd0L
  1; 17;141;0x69d3ffd03c000008020f0056bdcaffd1L
  1; 17;142;0xbdcaffd13c000008020f009775d2ffd2L
  1; 17;143;0x75d2ffd23c000008020f00d7add6ffd3L
  1; 17;144;0xadd6ffd33c000008020f011739e7ffd4L
  1; 17;145;0x39e7ffd43c000008020f015705efffd5L
  1; 17;146;0x5efffd53c000008020f019785f8ffd6L
  1; 17;147;0x85f8ffd63c000008020f29d7b1edffd7L
  1; 17;148;0xb1edffd73c000008020f2a1789d9ffd8L
  1; 17;149;0x89d9ffd83c000008020f2a5735d8ffd9L
  1; 17;150;0x35d8ffd93c000008020f2a9749e5ffdaL
  1; 17;151;0xbcbcbcbc3c000008020f3316e9d2ffecL
  1; 17;152;0xe9d2ffec3c000008020f3356c5daffedL
  1; 17;153;0xc5daffed3c000008020f339675adffeeL
  1; 17;154;0x75adffee3c000008020f33d6e9aaffefL
  1; 17;155;0xe9aaffef3c000008020f301769d9ffe0L
  1; 17;156;0x69d9ffe03c000008020f3056d1cdffe1L
  1; 17;157;0xd1cdffe13c000008020f309785d7ffe2L
  1; 17;158;0x85d7ffe23c000008020f30d7b9d8ffe3L
  1; 17;159;0xb9d8ffe33c000008020f31173deaffe4L
  1; 17;160;0x3deaffe43c000008020f3156f9f0ffe5L
  1; 17;161;0xf9f0ffe53c000008020f3197a1f8ffe6L
  1; 17;162;0xa1f8ffe63c000008020f31d7a9ebffe7L
  1; 17;163;0xa9ebffe73c000008020f321785d9ffe8L
  1; 17;164;0x85d9ffe83c000008020f325735d7ffe9L
  1; 17;165;0x35d7ffe93c000008020f32973ddcffeaL
  1; 17;166;0xbcbcbcbc3c000008020f3b16d9d0fffcL
  1; 17;167;0xd9d0fffc3c000008020f3b5699d4fffdL
  1; 17;168;0x99d4fffd3c000008020f3b9661a5fffeL
  1; 17;169;0x61a5fffe3c000008020f3bd6d9a2ffffL
  1; 17;170;0xd9a2ffff3c000008020f381765d4fff0L
  1; 17;171;0x65d4fff03c000008020f3856b1c8fff1L
  1; 17;172;0xb1c8fff13c000008020f389769d0fff2L
  1; 17;173;0x69d0fff23c000008020f38d7b1d3fff3L
  1; 17;174;0xb1d3fff33c000008020f39173de8fff4L
  1; 17;175;0x3de8fff43c000008020f39570deffff5L
  1; 17;176;0xdeffff53c000008020f399789f7fff6L
  1; 17;177;0x89f7fff63c000008020f39d7a1e8fff7L
  1; 17;178;0xa1e8fff73c000008020f3a177dd3fff8L
  1; 17;179;0x7dd3fff83c000008020f3a5729d6fff9L
  1; 17;180;0x29d6fff93c000008020f3a9731ddfffaL
  1; 17;181;0xbcbcbcbc3c000008020f2b16d5d1ffccL
  1; 17;182;0xd5d1ffcc3c000008020f2b56a5d4ffcdL
  1; 17;183;0xa5d4ffcd3c000008020f2b965da8ffceL
  1; 17;184;0x5da8ffce3c000008020f2bd6e99fffcfL
  1; 17;185;0xe99fffcf3c000008020f001765d4ffc0L
  1; 17;186;0x65d4ffc03c000008020f0056b5c9ffc1L
  1; 17;187;0xb5c9ffc13c000008020f009775d0ffc2L
  1; 17;188;0x75d0ffc23c000008020f00d7b1d5ffc3L
  1; 17;189;0xb1d5ffc33c000008020f01172de9ffc4L
  1; 17;190;0x2de9ffc43c000008020f015701eeffc5L
  1; 17;191;0x1eeffc53c000008020f019785f7ffc6L
  1; 17;192;0x85f7ffc63c000008020f29d7a9e8ffc7L
  1; 17;193;0xa9e8ffc73c000008020f2a1789d4ffc8L
  1; 17;194;0x89d4ffc83c000008020f2a5729d7ffc9L
  1; 17;195;0x29d7ffc93c000008020f2a9725e0ffcaL
  1; 17;196;0xbcbcbcbc3c000008020f3316c5d3ffdcL
  1; 17;197;0xc5d3ffdc3c000008020f3356bddaffddL
  1; 17;198;0xbddaffdd3c000008020f339665aaffdeL
  1; 17;199;0x65aaffde3c000008020f33d6f1a4ffdfL
  1; 17;200;0xf1a4ffdf3c000008020f301769d1ffd0L
  1; 17;201;0x69d1ffd03c000008020f3056b9c9ffd1L
  1; 17;202;0xb9c9ffd13c000008020f30976dd2ffd2L
  1; 17;203;0x6dd2ffd23c000008020f30d7a9d6ffd3L
  1; 17;204;0xa9d6ffd33c000008020f311735e5ffd4L
  1; 17;205;0x35e5ffd43c000008020f3156fdefffd5L
  1; 17;206;0xfdefffd53c000008020f319781f7ffd6L
  1; 17;207;0x81f7ffd63c000008020f31d7a9ebffd7L
  1; 17;208;0xa9ebffd73c000008020f321781d8ffd8L
  1; 17;209;0x81d8ffd83c000008020f32572dd6ffd9L
  1; 17;210;0x2dd6ffd93c000008020f329745e4ffdaL
  1; 17;211;0xbcbcbcbc3c000008020f3b16ddcfffecL
  1; 17;212;0xddcfffec3c000008020f3b56b5d8ffedL
  1; 17;213;0xb5d8ffed3c000008020f3b9665aaffeeL
  1; 17;214;0x65aaffee3c000008020f3bd6d9a4ffefL
  1; 17;215;0xd9a4ffef3c000008020f381761d7ffe0L
  1; 17;216;0x61d7ffe03c000008020f3856c5ccffe1L
  1; 17;217;0xc5ccffe13c000008020f389779d3ffe2L
  1; 17;218;0x79d3ffe23c000008020f38d7b5d6ffe3L
  1; 17;219;0xb5d6ffe33c000008020f391735eaffe4L
  1; 17;220;0x35eaffe43c000008020f3956f5f0ffe5L
  1; 17;221;0xf5f0ffe53c000008020f39979df7ffe6L
  1; 17;222;0x9df7ffe63c000008020f39d7a5eaffe7L
  1; 17;223;0xa5eaffe73c000008020f3a1781d9ffe8L
  1; 17;224;0x81d9ffe83c000008020f3a5731d6ffe9L
  1; 17;225;0x31d6ffe93c000008020f3a972ddcffeaL
  1; 17;226;0xbcbcbcbc3c000008020f2b16e1d1fffcL
  1; 17;227;0xe1d1fffc3c000008020f2b56a5d4fffdL
  1; 17;228;0xa5d4fffd3c000008020f2b9669a4fffeL
  1; 17;229;0x69a4fffe3c000008020f2bd6e1a4ffffL
  1; 17;230;0xe1a4ffff3c000008020f001769d6fff0L
  1; 17;231;0x69d6fff03c000008020f0056b9cafff1L
  1; 17;232;0xb9cafff13c000008020f00976dd1fff2L
  1; 17;233;0x6dd1fff23c000008020f00d7b5d3fff3L
  1; 17;234;0xb5d3fff33c000008020f011739e7fff4L
  1; 17;235;0x39e7fff43c000008020f01570deffff5L
  1; 17;236;0xdeffff53c000008020f01978df7fff6L
  1; 17;237;0x8df7fff63c000008020f29d7a9e9fff7L
  1; 17;238;0xa9e9fff73c000008020f2a177dd3fff8L
  1; 17;239;0x7dd3fff83c000008020f2a5731d6fff9L
  1; 17;240;0x31d6fff93c000008020f2a9739dbfffaL
  1; 17;241;0xbcbcbcbc3c000008020f3316ddd3ffccL
  1; 17;242;0xddd3ffcc3c000008020f3356b1d7ffcdL
  1; 17;243;0xb1d7ffcd3c000008020f33966dabffceL
  1; 17;244;0x6dabffce3c000008020f33d6f1a1ffcfL
  1; 17;245;0xf1a1ffcf3c000008020f301769d5ffc0L
  1; 17;246;0x69d5ffc03c000008020f3056c1caffc1L
  1; 17;247;0xc1caffc13c000008020f309779d2ffc2L
  1; 17;248;0x79d2ffc23c000008020f30d7b5d6ffc3L
  1; 17;249;0xb5d6ffc33c000008020f311735eaffc4L
  1; 17;250;0x35eaffc43c000008020f31570deeffc5L
  1; 17;251;0xdeeffc53c000008020f319789f9ffc6L
  1; 17;252;0x89f9ffc63c000008020f31d7adeaffc7L
  1; 17;253;0xadeaffc73c000008020f321791d7ffc8L
  1; 17;254;0x91d7ffc83c000008020f325739d8ffc9L
  1; 17;255;0x39d8ffc93c000008020f329729e2ffcaL
  1; 17;256;0xbcbcbcbc3c000008020f3b16bdd2ffdcL
  1; 18;  1;0xbcbcbcbc3c000008020f2b17c5edffccL
  1; 18;  2;0xc5edffcc3c000008020f2b57e1faffcdL
  1; 18;  3;0xe1faffcd3c000008020f2b97fdffff8eL
  1; 18;  4;0xfdffff8e3c000008020f2bd7b1f9ffcfL
  1; 18;  5;0xb1f9ffcf3c000008020f0017edfbffc0L
  1; 18;  6;0xedfbffc03c000008020f005779eeffc1L
  1; 18;  7;0x79eeffc13c000008020f2897d1f5ffc2L
  1; 18;  8;0xd1f5ffc23c000008020f28d7f5ffffc3L
  1; 18;  9;0xf5ffffc33c000008020f2917fdffffc4L
  1; 18; 10;0xfdffffc43c000008020f2957c1f0ffc5L
  1; 18; 11;0xc1f0ffc53c000008020f2997f1faffc6L
  1; 18; 12;0xf1faffc63c000008020f29d7d5f5ff87L
  1; 18; 13;0xd5f5ff873c000008020f2a17c5f3ffc8L
  1; 18; 14;0xc5f3ffc83c000008020f2a5701edffc9L
  1; 18; 15;0x1edffc93c000008020f2a97e9eeffcaL
  1; 18; 16;0xbcbcbcbc3c000008020f3317c5edffdcL
  1; 18; 17;0xc5edffdc3c000008020f3357d9fbffddL
  1; 18; 18;0xd9fbffdd3c000008020f3397fdffff9eL
  1; 18; 19;0xfdffff9e3c000008020f33d7adf9ffdfL
  1; 18; 20;0xadf9ffdf3c000008020f3017e9fbffd0L
  1; 18; 21;0xe9fbffd03c000008020f305761eeffd1L
  1; 18; 22;0x61eeffd13c000008020f3097d1f5ffd2L
  1; 18; 23;0xd1f5ffd23c000008020f30d7f5ffffd3L
  1; 18; 24;0xf5ffffd33c000008020f3117fdffffd4L
  1; 18; 25;0xfdffffd43c000008020f3157c1efffd5L
  1; 18; 26;0xc1efffd53c000008020f3197f1faffd6L
  1; 18; 27;0xf1faffd63c000008020f31d7d5f5ff97L
  1; 18; 28;0xd5f5ff973c000008020f3217c1f3ffd8L
  1; 18; 29;0xc1f3ffd83c000008020f3256f5ecffd9L
  1; 18; 30;0xf5ecffd93c000008020f3297e5eaffdaL
  1; 18; 31;0xbcbcbcbc3c000008020f3b17c5edffecL
  1; 18; 32;0xc5edffec3c000008020f3b57d5fbffedL
  1; 18; 33;0xd5fbffed3c000008020f3b97fdffffaeL
  1; 18; 34;0xfdffffae3c000008020f3bd7a1f8ffefL
  1; 18; 35;0xa1f8ffef3c000008020f3817edfbffe0L
  1; 18; 36;0xedfbffe03c000008020f385779eeffe1L
  1; 18; 37;0x79eeffe13c000008020f3897c1f5ffe2L
  1; 18; 38;0xc1f5ffe23c000008020f38d7f5ffffe3L
  1; 18; 39;0xf5ffffe33c000008020f3917fdffffe4L
  1; 18; 40;0xfdffffe43c000008020f3957c1f0ffe5L
  1; 18; 41;0xc1f0ffe53c000008020f3997edf9ffe6L
  1; 18; 42;0xedf9ffe63c000008020f39d7d1f5ffa7L
  1; 18; 43;0xd1f5ffa73c000008020f3a17b9f2ffe8L
  1; 18; 44;0xb9f2ffe83c000008020f3a56ddecffe9L
  1; 18; 45;0xddecffe93c000008020f3a97e9edffeaL
  1; 18; 46;0xbcbcbcbc3c000008020f2b17c5ecfffcL
  1; 18; 47;0xc5ecfffc3c000008020f2b57d5fafffdL
  1; 18; 48;0xd5fafffd3c000008020f2b97fdffffbeL
  1; 18; 49;0xfdffffbe3c000008020f2bd7a9f8ffffL
  1; 18; 50;0xa9f8ffff3c000008020f0017e9fafff0L
  1; 18; 51;0xe9fafff03c000008020f00576deefff1L
  1; 18; 52;0x6deefff13c000008020f0097cdf5fff2L
  1; 18; 53;0xcdf5fff23c000008020f00d7f5fffff3L
  1; 18; 54;0xf5fffff33c000008020f0117fdfffff4L
  1; 18; 55;0xfdfffff43c000008020f0157c1f0fff5L
  1; 18; 56;0xc1f0fff53c000008020f0197edf9fff6L
  1; 18; 57;0xedf9fff63c000008020f29d7d5f5ffb7L
  1; 18; 58;0xd5f5ffb73c000008020f2a17c5f2fff8L
  1; 18; 59;0xc5f2fff83c000008020f2a56f1ecfff9L
  1; 18; 60;0xf1ecfff93c000008020f2a97e9e9fffaL
  1; 18; 61;0xbcbcbcbc3c000008020f3317c5eeffccL
  1; 18; 62;0xc5eeffcc3c000008020f3357ddfbffcdL
  1; 18; 63;0xddfbffcd3c000008020f3397fdffff8eL
  1; 18; 64;0xfdffff8e3c000008020f33d7b1f8ffcfL
  1; 18; 65;0xb1f8ffcf3c000008020f3017e9fbffc0L
  1; 18; 66;0xe9fbffc03c000008020f305781eeffc1L
  1; 18; 67;0x81eeffc13c000008020f3097d5f6ffc2L
  1; 18; 68;0xd5f6ffc23c000008020f30d7f9ffffc3L
  1; 18; 69;0xf9ffffc33c000008020f3117fdffffc4L
  1; 18; 70;0xfdffffc43c000008020f3157c1f0ffc5L
  1; 18; 71;0xc1f0ffc53c000008020f3197edfbffc6L
  1; 18; 72;0xedfbffc63c000008020f31d7d9f5ff87L
  1; 18; 73;0xd9f5ff873c000008020f3217c1f3ffc8L
  1; 18; 74;0xc1f3ffc83c000008020f3256f9ecffc9L
  1; 18; 75;0xf9ecffc93c000008020f3297e9eeffcaL
  1; 18; 76;0xbcbcbcbc3c000008020f3b17c5efffdcL
  1; 18; 77;0xc5efffdc3c000008020f3b57ddfaffddL
  1; 18; 78;0xddfaffdd3c000008020f3b97fdffff9eL
  1; 18; 79;0xfdffff9e3c000008020f3bd7b1f9ffdfL
  1; 18; 80;0xb1f9ffdf3c000008020f3817e9fbffd0L
  1; 18; 81;0xe9fbffd03c000008020f38576deeffd1L
  1; 18; 82;0x6deeffd13c000008020f3897d1f6ffd2L
  1; 18; 83;0xd1f6ffd23c000008020f38d7f9ffffd3L
  1; 18; 84;0xf9ffffd33c000008020f3917fdffffd4L
  1; 18; 85;0xfdffffd43c000008020f3957c1f0ffd5L
  1; 18; 86;0xc1f0ffd53c000008020f3997f1faffd6L
  1; 18; 87;0xf1faffd63c000008020f39d7d5f6ff97L
  1; 18; 88;0xd5f6ff973c000008020f3a17c5f4ffd8L
  1; 18; 89;0xc5f4ffd83c000008020f3a56fdedffd9L
  1; 18; 90;0xfdedffd93c000008020f3a97e9ecffdaL
  1; 18; 91;0xbcbcbcbc3c000008020f2b17c5edffecL
  1; 18; 92;0xc5edffec3c000008020f2b57d5faffedL
  1; 18; 93;0xd5faffed3c000008020f2b97fdffffaeL
  1; 18; 94;0xfdffffae3c000008020f2bd7a5f8ffefL
  1; 18; 95;0xa5f8ffef3c000008020f0017e9fbffe0L
  1; 18; 96;0xe9fbffe03c000008020f005779eeffe1L
  1; 18; 97;0x79eeffe13c000008020f0097c5f5ffe2L
  1; 18; 98;0xc5f5ffe23c000008020f00d7f5ffffe3L
  1; 18; 99;0xf5ffffe33c000008020f0117fdffffe4L
  1; 18;100;0xfdffffe43c000008020f0157bdf0ffe5L
  1; 18;101;0xbdf0ffe53c000008020f0197edf9ffe6L
  1; 18;102;0xedf9ffe63c000008020f29d7d5f5ffa7L
  1; 18;103;0xd5f5ffa73c000008020f2a17c1f2ffe8L
  1; 18;104;0xc1f2ffe83c000008020f2a56e5ecffe9L
  1; 18;105;0xe5ecffe93c000008020f2a97e9ecffeaL
  1; 18;106;0xbcbcbcbc3c000008020f3317c1ecfffcL
  1; 18;107;0xc1ecfffc3c000008020f3357d9fafffdL
  1; 18;108;0xd9fafffd3c000008020f3397fdfeffbeL
  1; 18;109;0xfdfeffbe3c000008020f33d7adf8ffffL
  1; 18;110;0xadf8ffff3c000008020f3017e9fafff0L
  1; 18;111;0xe9fafff03c000008020f305769eefff1L
  1; 18;112;0x69eefff13c000008020f3097c5f4fff2L
  1; 18;113;0xc5f4fff23c000008020f30d7f9fffff3L
  1; 18;114;0xf9fffff33c000008020f3117fdfffff4L
  1; 18;115;0xfdfffff43c000008020f3157c1f0fff5L
  1; 18;116;0xc1f0fff53c000008020f3197edf9fff6L
  1; 18;117;0xedf9fff63c000008020f31d7d5f5ffb7L
  1; 18;118;0xd5f5ffb73c000008020f3217c5f2fff8L
  1; 18;119;0xc5f2fff83c000008020f3256e5ecfff9L
  1; 18;120;0xe5ecfff93c000008020f3297e9ebfffaL
  1; 18;121;0xbcbcbcbc3c000008020f3b17c5ecffccL
  1; 18;122;0xc5ecffcc3c000008020f3b57ddfbffcdL
  1; 18;123;0xddfbffcd3c000008020f3b97fdffff8eL
  1; 18;124;0xfdffff8e3c000008020f3bd7a9f9ffcfL
  1; 18;125;0xa9f9ffcf3c000008020f3817edfaffc0L
  1; 18;126;0xedfaffc03c000008020f385779eeffc1L
  1; 18;127;0x79eeffc13c000008020f3897cdf6ffc2L
  1; 18;128;0xcdf6ffc23c000008020f38d7f5ffffc3L
  1; 18;129;0xf5ffffc33c000008020f3917fdffffc4L
  1; 18;130;0xfdffffc43c000008020f3957c1f0ffc5L
  1; 18;131;0xc1f0ffc53c000008020f3997f1faffc6L
  1; 18;132;0xf1faffc63c000008020f39d7d5f5ff87L
  1; 18;133;0xd5f5ff873c000008020f3a17c1f3ffc8L
  1; 18;134;0xc1f3ffc83c000008020f3a56f5ebffc9L
  1; 18;135;0xf5ebffc93c000008020f3a97e9edffcaL
  1; 18;136;0xbcbcbcbc3c000008020f2b17c5edffdcL
  1; 18;137;0xc5edffdc3c000008020f2b57d9faffddL
  1; 18;138;0xd9faffdd3c000008020f2b97fdffff9eL
  1; 18;139;0xfdffff9e3c000008020f2bd7b1f9ffdfL
  1; 18;140;0xb1f9ffdf3c000008020f0017edfaffd0L
  1; 18;141;0xedfaffd03c000008020f00576defffd1L
  1; 18;142;0x6defffd13c000008020f0097d1f5ffd2L
  1; 18;143;0xd1f5ffd23c000008020f00d7f5ffffd3L
  1; 18;144;0xf5ffffd33c000008020f0117fdffffd4L
  1; 18;145;0xfdffffd43c000008020f0157c1efffd5L
  1; 18;146;0xc1efffd53c000008020f0197edf9ffd6L
  1; 18;147;0xedf9ffd63c000008020f29d7d9f5ff97L
  1; 18;148;0xd9f5ff973c000008020f2a17c1f4ffd8L
  1; 18;149;0xc1f4ffd83c000008020f2a56f5ecffd9L
  1; 18;150;0xf5ecffd93c000008020f2a97e9ebffdaL
  1; 18;151;0xbcbcbcbc3c000008020f3317c5edffecL
  1; 18;152;0xc5edffec3c000008020f3357d5fbffedL
  1; 18;153;0xd5fbffed3c000008020f3397fdffffaeL
  1; 18;154;0xfdffffae3c000008020f33d7a5f8ffefL
  1; 18;155;0xa5f8ffef3c000008020f3017edfbffe0L
  1; 18;156;0xedfbffe03c000008020f305775eeffe1L
  1; 18;157;0x75eeffe13c000008020f3097c5f5ffe2L
  1; 18;158;0xc5f5ffe23c000008020f30d7f9ffffe3L
  1; 18;159;0xf9ffffe33c000008020f3117fdffffe4L
  1; 18;160;0xfdffffe43c000008020f3157c1f0ffe5L
  1; 18;161;0xc1f0ffe53c000008020f3197edfaffe6L
  1; 18;162;0xedfaffe63c000008020f31d7d5f5ffa7L
  1; 18;163;0xd5f5ffa73c000008020f3217bdf2ffe8L
  1; 18;164;0xbdf2ffe83c000008020f3256ddecffe9L
  1; 18;165;0xddecffe93c000008020f3297e9efffeaL
  1; 18;166;0xbcbcbcbc3c000008020f3b17c5ecfffcL
  1; 18;167;0xc5ecfffc3c000008020f3b57d9fafffdL
  1; 18;168;0xd9fafffd3c000008020f3b97fdffffbeL
  1; 18;169;0xfdffffbe3c000008020f3bd7adf8ffffL
  1; 18;170;0xadf8ffff3c000008020f3817e9fafff0L
  1; 18;171;0xe9fafff03c000008020f385771eefff1L
  1; 18;172;0x71eefff13c000008020f3897cdf5fff2L
  1; 18;173;0xcdf5fff23c000008020f38d7f9fffff3L
  1; 18;174;0xf9fffff33c000008020f3917fdfffff4L
  1; 18;175;0xfdfffff43c000008020f3957bdeffff5L
  1; 18;176;0xbdeffff53c000008020f3997edf9fff6L
  1; 18;177;0xedf9fff63c000008020f39d7d5f5ffb7L
  1; 18;178;0xd5f5ffb73c000008020f3a17c5f2fff8L
  1; 18;179;0xc5f2fff83c000008020f3a56f5ecfff9L
  1; 18;180;0xf5ecfff93c000008020f3a97e9ebfffaL
  1; 18;181;0xbcbcbcbc3c000008020f2b17c5edffccL
  1; 18;182;0xc5edffcc3c000008020f2b57ddfbffcdL
  1; 18;183;0xddfbffcd3c000008020f2b97fdffff8eL
  1; 18;184;0xfdffff8e3c000008020f2bd7adf9ffcfL
  1; 18;185;0xadf9ffcf3c000008020f0017e9fbffc0L
  1; 18;186;0xe9fbffc03c000008020f00577deeffc1L
  1; 18;187;0x7deeffc13c000008020f0097d1f6ffc2L
  1; 18;188;0xd1f6ffc23c000008020f00d7f5ffffc3L
  1; 18;189;0xf5ffffc33c000008020f0117fdffffc4L
  1; 18;190;0xfdffffc43c000008020f0157c1efffc5L
  1; 18;191;0xc1efffc53c000008020f0197f1f9ffc6L
  1; 18;192;0xf1f9ffc63c000008020f29d7d5f5ff87L
  1; 18;193;0xd5f5ff873c000008020f2a17c1f3ffc8L
  1; 18;194;0xc1f3ffc83c000008020f2a56f9ecffc9L
  1; 18;195;0xf9ecffc93c000008020f2a97ededffcaL
  1; 18;196;0xbcbcbcbc3c000008020f3317c5edffdcL
  1; 18;197;0xc5edffdc3c000008020f3357d9fbffddL
  1; 18;198;0xd9fbffdd3c000008020f3397fdffff9eL
  1; 18;199;0xfdffff9e3c000008020f33d7adf9ffdfL
  1; 18;200;0xadf9ffdf3c000008020f3017e9fbffd0L
  1; 18;201;0xe9fbffd03c000008020f305765eeffd1L
  1; 18;202;0x65eeffd13c000008020f3097d1f5ffd2L
  1; 18;203;0xd1f5ffd23c000008020f30d7f9ffffd3L
  1; 18;204;0xf9ffffd33c000008020f3117fdffffd4L
  1; 18;205;0xfdffffd43c000008020f3157c1f0ffd5L
  1; 18;206;0xc1f0ffd53c000008020f3197f1f9ffd6L
  1; 18;207;0xf1f9ffd63c000008020f31d7d5f5ff97L
  1; 18;208;0xd5f5ff973c000008020f3217c1f3ffd8L
  1; 18;209;0xc1f3ffd83c000008020f3256f5ecffd9L
  1; 18;210;0xf5ecffd93c000008020f3297e9e9ffdaL
  1; 18;211;0xbcbcbcbc3c000008020f3b17c5eeffecL
  1; 18;212;0xc5eeffec3c000008020f3b57d9fbffedL
  1; 18;213;0xd9fbffed3c000008020f3b97fdffffaeL
  1; 18;214;0xfdffffae3c000008020f3bd7a9f8ffefL
  1; 18;215;0xa9f8ffef3c000008020f3817edfbffe0L
  1; 18;216;0xedfbffe03c000008020f38577deeffe1L
  1; 18;217;0x7deeffe13c000008020f3897c5f5ffe2L
  1; 18;218;0xc5f5ffe23c000008020f38d7f5ffffe3L
  1; 18;219;0xf5ffffe33c000008020f3917fdffffe4L
  1; 18;220;0xfdffffe43c000008020f3957c1f0ffe5L
  1; 18;221;0xc1f0ffe53c000008020f3997edf9ffe6L
  1; 18;222;0xedf9ffe63c000008020f39d7d5f5ffa7L
  1; 18;223;0xd5f5ffa73c000008020f3a17bdf2ffe8L
  1; 18;224;0xbdf2ffe83c000008020f3a56e1ecffe9L
  1; 18;225;0xe1ecffe93c000008020f3a97e9eeffeaL
  1; 18;226;0xbcbcbcbc3c000008020f2b17c5ecfffcL
  1; 18;227;0xc5ecfffc3c000008020f2b57d9fafffdL
  1; 18;228;0xd9fafffd3c000008020f2b97fdffffbeL
  1; 18;229;0xfdffffbe3c000008020f2bd7adf8ffffL
  1; 18;230;0xadf8ffff3c000008020f0017e9fafff0L
  1; 18;231;0xe9fafff03c000008020f005769eefff1L
  1; 18;232;0x69eefff13c000008020f0097c9f5fff2L
  1; 18;233;0xc9f5fff23c000008020f00d7f9fffff3L
  1; 18;234;0xf9fffff33c000008020f0117fdfffff4L
  1; 18;235;0xfdfffff43c000008020f0157c1f0fff5L
  1; 18;236;0xc1f0fff53c000008020f0197edf8fff6L
  1; 18;237;0xedf8fff63c000008020f29d7d5f5ffb7L
  1; 18;238;0xd5f5ffb73c000008020f2a17c9f2fff8L
  1; 18;239;0xc9f2fff83c000008020f2a56f1edfff9L
  1; 18;240;0xf1edfff93c000008020f2a97e9ebfffaL
  1; 18;241;0xbcbcbcbc3c000008020f3317c5edffccL
  1; 18;242;0xc5edffcc3c000008020f3357ddfbffcdL
  1; 18;243;0xddfbffcd3c000008020f3397fdffff8eL
  1; 18;244;0xfdffff8e3c000008020f33d7adf8ffcfL
  1; 18;245;0xadf8ffcf3c000008020f3017edfbffc0L
  1; 18;246;0xedfbffc03c000008020f305781eeffc1L
  1; 18;247;0x81eeffc13c000008020f3097d1f6ffc2L
  1; 18;248;0xd1f6ffc23c000008020f30d7f5ffffc3L
  1; 18;249;0xf5ffffc33c000008020f3117fdffffc4L
  1; 18;250;0xfdffffc43c000008020f3157c1f0ffc5L
  1; 18;251;0xc1f0ffc53c000008020f3197f1f9ffc6L
  1; 18;252;0xf1f9ffc63c000008020f31d7d1f5ff87L
  1; 18;253;0xd1f5ff873c000008020f3217c5f3ffc8L
  1; 18;254;0xc5f3ffc83c000008020f3256f5ecffc9L
  1; 18;255;0xf5ecffc93c000008020f3297e9edffcaL
  1; 18;256;0xbcbcbcbc3c000008020f3b17c5edffdcL
  1; 20;  1;0xbcbcbcbc3c000008020f2b1749d3ffccL
  1; 20;  2;0x49d3ffcc3c000008020f2b5791e7ffcdL
  1; 20;  3;0x91e7ffcd3c000008020f2b9785dcffceL
  1; 20;  4;0x85dcffce3c000008020f2bd765dbffcfL
  1; 20;  5;0x65dbffcf3c000008020f001781d6ffc0L
  1; 20;  6;0x81d6ffc03c000008020f0057c9efffc1L
  1; 20;  7;0xc9efffc13c000008020f0097a9ebffc2L
  1; 20;  8;0xa9ebffc23c000008020f00d7b9f1ffc3L
  1; 20;  9;0xb9f1ffc33c000008020f0117a1efffc4L
  1; 20; 10;0xa1efffc43c000008020f0157a9f3ffc5L
  1; 20; 11;0xa9f3ffc53c000008020f0197a5cfffc6L
  1; 20; 12;0xa5cfffc63c000008020f29d7fdffff87L
  1; 20; 13;0xfdffff873c000008020f2a17b9c4ffc8L
  1; 20; 14;0xb9c4ffc83c000008020f2a57a5f6ffc9L
  1; 20; 15;0xa5f6ffc93c000008020f2a9771e5ffcaL
  1; 20; 16;0xbcbcbcbc3c000008020f33173dd1ffdcL
  1; 20; 17;0x3dd1ffdc3c000008020f335789e7ffddL
  1; 20; 18;0x89e7ffdd3c000008020f339775d8ffdeL
  1; 20; 19;0x75d8ffde3c000008020f33d755dcffdfL
  1; 20; 20;0x55dcffdf3c000008020f301785d8ffd0L
  1; 20; 21;0x85d8ffd03c000008020f3057c9eeffd1L
  1; 20; 22;0xc9eeffd13c000008020f3097a9ecffd2L
  1; 20; 23;0xa9ecffd23c000008020f30d7bdf2ffd3L
  1; 20; 24;0xbdf2ffd33c000008020f3117a1f1ffd4L
  1; 20; 25;0xa1f1ffd43c000008020f31579df4ffd5L
  1; 20; 26;0x9df4ffd53c000008020f319799caffd6L
  1; 20; 27;0x99caffd63c000008020f31d7fdffff97L
  1; 20; 28;0xfdffff973c000008020f3217b5c6ffd8L
  1; 20; 29;0xb5c6ffd83c000008020f325795f4ffd9L
  1; 20; 30;0x95f4ffd93c000008020f32976de5ffdaL
  1; 20; 31;0xbcbcbcbc3c000008020f3b1725caffecL
  1; 20; 32;0x25caffec3c000008020f3b5789e7ffedL
  1; 20; 33;0x89e7ffed3c000008020f3b9775deffeeL
  1; 20; 34;0x75deffee3c000008020f3bd769e1ffefL
  1; 20; 35;0x69e1ffef3c000008020f381779d5ffe0L
  1; 20; 36;0x79d5ffe03c000008020f3857bdeeffe1L
  1; 20; 37;0xbdeeffe13c000008020f3897a9ebffe2L
  1; 20; 38;0xa9ebffe23c000008020f38d7c1f2ffe3L
  1; 20; 39;0xc1f2ffe33c000008020f3917a1efffe4L
  1; 20; 40;0xa1efffe43c000008020f395799f4ffe5L
  1; 20; 41;0x99f4ffe53c000008020f399799cdffe6L
  1; 20; 42;0x99cdffe63c000008020f39d7fdffffa7L
  1; 20; 43;0xfdffffa73c000008020f3a17bdcbffe8L
  1; 20; 44;0xbdcbffe83c000008020f3a57a1f6ffe9L
  1; 20; 45;0xa1f6ffe93c000008020f3a9779e6ffeaL
  1; 20; 46;0xbcbcbcbc3c000008020f2b172dcefffcL
  1; 20; 47;0x2dcefffc3c000008020f2b5785e6fffdL
  1; 20; 48;0x85e6fffd3c000008020f2b977dd4fffeL
  1; 20; 49;0x7dd4fffe3c000008020f2bd75dd6ffffL
  1; 20; 50;0x5dd6ffff3c000008020f001781d3fff0L
  1; 20; 51;0x81d3fff03c000008020f0057b9eefff1L
  1; 20; 52;0xb9eefff13c000008020f0097a9ebfff2L
  1; 20; 53;0xa9ebfff23c000008020f00d7c1f2fff3L
  1; 20; 54;0xc1f2fff33c000008020f011795f1fff4L
  1; 20; 55;0x95f1fff43c000008020f015799f4fff5L
  1; 20; 56;0x99f4fff53c000008020f0197a5ccfff6L
  1; 20; 57;0xa5ccfff63c000008020f29d7fdffffb7L
  1; 20; 58;0xfdffffb73c000008020f2a17b1c2fff8L
  1; 20; 59;0xb1c2fff83c000008020f2a579df4fff9L
  1; 20; 60;0x9df4fff93c000008020f2a9771e6fffaL
  1; 20; 61;0xbcbcbcbc3c000008020f331749d2ffccL
  1; 20; 62;0x49d2ffcc3c000008020f33578de8ffcdL
  1; 20; 63;0x8de8ffcd3c000008020f339785dbffceL
  1; 20; 64;0x85dbffce3c000008020f33d75dd9ffcfL
  1; 20; 65;0x5dd9ffcf3c000008020f301785d7ffc0L
  1; 20; 66;0x85d7ffc03c000008020f3057c9f0ffc1L
  1; 20; 67;0xc9f0ffc13c000008020f3097a9ecffc2L
  1; 20; 68;0xa9ecffc23c000008020f30d7b9f2ffc3L
  1; 20; 69;0xb9f2ffc33c000008020f31179df0ffc4L
  1; 20; 70;0x9df0ffc43c000008020f3157a9f3ffc5L
  1; 20; 71;0xa9f3ffc53c000008020f3197a5d0ffc6L
  1; 20; 72;0xa5d0ffc63c000008020f31d7fdffff87L
  1; 20; 73;0xfdffff873c000008020f3217bdc5ffc8L
  1; 20; 74;0xbdc5ffc83c000008020f3257adf6ffc9L
  1; 20; 75;0xadf6ffc93c000008020f329771e6ffcaL
  1; 20; 76;0xbcbcbcbc3c000008020f3b1735d0ffdcL
  1; 20; 77;0x35d0ffdc3c000008020f3b5781e6ffddL
  1; 20; 78;0x81e6ffdd3c000008020f3b9771d7ffdeL
  1; 20; 79;0x71d7ffde3c000008020f3bd74ddaffdfL
  1; 20; 80;0x4ddaffdf3c000008020f381785d5ffd0L
  1; 20; 81;0x85d5ffd03c000008020f3857c9eeffd1L
  1; 20; 82;0xc9eeffd13c000008020f3897a9ecffd2L
  1; 20; 83;0xa9ecffd23c000008020f38d7b9f2ffd3L
  1; 20; 84;0xb9f2ffd33c000008020f391799eeffd4L
  1; 20; 85;0x99eeffd43c000008020f395791f3ffd5L
  1; 20; 86;0x91f3ffd53c000008020f399795caffd6L
  1; 20; 87;0x95caffd63c000008020f39d7fdffff97L
  1; 20; 88;0xfdffff973c000008020f3a17b1c2ffd8L
  1; 20; 89;0xb1c2ffd83c000008020f3a5791f5ffd9L
  1; 20; 90;0x91f5ffd93c000008020f3a976de5ffdaL
  1; 20; 91;0xbcbcbcbc3c000008020f2b171dc8ffecL
  1; 20; 92;0x1dc8ffec3c000008020f2b5785e5ffedL
  1; 20; 93;0x85e5ffed3c000008020f2b9761dbffeeL
  1; 20; 94;0x61dbffee3c000008020f2bd75ddfffefL
  1; 20; 95;0x5ddfffef3c000008020f001771d4ffe0L
  1; 20; 96;0x71d4ffe03c000008020f0057b9eeffe1L
  1; 20; 97;0xb9eeffe13c000008020f0097a9ebffe2L
  1; 20; 98;0xa9ebffe23c000008020f00d7bdf1ffe3L
  1; 20; 99;0xbdf1ffe33c000008020f011795edffe4L
  1; 20;100;0x95edffe43c000008020f015799f3ffe5L
  1; 20;101;0x99f3ffe53c000008020f019795cbffe6L
  1; 20;102;0x95cbffe63c000008020f29d7fdffffa7L
  1; 20;103;0xfdffffa73c000008020f2a17b1c7ffe8L
  1; 20;104;0xb1c7ffe83c000008020f2a5795f5ffe9L
  1; 20;105;0x95f5ffe93c000008020f2a9775e6ffeaL
  1; 20;106;0xbcbcbcbc3c000008020f33172dcefffcL
  1; 20;107;0x2dcefffc3c000008020f335789e7fffdL
  1; 20;108;0x89e7fffd3c000008020f339779d3fffeL
  1; 20;109;0x79d3fffe3c000008020f33d759d6ffffL
  1; 20;110;0x59d6ffff3c000008020f301785d4fff0L
  1; 20;111;0x85d4fff03c000008020f3057bdeefff1L
  1; 20;112;0xbdeefff13c000008020f3097a9ecfff2L
  1; 20;113;0xa9ecfff23c000008020f30d7bdf2fff3L
  1; 20;114;0xbdf2fff33c000008020f311795f2fff4L
  1; 20;115;0x95f2fff43c000008020f31579df3fff5L
  1; 20;116;0x9df3fff53c000008020f3197a5ccfff6L
  1; 20;117;0xa5ccfff63c000008020f31d7fdffffb7L
  1; 20;118;0xfdffffb73c000008020f3217b1c2fff8L
  1; 20;119;0xb1c2fff83c000008020f3257a1f4fff9L
  1; 20;120;0xa1f4fff93c000008020f329771e6fffaL
  1; 20;121;0xbcbcbcbc3c000008020f3b1755d5ffccL
  1; 20;122;0x55d5ffcc3c000008020f3b5795e9ffcdL
  1; 20;123;0x95e9ffcd3c000008020f3b9785dcffceL
  1; 20;124;0x85dcffce3c000008020f3bd769dbffcfL
  1; 20;125;0x69dbffcf3c000008020f381785d9ffc0L
  1; 20;126;0x85d9ffc03c000008020f3857cdefffc1L
  1; 20;127;0xcdefffc13c000008020f3897a9ecffc2L
  1; 20;128;0xa9ecffc23c000008020f38d7b9f2ffc3L
  1; 20;129;0xb9f2ffc33c000008020f3917a5efffc4L
  1; 20;130;0xa5efffc43c000008020f3957adf4ffc5L
  1; 20;131;0xadf4ffc53c000008020f3997a5d0ffc6L
  1; 20;132;0xa5d0ffc63c000008020f39d7fdffff87L
  1; 20;133;0xfdffff873c000008020f3a17c1c5ffc8L
  1; 20;134;0xc1c5ffc83c000008020f3a57adf6ffc9L
  1; 20;135;0xadf6ffc93c000008020f3a9775e6ffcaL
  1; 20;136;0xbcbcbcbc3c000008020f2b173dd2ffdcL
  1; 20;137;0x3dd2ffdc3c000008020f2b5789e7ffddL
  1; 20;138;0x89e7ffdd3c000008020f2b9779d7ffdeL
  1; 20;139;0x79d7ffde3c000008020f2bd755dcffdfL
  1; 20;140;0x55dcffdf3c000008020f001789daffd0L
  1; 20;141;0x89daffd03c000008020f0057cdeeffd1L
  1; 20;142;0xcdeeffd13c000008020f0097adecffd2L
  1; 20;143;0xadecffd23c000008020f00d7b9f2ffd3L
  1; 20;144;0xb9f2ffd33c000008020f0117a1f0ffd4L
  1; 20;145;0xa1f0ffd43c000008020f015795f4ffd5L
  1; 20;146;0x95f4ffd53c000008020f019795ccffd6L
  1; 20;147;0x95ccffd63c000008020f29d7fdffff97L
  1; 20;148;0xfdffff973c000008020f2a17b9c5ffd8L
  1; 20;149;0xb9c5ffd83c000008020f2a5795f3ffd9L
  1; 20;150;0x95f3ffd93c000008020f2a976de5ffdaL
  1; 20;151;0xbcbcbcbc3c000008020f33171dcbffecL
  1; 20;152;0x1dcbffec3c000008020f335785e7ffedL
  1; 20;153;0x85e7ffed3c000008020f33976dddffeeL
  1; 20;154;0x6dddffee3c000008020f33d765e0ffefL
  1; 20;155;0x65e0ffef3c000008020f301771d6ffe0L
  1; 20;156;0x71d6ffe03c000008020f3057b9eeffe1L
  1; 20;157;0xb9eeffe13c000008020f3097a5ebffe2L
  1; 20;158;0xa5ebffe23c000008020f30d7c1f2ffe3L
  1; 20;159;0xc1f2ffe33c000008020f31179df0ffe4L
  1; 20;160;0x9df0ffe43c000008020f315799f3ffe5L
  1; 20;161;0x99f3ffe53c000008020f31979dcdffe6L
  1; 20;162;0x9dcdffe63c000008020f31d7fdffffa7L
  1; 20;163;0xfdffffa73c000008020f3217b5c9ffe8L
  1; 20;164;0xb5c9ffe83c000008020f32579df6ffe9L
  1; 20;165;0x9df6ffe93c000008020f329779e6ffeaL
  1; 20;166;0xbcbcbcbc3c000008020f3b1731ccfffcL
  1; 20;167;0x31ccfffc3c000008020f3b578de6fffdL
  1; 20;168;0x8de6fffd3c000008020f3b9775d4fffeL
  1; 20;169;0x75d4fffe3c000008020f3bd75dd4ffffL
  1; 20;170;0x5dd4ffff3c000008020f381781d3fff0L
  1; 20;171;0x81d3fff03c000008020f3857bdeefff1L
  1; 20;172;0xbdeefff13c000008020f3897a9ebfff2L
  1; 20;173;0xa9ebfff23c000008020f38d7c1f2fff3L
  1; 20;174;0xc1f2fff33c000008020f39178df1fff4L
  1; 20;175;0x8df1fff43c000008020f395799f3fff5L
  1; 20;176;0x99f3fff53c000008020f3997a1ccfff6L
  1; 20;177;0xa1ccfff63c000008020f39d7fdffffb7L
  1; 20;178;0xfdffffb73c000008020f3a17b1c1fff8L
  1; 20;179;0xb1c1fff83c000008020f3a57a1f4fff9L
  1; 20;180;0xa1f4fff93c000008020f3a9771e6fffaL
  1; 20;181;0xbcbcbcbc3c000008020f2b1749d3ffccL
  1; 20;182;0x49d3ffcc3c000008020f2b578de8ffcdL
  1; 20;183;0x8de8ffcd3c000008020f2b9785ddffceL
  1; 20;184;0x85ddffce3c000008020f2bd75ddbffcfL
  1; 20;185;0x5ddbffcf3c000008020f001785d8ffc0L
  1; 20;186;0x85d8ffc03c000008020f0057c9efffc1L
  1; 20;187;0xc9efffc13c000008020f0097a9ecffc2L
  1; 20;188;0xa9ecffc23c000008020f00d7b9f2ffc3L
  1; 20;189;0xb9f2ffc33c000008020f0117a5f0ffc4L
  1; 20;190;0xa5f0ffc43c000008020f0157adf4ffc5L
  1; 20;191;0xadf4ffc53c000008020f0197a1ceffc6L
  1; 20;192;0xa1ceffc63c000008020f29d7f9ffff87L
  1; 20;193;0xf9ffff873c000008020f2a17b5c4ffc8L
  1; 20;194;0xb5c4ffc83c000008020f2a57adf6ffc9L
  1; 20;195;0xadf6ffc93c000008020f2a9775e5ffcaL
  1; 20;196;0xbcbcbcbc3c000008020f33173dd3ffdcL
  1; 20;197;0x3dd3ffdc3c000008020f335791e7ffddL
  1; 20;198;0x91e7ffdd3c000008020f33977ddaffdeL
  1; 20;199;0x7ddaffde3c000008020f33d759deffdfL
  1; 20;200;0x59deffdf3c000008020f301789d9ffd0L
  1; 20;201;0x89d9ffd03c000008020f3057cdeeffd1L
  1; 20;202;0xcdeeffd13c000008020f3097a9ecffd2L
  1; 20;203;0xa9ecffd23c000008020f30d7bdf2ffd3L
  1; 20;204;0xbdf2ffd33c000008020f3117a9f1ffd4L
  1; 20;205;0xa9f1ffd43c000008020f315799f4ffd5L
  1; 20;206;0x99f4ffd53c000008020f319799cbffd6L
  1; 20;207;0x99cbffd63c000008020f31d7fdffff97L
  1; 20;208;0xfdffff973c000008020f3217b9c7ffd8L
  1; 20;209;0xb9c7ffd83c000008020f32579df5ffd9L
  1; 20;210;0x9df5ffd93c000008020f329775e5ffdaL
  1; 20;211;0xbcbcbcbc3c000008020f3b171dcbffecL
  1; 20;212;0x1dcbffec3c000008020f3b5789e5ffedL
  1; 20;213;0x89e5ffed3c000008020f3b9769dbffeeL
  1; 20;214;0x69dbffee3c000008020f3bd761deffefL
  1; 20;215;0x61deffef3c000008020f381771d4ffe0L
  1; 20;216;0x71d4ffe03c000008020f3857b9edffe1L
  1; 20;217;0xb9edffe13c000008020f3897a5ebffe2L
  1; 20;218;0xa5ebffe23c000008020f38d7c1f2ffe3L
  1; 20;219;0xc1f2ffe33c000008020f391799eeffe4L
  1; 20;220;0x99eeffe43c000008020f395795f4ffe5L
  1; 20;221;0x95f4ffe53c000008020f399799ccffe6L
  1; 20;222;0x99ccffe63c000008020f39d7fdffffa7L
  1; 20;223;0xfdffffa73c000008020f3a17b5c8ffe8L
  1; 20;224;0xb5c8ffe83c000008020f3a579df5ffe9L
  1; 20;225;0x9df5ffe93c000008020f3a9779e6ffeaL
  1; 20;226;0xbcbcbcbc3c000008020f2b1729cdfffcL
  1; 20;227;0x29cdfffc3c000008020f2b5785e5fffdL
  1; 20;228;0x85e5fffd3c000008020f2b9775d4fffeL
  1; 20;229;0x75d4fffe3c000008020f2bd759d2ffffL
  1; 20;230;0x59d2ffff3c000008020f001779d1fff0L
  1; 20;231;0x79d1fff03c000008020f0057bdedfff1L
  1; 20;232;0xbdedfff13c000008020f0097a5ecfff2L
  1; 20;233;0xa5ecfff23c000008020f00d7bdf1fff3L
  1; 20;234;0xbdf1fff33c000008020f011789f0fff4L
  1; 20;235;0x89f0fff43c000008020f015799f4fff5L
  1; 20;236;0x99f4fff53c000008020f01979dcbfff6L
  1; 20;237;0x9dcbfff63c000008020f29d7f5ffffb7L
  1; 20;238;0xf5ffffb73c000008020f2a17a9c0fff8L
  1; 20;239;0xa9c0fff83c000008020f2a5795f3fff9L
  1; 20;240;0x95f3fff93c000008020f2a976de6fffaL
  1; 20;241;0xbcbcbcbc3c000008020f331749d2ffccL
  1; 20;242;0x49d2ffcc3c000008020f33578de7ffcdL
  1; 20;243;0x8de7ffcd3c000008020f33977ddcffceL
  1; 20;244;0x7ddcffce3c000008020f33d761d9ffcfL
  1; 20;245;0x61d9ffcf3c000008020f301781d6ffc0L
  1; 20;246;0x81d6ffc03c000008020f3057c9eeffc1L
  1; 20;247;0xc9eeffc13c000008020f3097a5ecffc2L
  1; 20;248;0xa5ecffc23c000008020f30d7b5f2ffc3L
  1; 20;249;0xb5f2ffc33c000008020f31179df0ffc4L
  1; 20;250;0x9df0ffc43c000008020f3157a9f4ffc5L
  1; 20;251;0xa9f4ffc53c000008020f3197a1cfffc6L
  1; 20;252;0xa1cfffc63c000008020f31d7f9ffff87L
  1; 20;253;0xf9ffff873c000008020f3217b9c2ffc8L
  1; 20;254;0xb9c2ffc83c000008020f3257a9f6ffc9L
  1; 20;255;0xa9f6ffc93c000008020f32976de5ffcaL
  1; 20;256;0xbcbcbcbc3c000008020f3b1745d1ffdcL
