Link ID; Channel ID; Line; Data 
  1; 15;  1;0xbcbcbcbc3c3f8008020f2195f96cfffcL
  1; 15;  2;0xf96cfffc3c3f8008020f21953566fffdL
  1; 15;  3;0x3566fffd3c3f8008020f21959562fffeL
  1; 15;  4;0x9562fffe3c3f8008020f21953175ffffL
  1; 15;  5;0x3175ffff3c3f8008020f21958d55fff0L
  1; 15;  6;0x8d55fff03c3f8008020f21955d7bfff1L
  1; 15;  7;0x5d7bfff13c3f8008020f2195917afff2L
  1; 15;  8;0x917afff23c3f8008020f2195855dfff3L
  1; 15;  9;0x855dfff33c3f8008020f2195c59bfff4L
  1; 15; 10;0xc59bfff43c3f8008020f21953598fff5L
  1; 15; 11;0x3598fff53c3f8008020f2195dd83fff6L
  1; 15; 12;0xdd83fff63c3f8008020f2194ed5bfff7L
  1; 15; 13;0xed5bfff73c3f8008020f2195cd61fff8L
  1; 15; 14;0xcd61fff83c3f8008020f2194b585fff9L
  1; 15; 15;0xb585fff93c3f8008020f2195c58efffaL
  1; 15; 16;0xbcbcbcbc3c3fa008020f01960572ffccL
  1; 15; 17;0x572ffcc3c3fa008020f01954d6dffcdL
  1; 15; 18;0x4d6dffcd3c3fa008020f0195956affceL
  1; 15; 19;0x956affce3c3fa008020f0195497affcfL
  1; 15; 20;0x497affcf3c3fa008020f01959161ffc0L
  1; 15; 21;0x9161ffc03c3fa008020f01958d7affc1L
  1; 15; 22;0x8d7affc13c3fa008020f01959585ffc2L
  1; 15; 23;0x9585ffc23c3fa008020f0195c165ffc3L
  1; 15; 24;0xc165ffc33c3fa008020f0195f19dffc4L
  1; 15; 25;0xf19dffc43c3fa008020f0195559affc5L
  1; 15; 26;0x559affc53c3fa008020f01960189ffc6L
  1; 15; 27;0x189ffc63c3fa008020f01950161ffc7L
  1; 15; 28;0x161ffc73c3fa008020f0195e160ffc8L
  1; 15; 29;0xe160ffc83c3fa008020f0194e188ffc9L
  1; 15; 30;0xe188ffc93c3fa008020f0195e192ffcaL
  1; 15; 31;0xbcbcbcbc3c3fc008020f2195f569ffdcL
  1; 15; 32;0xf569ffdc3c3fc008020f21953170ffddL
  1; 15; 33;0x3170ffdd3c3fc008020f21958564ffdeL
  1; 15; 34;0x8564ffde3c3fc008020f2195217effdfL
  1; 15; 35;0x217effdf3c3fc008020f2195795dffd0L
  1; 15; 36;0x795dffd03c3fc008020f21957181ffd1L
  1; 15; 37;0x7181ffd13c3fc008020f2195a180ffd2L
  1; 15; 38;0xa180ffd23c3fc008020f21959d5fffd3L
  1; 15; 39;0x9d5fffd33c3fc008020f2195d59dffd4L
  1; 15; 40;0xd59dffd43c3fc008020f21955197ffd5L
  1; 15; 41;0x5197ffd53c3fc008020f2195e988ffd6L
  1; 15; 42;0xe988ffd63c3fc008020f21950559ffd7L
  1; 15; 43;0x559ffd73c3fc008020f2195d15cffd8L
  1; 15; 44;0xd15cffd83c3fc008020f2194ed88ffd9L
  1; 15; 45;0xed88ffd93c3fc008020f2195c593ffdaL
  1; 15; 46;0xbcbcbcbc3c3fe008020f0195e96dffecL
  1; 15; 47;0xe96dffec3c3fe008020f01953d6cffedL
  1; 15; 48;0x3d6cffed3c3fe008020f0195996dffeeL
  1; 15; 49;0x996dffee3c3fe008020f01952d78ffefL
  1; 15; 50;0x2d78ffef3c3fe008020f0195995fffe0L
  1; 15; 51;0x995fffe03c3fe008020f01957578ffe1L
  1; 15; 52;0x7578ffe13c3fe008020f0195917cffe2L
  1; 15; 53;0x917cffe23c3fe008020f0195955effe3L
  1; 15; 54;0x955effe33c3fe008020f0195c9a1ffe4L
  1; 15; 55;0xc9a1ffe43c3fe008020f01953599ffe5L
  1; 15; 56;0x3599ffe53c3fe008020f0195f587ffe6L
  1; 15; 57;0xf587ffe63c3fe008020f0194fd5cffe7L
  1; 15; 58;0xfd5cffe73c3fe008020f0195d560ffe8L
  1; 15; 59;0xd560ffe83c3fe008020f0194d985ffe9L
  1; 15; 60;0xd985ffe93c3fe008020f0195cd95ffeaL
  1; 15; 61;0xbcbcbcbc3c3c0008020f2196016dfffcL
  1; 15; 62;0x16dfffc3c3c0008020f21953d68fffdL
  1; 15; 63;0x3d68fffd3c3c0008020f21959d65fffeL
  1; 15; 64;0x9d65fffe3c3c0008020f21953d7bffffL
  1; 15; 65;0x3d7bffff3c3c0008020f21958d59fff0L
  1; 15; 66;0x8d59fff03c3c0008020f21956d7ffff1L
  1; 15; 67;0x6d7ffff13c3c0008020f2195997dfff2L
  1; 15; 68;0x997dfff23c3c0008020f21959161fff3L
  1; 15; 69;0x9161fff33c3c0008020f2195c99dfff4L
  1; 15; 70;0xc99dfff43c3c0008020f2195399afff5L
  1; 15; 71;0x399afff53c3c0008020f2195e585fff6L
  1; 15; 72;0xe585fff63c3c0008020f2194f95efff7L
  1; 15; 73;0xf95efff73c3c0008020f2195d163fff8L
  1; 15; 74;0xd163fff83c3c0008020f2194c988fff9L
  1; 15; 75;0xc988fff93c3c0008020f2195d190fffaL
  1; 15; 76;0xbcbcbcbc3c3c2008020f0196016dffccL
  1; 15; 77;0x16dffcc3c3c2008020f0195496affcdL
  1; 15; 78;0x496affcd3c3c2008020f01959167ffceL
  1; 15; 79;0x9167ffce3c3c2008020f01953578ffcfL
  1; 15; 80;0x3578ffcf3c3c2008020f01958d5dffc0L
  1; 15; 81;0x8d5dffc03c3c2008020f01958978ffc1L
  1; 15; 82;0x8978ffc13c3c2008020f01958983ffc2L
  1; 15; 83;0x8983ffc23c3c2008020f0195b561ffc3L
  1; 15; 84;0xb561ffc33c3c2008020f0195e19cffc4L
  1; 15; 85;0xe19cffc43c3c2008020f01954996ffc5L
  1; 15; 86;0x4996ffc53c3c2008020f0195e985ffc6L
  1; 15; 87;0xe985ffc63c3c2008020f0194f55dffc7L
  1; 15; 88;0xf55dffc73c3c2008020f0195d55dffc8L
  1; 15; 89;0xd55dffc83c3c2008020f0194dd85ffc9L
  1; 15; 90;0xdd85ffc93c3c2008020f0195d18fffcaL
  1; 15; 91;0xbcbcbcbc3c3c4008020f21960569ffdcL
  1; 15; 92;0x569ffdc3c3c4008020f21953971ffddL
  1; 15; 93;0x3971ffdd3c3c4008020f21958967ffdeL
  1; 15; 94;0x8967ffde3c3c4008020f21953183ffdfL
  1; 15; 95;0x3183ffdf3c3c4008020f21958162ffd0L
  1; 15; 96;0x8162ffd03c3c4008020f21957981ffd1L
  1; 15; 97;0x7981ffd13c3c4008020f2195a584ffd2L
  1; 15; 98;0xa584ffd23c3c4008020f2195ad61ffd3L
  1; 15; 99;0xad61ffd33c3c4008020f2195e1a2ffd4L
  1; 15;100;0xe1a2ffd43c3c4008020f21955d9dffd5L
  1; 15;101;0x5d9dffd53c3c4008020f2195f18bffd6L
  1; 15;102;0xf18bffd63c3c4008020f2195095bffd7L
  1; 15;103;0x95bffd73c3c4008020f2195e560ffd8L
  1; 15;104;0xe560ffd83c3c4008020f2194ed8bffd9L
  1; 15;105;0xed8bffd93c3c4008020f2195c597ffdaL
  1; 15;106;0xbcbcbcbc3c3c6008020f0195dd6bffecL
  1; 15;107;0xdd6bffec3c3c6008020f0195416bffedL
  1; 15;108;0x416bffed3c3c6008020f0195956cffeeL
  1; 15;109;0x956cffee3c3c6008020f01952978ffefL
  1; 15;110;0x2978ffef3c3c6008020f0195995fffe0L
  1; 15;111;0x995fffe03c3c6008020f01956d7bffe1L
  1; 15;112;0x6d7bffe13c3c6008020f0195917effe2L
  1; 15;113;0x917effe23c3c6008020f0195915cffe3L
  1; 15;114;0x915cffe33c3c6008020f0195c1a2ffe4L
  1; 15;115;0xc1a2ffe43c3c6008020f01952d99ffe5L
  1; 15;116;0x2d99ffe53c3c6008020f0195f585ffe6L
  1; 15;117;0xf585ffe63c3c6008020f0194f55affe7L
  1; 15;118;0xf55affe73c3c6008020f0195d160ffe8L
  1; 15;119;0xd160ffe83c3c6008020f0194d584ffe9L
  1; 15;120;0xd584ffe93c3c6008020f0195c994ffeaL
  1; 15;121;0xbcbcbcbc3c3c8008020f2195f56dfffcL
  1; 15;122;0xf56dfffc3c3c8008020f21953968fffdL
  1; 15;123;0x3968fffd3c3c8008020f21959966fffeL
  1; 15;124;0x9966fffe3c3c8008020f21953578ffffL
  1; 15;125;0x3578ffff3c3c8008020f21959159fff0L
  1; 15;126;0x9159fff03c3c8008020f2195657dfff1L
  1; 15;127;0x657dfff13c3c8008020f2195a17dfff2L
  1; 15;128;0xa17dfff23c3c8008020f21959160fff3L
  1; 15;129;0x9160fff33c3c8008020f2195cd9dfff4L
  1; 15;130;0xcd9dfff43c3c8008020f21953998fff5L
  1; 15;131;0x3998fff53c3c8008020f2195e587fff6L
  1; 15;132;0xe587fff63c3c8008020f2194f95efff7L
  1; 15;133;0xf95efff73c3c8008020f2195d562fff8L
  1; 15;134;0xd562fff83c3c8008020f2194c986fff9L
  1; 15;135;0xc986fff93c3c8008020f2195cd8ffffaL
  1; 15;136;0xbcbcbcbc3c3ca008020f01960970ffccL
  1; 15;137;0x970ffcc3c3ca008020f0195556dffcdL
  1; 15;138;0x556dffcd3c3ca008020f0195996affceL
  1; 15;139;0x996affce3c3ca008020f0195497bffcfL
  1; 15;140;0x497bffcf3c3ca008020f01959561ffc0L
  1; 15;141;0x9561ffc03c3ca008020f01958d7effc1L
  1; 15;142;0x8d7effc13c3ca008020f01959983ffc2L
  1; 15;143;0x9983ffc23c3ca008020f0195b965ffc3L
  1; 15;144;0xb965ffc33c3ca008020f0195f99effc4L
  1; 15;145;0xf99effc43c3ca008020f0195559affc5L
  1; 15;146;0x559affc53c3ca008020f0195f98affc6L
  1; 15;147;0xf98affc63c3ca008020f0195015fffc7L
  1; 15;148;0x15fffc73c3ca008020f0195e15fffc8L
  1; 15;149;0xe15fffc83c3ca008020f0194e988ffc9L
  1; 15;150;0xe988ffc93c3ca008020f0195dd92ffcaL
  1; 15;151;0xbcbcbcbc3c3cc008020f2195f168ffdcL
  1; 15;152;0xf168ffdc3c3cc008020f2195316dffddL
  1; 15;153;0x316dffdd3c3cc008020f21958566ffdeL
  1; 15;154;0x8566ffde3c3cc008020f2195257effdfL
  1; 15;155;0x257effdf3c3cc008020f2195795dffd0L
  1; 15;156;0x795dffd03c3cc008020f2195717effd1L
  1; 15;157;0x717effd13c3cc008020f2195a17fffd2L
  1; 15;158;0xa17fffd23c3cc008020f2195a55fffd3L
  1; 15;159;0xa55fffd33c3cc008020f2195dd9cffd4L
  1; 15;160;0xdd9cffd43c3cc008020f21955599ffd5L
  1; 15;161;0x5599ffd53c3cc008020f2195f588ffd6L
  1; 15;162;0xf588ffd63c3cc008020f21950558ffd7L
  1; 15;163;0x558ffd73c3cc008020f2195d95fffd8L
  1; 15;164;0xd95fffd83c3cc008020f2194ed88ffd9L
  1; 15;165;0xed88ffd93c3cc008020f2195c594ffdaL
  1; 15;166;0xbcbcbcbc3c3ce008020f0195f171ffecL
  1; 15;167;0xf171ffec3c3ce008020f0195416fffedL
  1; 15;168;0x416fffed3c3ce008020f0195996fffeeL
  1; 15;169;0x996fffee3c3ce008020f01952d7bffefL
  1; 15;170;0x2d7bffef3c3ce008020f0195a960ffe0L
  1; 15;171;0xa960ffe03c3ce008020f0195857bffe1L
  1; 15;172;0x857bffe13c3ce008020f01959580ffe2L
  1; 15;173;0x9580ffe23c3ce008020f01959962ffe3L
  1; 15;174;0x9962ffe33c3ce008020f0195d1a2ffe4L
  1; 15;175;0xd1a2ffe43c3ce008020f0195499cffe5L
  1; 15;176;0x499cffe53c3ce008020f0195f988ffe6L
  1; 15;177;0xf988ffe63c3ce008020f0195015dffe7L
  1; 15;178;0x15dffe73c3ce008020f0195dd63ffe8L
  1; 15;179;0xdd63ffe83c3ce008020f0194e188ffe9L
  1; 15;180;0xe188ffe93c3ce008020f0195d196ffeaL
  1; 15;181;0xbcbcbcbc3c3d0008020f2195f16afffcL
  1; 15;182;0xf16afffc3c3d0008020f21953165fffdL
  1; 15;183;0x3165fffd3c3d0008020f21959963fffeL
  1; 15;184;0x9963fffe3c3d0008020f21953176ffffL
  1; 15;185;0x3176ffff3c3d0008020f21958555fff0L
  1; 15;186;0x8555fff03c3d0008020f21955d7afff1L
  1; 15;187;0x5d7afff13c3d0008020f2195957efff2L
  1; 15;188;0x957efff23c3d0008020f2195895dfff3L
  1; 15;189;0x895dfff33c3d0008020f2195cd9dfff4L
  1; 15;190;0xcd9dfff43c3d0008020f21953997fff5L
  1; 15;191;0x3997fff53c3d0008020f2195e182fff6L
  1; 15;192;0xe182fff63c3d0008020f2194f15cfff7L
  1; 15;193;0xf15cfff73c3d0008020f2195c960fff8L
  1; 15;194;0xc960fff83c3d0008020f2194bd84fff9L
  1; 15;195;0xbd84fff93c3d0008020f2195c58ffffaL
  1; 15;196;0xbcbcbcbc3c3d2008020f0195f56effccL
  1; 15;197;0xf56effcc3c3d2008020f01954d69ffcdL
  1; 15;198;0x4d69ffcd3c3d2008020f0195916affceL
  1; 15;199;0x916affce3c3d2008020f01953579ffcfL
  1; 15;200;0x3579ffcf3c3d2008020f0195815effc0L
  1; 15;201;0x815effc03c3d2008020f0195897bffc1L
  1; 15;202;0x897bffc13c3d2008020f01958981ffc2L
  1; 15;203;0x8981ffc23c3d2008020f0195bd63ffc3L
  1; 15;204;0xbd63ffc33c3d2008020f0195e59bffc4L
  1; 15;205;0xe59bffc43c3d2008020f01954d96ffc5L
  1; 15;206;0x4d96ffc53c3d2008020f0195f186ffc6L
  1; 15;207;0xf186ffc63c3d2008020f0195015fffc7L
  1; 15;208;0x15fffc73c3d2008020f0195dd5cffc8L
  1; 15;209;0xdd5cffc83c3d2008020f0194e586ffc9L
  1; 15;210;0xe586ffc93c3d2008020f0195d991ffcaL
  1; 15;211;0xbcbcbcbc3c3d4008020f2195f56affdcL
  1; 15;212;0xf56affdc3c3d4008020f21953170ffddL
  1; 15;213;0x3170ffdd3c3d4008020f21958564ffdeL
  1; 15;214;0x8564ffde3c3d4008020f2195297effdfL
  1; 15;215;0x297effdf3c3d4008020f21957d60ffd0L
  1; 15;216;0x7d60ffd03c3d4008020f21957180ffd1L
  1; 15;217;0x7180ffd13c3d4008020f2195a581ffd2L
  1; 15;218;0xa581ffd23c3d4008020f2195a95fffd3L
  1; 15;219;0xa95fffd33c3d4008020f2195d9a0ffd4L
  1; 15;220;0xd9a0ffd43c3d4008020f21955599ffd5L
  1; 15;221;0x5599ffd53c3d4008020f2195ed87ffd6L
  1; 15;222;0xed87ffd63c3d4008020f21950559ffd7L
  1; 15;223;0x559ffd73c3d4008020f2195d95dffd8L
  1; 15;224;0xd95dffd83c3d4008020f2194ed88ffd9L
  1; 15;225;0xed88ffd93c3d4008020f2195c193ffdaL
  1; 15;226;0xbcbcbcbc3c3d6008020f0195e16bffecL
  1; 15;227;0xe16bffec3c3d6008020f0195416bffedL
  1; 15;228;0x416bffed3c3d6008020f0195916cffeeL
  1; 15;229;0x916cffee3c3d6008020f01952576ffefL
  1; 15;230;0x2576ffef3c3d6008020f0195995dffe0L
  1; 15;231;0x995dffe03c3d6008020f01957178ffe1L
  1; 15;232;0x7178ffe13c3d6008020f01958d7dffe2L
  1; 15;233;0x8d7dffe23c3d6008020f01958d5effe3L
  1; 15;234;0x8d5effe33c3d6008020f0195c5a1ffe4L
  1; 15;235;0xc5a1ffe43c3d6008020f01953197ffe5L
  1; 15;236;0x3197ffe53c3d6008020f0195f185ffe6L
  1; 15;237;0xf185ffe63c3d6008020f0194f159ffe7L
  1; 15;238;0xf159ffe73c3d6008020f0195d15fffe8L
  1; 15;239;0xd15fffe83c3d6008020f0194d583ffe9L
  1; 15;240;0xd583ffe93c3d6008020f0195cd93ffeaL
  1; 15;241;0xbcbcbcbc3c3d8008020f2196016efffcL
  1; 15;242;0x16efffc3c3d8008020f21953568fffdL
  1; 15;243;0x3568fffd3c3d8008020f2195a165fffeL
  1; 15;244;0xa165fffe3c3d8008020f21953979ffffL
  1; 15;245;0x3979ffff3c3d8008020f21959159fff0L
  1; 15;246;0x9159fff03c3d8008020f2195657cfff1L
  1; 15;247;0x657cfff13c3d8008020f2195a57cfff2L
  1; 15;248;0xa57cfff23c3d8008020f2195915efff3L
  1; 15;249;0x915efff33c3d8008020f2195d19afff4L
  1; 15;250;0xd19afff43c3d8008020f21953998fff5L
  1; 15;251;0x3998fff53c3d8008020f2195e983fff6L
  1; 15;252;0xe983fff63c3d8008020f2194f15cfff7L
  1; 15;253;0xf15cfff73c3d8008020f2195d562fff8L
  1; 15;254;0xd562fff83c3d8008020f2194c587fff9L
  1; 15;255;0xc587fff93c3d8008020f2195cd8ffffaL
  1; 15;256;0xbcbcbcbc3c3da008020f0195f56dffccL
  1; 16;  1;0xbcbcbcbc3c3f0008020f21950d60fffcL
  1; 16;  2;0xd60fffc3c3f0008020f21947128fffdL
  1; 16;  3;0x7128fffd3c3f0008020f2194f55ffffeL
  1; 16;  4;0xf55ffffe3c3f0008020f21940d09ffffL
  1; 16;  5;0xd09ffff3c3f0008020f21940934fff0L
  1; 16;  6;0x934fff03c3f0008020f21948d5afff1L
  1; 16;  7;0x8d5afff13c3f0008020f2195353ffff2L
  1; 16;  8;0x353ffff23c3f0008020f2194f17bfff3L
  1; 16;  9;0xf17bfff33c3f0008020f2195696dfff4L
  1; 16; 10;0x696dfff43c3f0008020f2194cd6cffb5L
  1; 16; 11;0xcd6cffb53c3f0008020f21956542fff6L
  1; 16; 12;0x6542fff63c3f0008020f2194b96cfff7L
  1; 16; 13;0xb96cfff73c3f0008020f21944d20fff8L
  1; 16; 14;0x4d20fff83c3f0008020f2194c133fff9L
  1; 16; 15;0xc133fff93c3f0008020f21946539fffaL
  1; 16; 16;0xbcbcbcbc3c3f2008020f01951566ffccL
  1; 16; 17;0x1566ffcc3c3f2008020f0194812dffcdL
  1; 16; 18;0x812dffcd3c3f2008020f0195095affceL
  1; 16; 19;0x95affce3c3f2008020f01941102ffcfL
  1; 16; 20;0x1102ffcf3c3f2008020f01941133ffc0L
  1; 16; 21;0x1133ffc03c3f2008020f01949d5effc1L
  1; 16; 22;0x9d5effc13c3f2008020f01953d3effc2L
  1; 16; 23;0x3d3effc23c3f2008020f0195097cffc3L
  1; 16; 24;0x97cffc33c3f2008020f01956d72ffc4L
  1; 16; 25;0x6d72ffc43c3f2008020f0194d56dffc5L
  1; 16; 26;0xd56dffc53c3f2008020f0195614affc6L
  1; 16; 27;0x614affc63c3f2008020f0194ad6affc7L
  1; 16; 28;0xad6affc73c3f2008020f01946121ffc8L
  1; 16; 29;0x6121ffc83c3f2008020f0194cd2dffc9L
  1; 16; 30;0xcd2dffc93c3f2008020f01946938ffcaL
  1; 16; 31;0xbcbcbcbc3c3f4008020f21950960ffdcL
  1; 16; 32;0x960ffdc3c3f4008020f21947528ffddL
  1; 16; 33;0x7528ffdd3c3f4008020f2194f55effdeL
  1; 16; 34;0xf55effde3c3f4008020f21940105ffdfL
  1; 16; 35;0x105ffdf3c3f4008020f21941931ffd0L
  1; 16; 36;0x1931ffd03c3f4008020f21947559ffd1L
  1; 16; 37;0x7559ffd13c3f4008020f21954d3cffd2L
  1; 16; 38;0x4d3cffd23c3f4008020f2194ed78ffd3L
  1; 16; 39;0xed78ffd33c3f4008020f2195616dffd4L
  1; 16; 40;0x616dffd43c3f4008020f2194c169ffd5L
  1; 16; 41;0xc169ffd53c3f4008020f21954948ffd6L
  1; 16; 42;0x4948ffd63c3f4008020f2194b566ffd7L
  1; 16; 43;0xb566ffd73c3f4008020f21944520ffd8L
  1; 16; 44;0x4520ffd83c3f4008020f2194c132ffd9L
  1; 16; 45;0xc132ffd93c3f4008020f2194653affdaL
  1; 16; 46;0xbcbcbcbc3c3f6008020f01950d64ffecL
  1; 16; 47;0xd64ffec3c3f6008020f0194792bffedL
  1; 16; 48;0x792bffed3c3f6008020f01950d5fffeeL
  1; 16; 49;0xd5fffee3c3f6008020f01940903ffefL
  1; 16; 50;0x903ffef3c3f6008020f0193f134ffe0L
  1; 16; 51;0xf134ffe03c3f6008020f0194755fffe1L
  1; 16; 52;0x755fffe13c3f6008020f01953d3dffe2L
  1; 16; 53;0x3d3dffe23c3f6008020f01950979ffe3L
  1; 16; 54;0x979ffe33c3f6008020f01958572ffe4L
  1; 16; 55;0x8572ffe43c3f6008020f0194cd6cffa5L
  1; 16; 56;0xcd6cffa53c3f6008020f01956947ffe6L
  1; 16; 57;0x6947ffe63c3f6008020f0194bd6bffe7L
  1; 16; 58;0xbd6bffe73c3f6008020f01945d20ffe8L
  1; 16; 59;0x5d20ffe83c3f6008020f0194b52effe9L
  1; 16; 60;0xb52effe93c3f6008020f0194713affeaL
  1; 16; 61;0xbcbcbcbc3c3f8008020f21950960fffcL
  1; 16; 62;0x960fffc3c3f8008020f21946d27fffdL
  1; 16; 63;0x6d27fffd3c3f8008020f2194f15efffeL
  1; 16; 64;0xf15efffe3c3f8008020f21940908ffffL
  1; 16; 65;0x908ffff3c3f8008020f21940d33fff0L
  1; 16; 66;0xd33fff03c3f8008020f2194915bfff1L
  1; 16; 67;0x915bfff13c3f8008020f2195353efff2L
  1; 16; 68;0x353efff23c3f8008020f2194f97afff3L
  1; 16; 69;0xf97afff33c3f8008020f21956d6cfff4L
  1; 16; 70;0x6d6cfff43c3f8008020f2194cd6cffb5L
  1; 16; 71;0xcd6cffb53c3f8008020f21955d43fff6L
  1; 16; 72;0x5d43fff63c3f8008020f2194ad6bfff7L
  1; 16; 73;0xad6bfff73c3f8008020f21944d22fff8L
  1; 16; 74;0x4d22fff83c3f8008020f2194bd31fff9L
  1; 16; 75;0xbd31fff93c3f8008020f21945d3bfffaL
  1; 16; 76;0xbcbcbcbc3c3fa008020f01951166ffccL
  1; 16; 77;0x1166ffcc3c3fa008020f0194752bffcdL
  1; 16; 78;0x752bffcd3c3fa008020f01950958ffceL
  1; 16; 79;0x958ffce3c3fa008020f01941102ffcfL
  1; 16; 80;0x1102ffcf3c3fa008020f01940931ffc0L
  1; 16; 81;0x931ffc03c3fa008020f01948d5dffc1L
  1; 16; 82;0x8d5dffc13c3fa008020f0195353cffc2L
  1; 16; 83;0x353cffc23c3fa008020f0195057cffc3L
  1; 16; 84;0x57cffc33c3fa008020f01956573ffc4L
  1; 16; 85;0x6573ffc43c3fa008020f0194d56bff85L
  1; 16; 86;0xd56bff853c3fa008020f01955d48ffc6L
  1; 16; 87;0x5d48ffc63c3fa008020f0194a56affc7L
  1; 16; 88;0xa56affc73c3fa008020f01945d20ffc8L
  1; 16; 89;0x5d20ffc83c3fa008020f0194d12dffc9L
  1; 16; 90;0xd12dffc93c3fa008020f01946936ffcaL
  1; 16; 91;0xbcbcbcbc3c3fc008020f21951963ffdcL
  1; 16; 92;0x1963ffdc3c3fc008020f2194892bffddL
  1; 16; 93;0x892bffdd3c3fc008020f21950961ffdeL
  1; 16; 94;0x961ffde3c3fc008020f21940d0bffdfL
  1; 16; 95;0xd0bffdf3c3fc008020f21942134ffd0L
  1; 16; 96;0x2134ffd03c3fc008020f2194815fffd1L
  1; 16; 97;0x815fffd13c3fc008020f21955143ffd2L
  1; 16; 98;0x5143ffd23c3fc008020f2195017dffd3L
  1; 16; 99;0x17dffd33c3fc008020f21957170ffd4L
  1; 16;100;0x7170ffd43c3fc008020f2194cd6dffd5L
  1; 16;101;0xcd6dffd53c3fc008020f2195554affd6L
  1; 16;102;0x554affd63c3fc008020f2194b969ffd7L
  1; 16;103;0xb969ffd73c3fc008020f21945522ffd8L
  1; 16;104;0x5522ffd83c3fc008020f2194c935ffd9L
  1; 16;105;0xc935ffd93c3fc008020f2194713dffdaL
  1; 16;106;0xbcbcbcbc3c3fe008020f01950161ffecL
  1; 16;107;0x161ffec3c3fe008020f01946d2affedL
  1; 16;108;0x6d2affed3c3fe008020f0195055dffeeL
  1; 16;109;0x55dffee3c3fe008020f01940103ffefL
  1; 16;110;0x103ffef3c3fe008020f0193e532ffe0L
  1; 16;111;0xe532ffe03c3fe008020f01946d5cffe1L
  1; 16;112;0x6d5cffe13c3fe008020f01953139ffe2L
  1; 16;113;0x3139ffe23c3fe008020f0194fd75ffe3L
  1; 16;114;0xfd75ffe33c3fe008020f0195716fffe4L
  1; 16;115;0x716fffe43c3fe008020f0194bd68ffa5L
  1; 16;116;0xbd68ffa53c3fe008020f01956145ffe6L
  1; 16;117;0x6145ffe63c3fe008020f0194b56affe7L
  1; 16;118;0xb56affe73c3fe008020f0194551fffe8L
  1; 16;119;0x551fffe83c3fe008020f0194b12bffe9L
  1; 16;120;0xb12bffe93c3fe008020f01946535ffeaL
  1; 16;121;0xbcbcbcbc3c3c0008020f21950960fffcL
  1; 16;122;0x960fffc3c3c0008020f2194752afffdL
  1; 16;123;0x752afffd3c3c0008020f2194f561fffeL
  1; 16;124;0xf561fffe3c3c0008020f21941108ffffL
  1; 16;125;0x1108ffff3c3c0008020f21941134fff0L
  1; 16;126;0x1134fff03c3c0008020f2194915cfff1L
  1; 16;127;0x915cfff13c3c0008020f21953541fff2L
  1; 16;128;0x3541fff23c3c0008020f2195057dfff3L
  1; 16;129;0x57dfff33c3c0008020f21956d6dfff4L
  1; 16;130;0x6d6dfff43c3c0008020f2194cd6dffb5L
  1; 16;131;0xcd6dffb53c3c0008020f21956543fff6L
  1; 16;132;0x6543fff63c3c0008020f2194b96cfff7L
  1; 16;133;0xb96cfff73c3c0008020f21944923fff8L
  1; 16;134;0x4923fff83c3c0008020f2194c934fff9L
  1; 16;135;0xc934fff93c3c0008020f2194613bfffaL
  1; 16;136;0xbcbcbcbc3c3c2008020f01951166ffccL
  1; 16;137;0x1166ffcc3c3c2008020f0194752bffcdL
  1; 16;138;0x752bffcd3c3c2008020f01950559ffceL
  1; 16;139;0x559ffce3c3c2008020f01941500ffcfL
  1; 16;140;0x1500ffcf3c3c2008020f01940932ffc0L
  1; 16;141;0x932ffc03c3c2008020f01948d5dffc1L
  1; 16;142;0x8d5dffc13c3c2008020f0195393affc2L
  1; 16;143;0x393affc23c3c2008020f0195097affc3L
  1; 16;144;0x97affc33c3c2008020f01956971ffc4L
  1; 16;145;0x6971ffc43c3c2008020f0194d56cffc5L
  1; 16;146;0xd56cffc53c3c2008020f01955d47ffc6L
  1; 16;147;0x5d47ffc63c3c2008020f0194ad6affc7L
  1; 16;148;0xad6affc73c3c2008020f01945d1dffc8L
  1; 16;149;0x5d1dffc83c3c2008020f0194c92cffc9L
  1; 16;150;0xc92cffc93c3c2008020f01946537ffcaL
  1; 16;151;0xbcbcbcbc3c3c4008020f21951163ffdcL
  1; 16;152;0x1163ffdc3c3c4008020f21948129ffddL
  1; 16;153;0x8129ffdd3c3c4008020f2195015fffdeL
  1; 16;154;0x15fffde3c3c4008020f21940508ffdfL
  1; 16;155;0x508ffdf3c3c4008020f21942133ffd0L
  1; 16;156;0x2133ffd03c3c4008020f2194795dffd1L
  1; 16;157;0x795dffd13c3c4008020f21955140ffd2L
  1; 16;158;0x5140ffd23c3c4008020f2194f979ffd3L
  1; 16;159;0xf979ffd33c3c4008020f21956d70ffd4L
  1; 16;160;0x6d70ffd43c3c4008020f2194cd6bff95L
  1; 16;161;0xcd6bff953c3c4008020f21955548ffd6L
  1; 16;162;0x5548ffd63c3c4008020f2194b967ffd7L
  1; 16;163;0xb967ffd73c3c4008020f21945120ffd8L
  1; 16;164;0x5120ffd83c3c4008020f2194c932ffd9L
  1; 16;165;0xc932ffd93c3c4008020f2194693cffdaL
  1; 16;166;0xbcbcbcbc3c3c6008020f01950964ffecL
  1; 16;167;0x964ffec3c3c6008020f0194752cffedL
  1; 16;168;0x752cffed3c3c6008020f01950960ffeeL
  1; 16;169;0x960ffee3c3c6008020f01940904ffefL
  1; 16;170;0x904ffef3c3c6008020f0193f133ffe0L
  1; 16;171;0xf133ffe03c3c6008020f01947961ffe1L
  1; 16;172;0x7961ffe13c3c6008020f01953d3dffe2L
  1; 16;173;0x3d3dffe23c3c6008020f01950d78ffe3L
  1; 16;174;0xd78ffe33c3c6008020f01957971ffe4L
  1; 16;175;0x7971ffe43c3c6008020f0194c96bffa5L
  1; 16;176;0xc96bffa53c3c6008020f01957146ffe6L
  1; 16;177;0x7146ffe63c3c6008020f0194ad6affe7L
  1; 16;178;0xad6affe73c3c6008020f01945920ffe8L
  1; 16;179;0x5920ffe83c3c6008020f0194b92effe9L
  1; 16;180;0xb92effe93c3c6008020f01946d37ffeaL
  1; 16;181;0xbcbcbcbc3c3c8008020f2194fd60fffcL
  1; 16;182;0xfd60fffc3c3c8008020f21946526fffdL
  1; 16;183;0x6526fffd3c3c8008020f2194e95efffeL
  1; 16;184;0xe95efffe3c3c8008020f21940907ffffL
  1; 16;185;0x907ffff3c3c8008020f21940531fff0L
  1; 16;186;0x531fff03c3c8008020f2194895afff1L
  1; 16;187;0x895afff13c3c8008020f21952541fff2L
  1; 16;188;0x2541fff23c3c8008020f2194f979fff3L
  1; 16;189;0xf979fff33c3c8008020f2195656cfff4L
  1; 16;190;0x656cfff43c3c8008020f2194cd6afff5L
  1; 16;191;0xcd6afff53c3c8008020f21955942fff6L
  1; 16;192;0x5942fff63c3c8008020f2194ad6bfff7L
  1; 16;193;0xad6bfff73c3c8008020f21943d1dfff8L
  1; 16;194;0x3d1dfff83c3c8008020f2194b931fff9L
  1; 16;195;0xb931fff93c3c8008020f21945938fffaL
  1; 16;196;0xbcbcbcbc3c3ca008020f01951168ffccL
  1; 16;197;0x1168ffcc3c3ca008020f0194792cffcdL
  1; 16;198;0x792cffcd3c3ca008020f01950d59ffceL
  1; 16;199;0xd59ffce3c3ca008020f01941104ffcfL
  1; 16;200;0x1104ffcf3c3ca008020f01940934ffc0L
  1; 16;201;0x934ffc03c3ca008020f0194915dffc1L
  1; 16;202;0x915dffc13c3ca008020f0195413dffc2L
  1; 16;203;0x413dffc23c3ca008020f01950d7bffc3L
  1; 16;204;0xd7bffc33c3ca008020f01957175ffc4L
  1; 16;205;0x7175ffc43c3ca008020f0194d16dffc5L
  1; 16;206;0xd16dffc53c3ca008020f0195654bffc6L
  1; 16;207;0x654bffc63c3ca008020f0194ad69ffc7L
  1; 16;208;0xad69ffc73c3ca008020f01946121ffc8L
  1; 16;209;0x6121ffc83c3ca008020f0194d12dffc9L
  1; 16;210;0xd12dffc93c3ca008020f01947138ffcaL
  1; 16;211;0xbcbcbcbc3c3cc008020f21950961ffdcL
  1; 16;212;0x961ffdc3c3cc008020f2194792affddL
  1; 16;213;0x792affdd3c3cc008020f2195015dffdeL
  1; 16;214;0x15dffde3c3cc008020f21940104ffdfL
  1; 16;215;0x104ffdf3c3cc008020f21941932ffd0L
  1; 16;216;0x1932ffd03c3cc008020f2194795affd1L
  1; 16;217;0x795affd13c3cc008020f2195513effd2L
  1; 16;218;0x513effd23c3cc008020f2194f577ffd3L
  1; 16;219;0xf577ffd33c3cc008020f2195616effd4L
  1; 16;220;0x616effd43c3cc008020f2194c568ff95L
  1; 16;221;0xc568ff953c3cc008020f21955549ffd6L
  1; 16;222;0x5549ffd63c3cc008020f2194b566ffd7L
  1; 16;223;0xb566ffd73c3cc008020f2194491effd8L
  1; 16;224;0x491effd83c3cc008020f2194c934ffd9L
  1; 16;225;0xc934ffd93c3cc008020f21946d39ffdaL
  1; 16;226;0xbcbcbcbc3c3ce008020f01950161ffecL
  1; 16;227;0x161ffec3c3ce008020f01947128ffedL
  1; 16;228;0x7128ffed3c3ce008020f0195015dffeeL
  1; 16;229;0x15dffee3c3ce008020f01940102ffefL
  1; 16;230;0x102ffef3c3ce008020f0193e131ffe0L
  1; 16;231;0xe131ffe03c3ce008020f01946d5effe1L
  1; 16;232;0x6d5effe13c3ce008020f0195313affe2L
  1; 16;233;0x313affe23c3ce008020f01950175ffe3L
  1; 16;234;0x175ffe33c3ce008020f0195796effe4L
  1; 16;235;0x796effe43c3ce008020f0194c167ffa5L
  1; 16;236;0xc167ffa53c3ce008020f01956146ffe6L
  1; 16;237;0x6146ffe63c3ce008020f0194b56affe7L
  1; 16;238;0xb56affe73c3ce008020f0194591dffe8L
  1; 16;239;0x591dffe83c3ce008020f0194ad2bffe9L
  1; 16;240;0xad2bffe93c3ce008020f01946136ffeaL
  1; 16;241;0xbcbcbcbc3c3d0008020f21950962fffcL
  1; 16;242;0x962fffc3c3d0008020f21946d28fffdL
  1; 16;243;0x6d28fffd3c3d0008020f2194f55efffeL
  1; 16;244;0xf55efffe3c3d0008020f21940909ffffL
  1; 16;245;0x909ffff3c3d0008020f21940d34fff0L
  1; 16;246;0xd34fff03c3d0008020f2194955afff1L
  1; 16;247;0x955afff13c3d0008020f21953d43fff2L
  1; 16;248;0x3d43fff23c3d0008020f2195017cfff3L
  1; 16;249;0x17cfff33c3d0008020f2195716efff4L
  1; 16;250;0x716efff43c3d0008020f2194cd6cfff5L
  1; 16;251;0xcd6cfff53c3d0008020f21955d42fff6L
  1; 16;252;0x5d42fff63c3d0008020f2194b56dfff7L
  1; 16;253;0xb56dfff73c3d0008020f21945122fff8L
  1; 16;254;0x5122fff83c3d0008020f2194c934fff9L
  1; 16;255;0xc934fff93c3d0008020f21946539fffaL
  1; 16;256;0xbcbcbcbc3c3d2008020f01950d66ffccL
  1; 17;  1;0x793affc33c3d2008020f0194a165ffc4L
  1; 17;  2;0xa165ffc43c3d2008020f0194ad71ffc5L
  1; 17;  3;0xad71ffc53c3d2008020f0195216fffc6L
  1; 17;  4;0x216fffc63c3d2008020f01952141ffc7L
  1; 17;  5;0x2141ffc73c3d2008020f01958d47ffc8L
  1; 17;  6;0x8d47ffc83c3d2008020f0194ad38ffc9L
  1; 17;  7;0xad38ffc93c3d2008020f0194b144ffcaL
  1; 17;  8;0xbcbcbcbc3c3d4008020f2194513affdcL
  1; 17;  9;0x513affdc3c3d4008020f2194493fffddL
  1; 17; 10;0x493fffdd3c3d4008020f2193cd06ffdeL
  1; 17; 11;0xcd06ffde3c3d4008020f219470fcffdfL
  1; 17; 12;0x70fcffdf3c3d4008020f2195013cffd0L
  1; 17; 13;0x13cffd03c3d4008020f21942532ffd1L
  1; 17; 14;0x2532ffd13c3d4008020f21951936ffd2L
  1; 17; 15;0x1936ffd23c3d4008020f21957539ffd3L
  1; 17; 16;0x7539ffd33c3d4008020f2194b55bffd4L
  1; 17; 17;0xb55bffd43c3d4008020f2194a979ffd5L
  1; 17; 18;0xa979ffd53c3d4008020f2195116cffd6L
  1; 17; 19;0x116cffd63c3d4008020f21951d42ffd7L
  1; 17; 20;0x1d42ffd73c3d4008020f21957d4dffd8L
  1; 17; 21;0x7d4dffd83c3d4008020f2194a137ffd9L
  1; 17; 22;0xa137ffd93c3d4008020f2194d545ffdaL
  1; 17; 23;0xbcbcbcbc3c3d6008020f0194813affecL
  1; 17; 24;0x813affec3c3d6008020f01945541ffedL
  1; 17; 25;0x5541ffed3c3d6008020f0193dd0affeeL
  1; 17; 26;0xdd0affee3c3d6008020f01945d03ffefL
  1; 17; 27;0x5d03ffef3c3d6008020f0194fd44ffe0L
  1; 17; 28;0xfd44ffe03c3d6008020f01944135ffe1L
  1; 17; 29;0x4135ffe13c3d6008020f0195393dffe2L
  1; 17; 30;0x393dffe23c3d6008020f0195953fffe3L
  1; 17; 31;0x953fffe33c3d6008020f0194b964ffe4L
  1; 17; 32;0xb964ffe43c3d6008020f01949578ffe5L
  1; 17; 33;0x9578ffe53c3d6008020f01953970ffe6L
  1; 17; 34;0x3970ffe63c3d6008020f01951d45ffe7L
  1; 17; 35;0x1d45ffe73c3d6008020f01958951ffe8L
  1; 17; 36;0x8951ffe83c3d6008020f0194a939ffe9L
  1; 17; 37;0xa939ffe93c3d6008020f0194c93effeaL
  1; 17; 38;0xbcbcbcbc3c3d8008020f2194713bfffcL
  1; 17; 39;0x713bfffc3c3d8008020f2194313bfffdL
  1; 17; 40;0x313bfffd3c3d8008020f2193d504fffeL
  1; 17; 41;0xd504fffe3c3d8008020f219454fcffffL
  1; 17; 42;0x54fcffff3c3d8008020f21950140fff0L
  1; 17; 43;0x140fff03c3d8008020f21942931fff1L
  1; 17; 44;0x2931fff13c3d8008020f21952134fff2L
  1; 17; 45;0x2134fff23c3d8008020f2195813afff3L
  1; 17; 46;0x813afff33c3d8008020f2194b55ffff4L
  1; 17; 47;0xb55ffff43c3d8008020f2194b575fff5L
  1; 17; 48;0xb575fff53c3d8008020f21951d6dfff6L
  1; 17; 49;0x1d6dfff63c3d8008020f21951d3dfff7L
  1; 17; 50;0x1d3dfff73c3d8008020f21957146fff8L
  1; 17; 51;0x7146fff83c3d8008020f2194a938fff9L
  1; 17; 52;0xa938fff93c3d8008020f2194c93cfffaL
  1; 17; 53;0xbcbcbcbc3c3da008020f01946d3affccL
  1; 17; 54;0x6d3affcc3c3da008020f01943d3bffcdL
  1; 17; 55;0x3d3bffcd3c3da008020f0193d507ffceL
  1; 17; 56;0xd507ffce3c3da008020f019464f8ffcfL
  1; 17; 57;0x64f8ffcf3c3da008020f0194f93effc0L
  1; 17; 58;0xf93effc03c3da008020f01942d30ffc1L
  1; 17; 59;0x2d30ffc13c3da008020f01952134ffc2L
  1; 17; 60;0x2134ffc23c3da008020f0195753affc3L
  1; 17; 61;0x753affc33c3da008020f0194a166ffc4L
  1; 17; 62;0xa166ffc43c3da008020f0194b172ffc5L
  1; 17; 63;0xb172ffc53c3da008020f0195156fffc6L
  1; 17; 64;0x156fffc63c3da008020f01951d3fffc7L
  1; 17; 65;0x1d3fffc73c3da008020f01958549ffc8L
  1; 17; 66;0x8549ffc83c3da008020f0194a937ffc9L
  1; 17; 67;0xa937ffc93c3da008020f0194b544ffcaL
  1; 17; 68;0xbcbcbcbc3c3dc008020f21944d3affdcL
  1; 17; 69;0x4d3affdc3c3dc008020f21944541ffddL
  1; 17; 70;0x4541ffdd3c3dc008020f2193c507ffdeL
  1; 17; 71;0xc507ffde3c3dc008020f21946cfdffdfL
  1; 17; 72;0x6cfdffdf3c3dc008020f2195013cffd0L
  1; 17; 73;0x13cffd03c3dc008020f21942930ffd1L
  1; 17; 74;0x2930ffd13c3dc008020f21951135ffd2L
  1; 17; 75;0x1135ffd23c3dc008020f21956d37ffd3L
  1; 17; 76;0x6d37ffd33c3dc008020f2194a15bffd4L
  1; 17; 77;0xa15bffd43c3dc008020f21949976ffd5L
  1; 17; 78;0x9976ffd53c3dc008020f2195096bffd6L
  1; 17; 79;0x96bffd63c3dc008020f21951d42ffd7L
  1; 17; 80;0x1d42ffd73c3dc008020f2195714bffd8L
  1; 17; 81;0x714bffd83c3dc008020f2194a136ffd9L
  1; 17; 82;0xa136ffd93c3dc008020f2194d546ffdaL
  1; 17; 83;0xbcbcbcbc3c3de008020f01947935ffecL
  1; 17; 84;0x7935ffec3c3de008020f01944940ffedL
  1; 17; 85;0x4940ffed3c3de008020f0193d908ffeeL
  1; 17; 86;0xd908ffee3c3de008020f01945502ffefL
  1; 17; 87;0x5502ffef3c3de008020f0194f142ffe0L
  1; 17; 88;0xf142ffe03c3de008020f01943935ffe1L
  1; 17; 89;0x3935ffe13c3de008020f01953139ffe2L
  1; 17; 90;0x3139ffe23c3de008020f0195953dffe3L
  1; 17; 91;0x953dffe33c3de008020f0194ad64ffe4L
  1; 17; 92;0xad64ffe43c3de008020f01948d78ffe5L
  1; 17; 93;0x8d78ffe53c3de008020f0195356effe6L
  1; 17; 94;0x356effe63c3de008020f01951544ffe7L
  1; 17; 95;0x1544ffe73c3de008020f0195814dffe8L
  1; 17; 96;0x814dffe83c3de008020f0194a938ffe9L
  1; 17; 97;0xa938ffe93c3de008020f0194c93dffeaL
  1; 17; 98;0xbcbcbcbc3c3e0008020f21947d3afffcL
  1; 17; 99;0x7d3afffc3c3e0008020f21942d39fffdL
  1; 17;100;0x2d39fffd3c3e0008020f2193d903fffeL
  1; 17;101;0xd903fffe3c3e0008020f21945d00ffffL
  1; 17;102;0x5d00ffff3c3e0008020f21950142fff0L
  1; 17;103;0x142fff03c3e0008020f21942d33fff1L
  1; 17;104;0x2d33fff13c3e0008020f21952535fff2L
  1; 17;105;0x2535fff23c3e0008020f21958939fff3L
  1; 17;106;0x8939fff33c3e0008020f2194b160fff4L
  1; 17;107;0xb160fff43c3e0008020f2194b977fff5L
  1; 17;108;0xb977fff53c3e0008020f21951d6efff6L
  1; 17;109;0x1d6efff63c3e0008020f21952140fff7L
  1; 17;110;0x2140fff73c3e0008020f21957146fff8L
  1; 17;111;0x7146fff83c3e0008020f2194a937fff9L
  1; 17;112;0xa937fff93c3e0008020f2194cd3efffaL
  1; 17;113;0xbcbcbcbc3c3e2008020f01946937ffccL
  1; 17;114;0x6937ffcc3c3e2008020f0194353cffcdL
  1; 17;115;0x353cffcd3c3e2008020f0193d508ffceL
  1; 17;116;0xd508ffce3c3e2008020f01946cf9ffcfL
  1; 17;117;0x6cf9ffcf3c3e2008020f0194f93effc0L
  1; 17;118;0xf93effc03c3e2008020f0194292fffc1L
  1; 17;119;0x292fffc13c3e2008020f01952136ffc2L
  1; 17;120;0x2136ffc23c3e2008020f0195793affc3L
  1; 17;121;0x793affc33c3e2008020f0194a166ffc4L
  1; 17;122;0xa166ffc43c3e2008020f0194a572ffc5L
  1; 17;123;0xa572ffc53c3e2008020f0195116effc6L
  1; 17;124;0x116effc63c3e2008020f01951d41ffc7L
  1; 17;125;0x1d41ffc73c3e2008020f01958949ffc8L
  1; 17;126;0x8949ffc83c3e2008020f0194a539ffc9L
  1; 17;127;0xa539ffc93c3e2008020f0194b944ffcaL
  1; 17;128;0xbcbcbcbc3c3e4008020f21945d3effdcL
  1; 17;129;0x5d3effdc3c3e4008020f21945143ffddL
  1; 17;130;0x5143ffdd3c3e4008020f2193e10bffdeL
  1; 17;131;0xe10bffde3c3e4008020f21947901ffdfL
  1; 17;132;0x7901ffdf3c3e4008020f21950d3dffd0L
  1; 17;133;0xd3dffd03c3e4008020f21943534ffd1L
  1; 17;134;0x3534ffd13c3e4008020f2195313affd2L
  1; 17;135;0x313affd23c3e4008020f2195793bffd3L
  1; 17;136;0x793bffd33c3e4008020f2194b55fffd4L
  1; 17;137;0xb55fffd43c3e4008020f2194ad7cffd5L
  1; 17;138;0xad7cffd53c3e4008020f21951970ffd6L
  1; 17;139;0x1970ffd63c3e4008020f21953148ffd7L
  1; 17;140;0x3148ffd73c3e4008020f21958150ffd8L
  1; 17;141;0x8150ffd83c3e4008020f2194b53bffd9L
  1; 17;142;0xb53bffd93c3e4008020f2194e54affdaL
  1; 17;143;0xbcbcbcbc3c3e6008020f01947937ffecL
  1; 17;144;0x7937ffec3c3e6008020f0194493fffedL
  1; 17;145;0x493fffed3c3e6008020f0193d108ffeeL
  1; 17;146;0xd108ffee3c3e6008020f01945900ffefL
  1; 17;147;0x5900ffef3c3e6008020f0194ed40ffe0L
  1; 17;148;0xed40ffe03c3e6008020f01943533ffe1L
  1; 17;149;0x3533ffe13c3e6008020f0195293bffe2L
  1; 17;150;0x293bffe23c3e6008020f0195893bffe3L
  1; 17;151;0x893bffe33c3e6008020f0194a963ffe4L
  1; 17;152;0xa963ffe43c3e6008020f01948977ffe5L
  1; 17;153;0x8977ffe53c3e6008020f0195356dffe6L
  1; 17;154;0x356dffe63c3e6008020f01951944ffe7L
  1; 17;155;0x1944ffe73c3e6008020f0195794dffe8L
  1; 17;156;0x794dffe83c3e6008020f01949d38ffe9L
  1; 17;157;0x9d38ffe93c3e6008020f0194c93bffeaL
  1; 17;158;0xbcbcbcbc3c3e8008020f2194713bfffcL
  1; 17;159;0x713bfffc3c3e8008020f2194313cfffdL
  1; 17;160;0x313cfffd3c3e8008020f2193d503fffeL
  1; 17;161;0xd503fffe3c3e8008020f219454fcffffL
  1; 17;162;0x54fcffff3c3e8008020f2195013ffff0L
  1; 17;163;0x13ffff03c3e8008020f21943133fff1L
  1; 17;164;0x3133fff13c3e8008020f21952536fff2L
  1; 17;165;0x2536fff23c3e8008020f21958939fff3L
  1; 17;166;0x8939fff33c3e8008020f2194b160fff4L
  1; 17;167;0xb160fff43c3e8008020f2194b572fff5L
  1; 17;168;0xb572fff53c3e8008020f2195216efff6L
  1; 17;169;0x216efff63c3e8008020f21951940fff7L
  1; 17;170;0x1940fff73c3e8008020f21957546fff8L
  1; 17;171;0x7546fff83c3e8008020f2194a536fff9L
  1; 17;172;0xa536fff93c3e8008020f2194c93efffaL
  1; 17;173;0xbcbcbcbc3c3ea008020f01947139ffccL
  1; 17;174;0x7139ffcc3c3ea008020f0194453dffcdL
  1; 17;175;0x453dffcd3c3ea008020f0193d909ffceL
  1; 17;176;0xd909ffce3c3ea008020f019468f7ffcfL
  1; 17;177;0x68f7ffcf3c3ea008020f0194f540ffc0L
  1; 17;178;0xf540ffc03c3ea008020f01943931ffc1L
  1; 17;179;0x3931ffc13c3ea008020f01952938ffc2L
  1; 17;180;0x2938ffc23c3ea008020f0195813cffc3L
  1; 17;181;0x813cffc33c3ea008020f0194a167ffc4L
  1; 17;182;0xa167ffc43c3ea008020f0194ad75ffc5L
  1; 17;183;0xad75ffc53c3ea008020f01951970ffc6L
  1; 17;184;0x1970ffc63c3ea008020f01952540ffc7L
  1; 17;185;0x2540ffc73c3ea008020f01958d49ffc8L
  1; 17;186;0x8d49ffc83c3ea008020f0194a939ffc9L
  1; 17;187;0xa939ffc93c3ea008020f0194bd46ffcaL
  1; 17;188;0xbcbcbcbc3c3ec008020f2194553bffdcL
  1; 17;189;0x553bffdc3c3ec008020f21944943ffddL
  1; 17;190;0x4943ffdd3c3ec008020f2193cd08ffdeL
  1; 17;191;0xcd08ffde3c3ec008020f219478feffdfL
  1; 17;192;0x78feffdf3c3ec008020f2195093dffd0L
  1; 17;193;0x93dffd03c3ec008020f21942d30ffd1L
  1; 17;194;0x2d30ffd13c3ec008020f21951d37ffd2L
  1; 17;195;0x1d37ffd23c3ec008020f2195713affd3L
  1; 17;196;0x713affd33c3ec008020f2194b15cffd4L
  1; 17;197;0xb15cffd43c3ec008020f2194a579ffd5L
  1; 17;198;0xa579ffd53c3ec008020f2195116dffd6L
  1; 17;199;0x116dffd63c3ec008020f21951d43ffd7L
  1; 17;200;0x1d43ffd73c3ec008020f2195854fffd8L
  1; 17;201;0x854fffd83c3ec008020f2194a138ffd9L
  1; 17;202;0xa138ffd93c3ec008020f2194d547ffdaL
  1; 17;203;0xbcbcbcbc3c3ee008020f0194913bffecL
  1; 17;204;0x913bffec3c3ee008020f01945543ffedL
  1; 17;205;0x5543ffed3c3ee008020f0193e10fffeeL
  1; 17;206;0xe10fffee3c3ee008020f01947106ffefL
  1; 17;207;0x7106ffef3c3ee008020f01950546ffe0L
  1; 17;208;0x546ffe03c3ee008020f01944139ffe1L
  1; 17;209;0x4139ffe13c3ee008020f0195393fffe2L
  1; 17;210;0x393fffe23c3ee008020f0195a141ffe3L
  1; 17;211;0xa141ffe33c3ee008020f0194b966ffe4L
  1; 17;212;0xb966ffe43c3ee008020f01949d7dffe5L
  1; 17;213;0x9d7dffe53c3ee008020f01954571ffe6L
  1; 17;214;0x4571ffe63c3ee008020f01952147ffe7L
  1; 17;215;0x2147ffe73c3ee008020f01958d51ffe8L
  1; 17;216;0x8d51ffe83c3ee008020f0194ad3bffe9L
  1; 17;217;0xad3bffe93c3ee008020f0194d941ffeaL
  1; 17;218;0xbcbcbcbc3c3f0008020f2194753dfffcL
  1; 17;219;0x753dfffc3c3f0008020f21942d3bfffdL
  1; 17;220;0x2d3bfffd3c3f0008020f2193d903fffeL
  1; 17;221;0xd903fffe3c3f0008020f21945cfcffffL
  1; 17;222;0x5cfcffff3c3f0008020f21950542fff0L
  1; 17;223;0x542fff03c3f0008020f21943133fff1L
  1; 17;224;0x3133fff13c3f0008020f21952537fff2L
  1; 17;225;0x2537fff23c3f0008020f2195893afff3L
  1; 17;226;0x893afff33c3f0008020f2194b160fff4L
  1; 17;227;0xb160fff43c3f0008020f2194b578fff5L
  1; 17;228;0xb578fff53c3f0008020f21951d70fff6L
  1; 17;229;0x1d70fff63c3f0008020f21951d42fff7L
  1; 17;230;0x1d42fff73c3f0008020f21957946fff8L
  1; 17;231;0x7946fff83c3f0008020f2194ad37fff9L
  1; 17;232;0xad37fff93c3f0008020f2194d13dfffaL
  1; 17;233;0xbcbcbcbc3c3f2008020f0194793fffccL
  1; 17;234;0x793fffcc3c3f2008020f0194453dffcdL
  1; 17;235;0x453dffcd3c3f2008020f0193dd09ffceL
  1; 17;236;0xdd09ffce3c3f2008020f019478fcffcfL
  1; 17;237;0x78fcffcf3c3f2008020f0194fd42ffc0L
  1; 17;238;0xfd42ffc03c3f2008020f01943133ffc1L
  1; 17;239;0x3133ffc13c3f2008020f01952937ffc2L
  1; 17;240;0x2937ffc23c3f2008020f0195893cffc3L
  1; 17;241;0x893cffc33c3f2008020f0194ad6affc4L
  1; 17;242;0xad6affc43c3f2008020f0194b576ffc5L
  1; 17;243;0xb576ffc53c3f2008020f01951d70ffc6L
  1; 17;244;0x1d70ffc63c3f2008020f01952141ffc7L
  1; 17;245;0x2141ffc73c3f2008020f0195954bffc8L
  1; 17;246;0x954bffc83c3f2008020f0194b13affc9L
  1; 17;247;0xb13affc93c3f2008020f0194c547ffcaL
  1; 17;248;0xbcbcbcbc3c3f4008020f2194613bffdcL
  1; 17;249;0x613bffdc3c3f4008020f21944d41ffddL
  1; 17;250;0x4d41ffdd3c3f4008020f2193d508ffdeL
  1; 17;251;0xd508ffde3c3f4008020f21948101ffdfL
  1; 17;252;0x8101ffdf3c3f4008020f2195053effd0L
  1; 17;253;0x53effd03c3f4008020f21943534ffd1L
  1; 17;254;0x3534ffd13c3f4008020f21952937ffd2L
  1; 17;255;0x2937ffd23c3f4008020f2195753bffd3L
  1; 17;256;0x753bffd33c3f4008020f2194b15dffd4L
  1; 18;  1;0xbcbcbcbc3c3e8008020f21968d9dfffcL
  1; 18;  2;0x8d9dfffc3c3e8008020f219649cdfffdL
  1; 18;  3;0x49cdfffd3c3e8008020f2196e9a7ffbeL
  1; 18;  4;0xe9a7ffbe3c3e8008020f219609b3ffffL
  1; 18;  5;0x9b3ffff3c3e8008020f2196e9bcfff0L
  1; 18;  6;0xe9bcfff03c3e8008020f2195a1adfff1L
  1; 18;  7;0xa1adfff13c3e8008020f2196419efff2L
  1; 18;  8;0x419efff23c3e8008020f21970ddcfff3L
  1; 18;  9;0xddcfff33c3e8008020f2196cdbafff4L
  1; 18; 10;0xcdbafff43c3e8008020f2196f1b7fff5L
  1; 18; 11;0xf1b7fff53c3e8008020f21971da8fff6L
  1; 18; 12;0x1da8fff63c3e8008020f2196bdb5ffb7L
  1; 18; 13;0xbdb5ffb73c3e8008020f21962da2fff8L
  1; 18; 14;0x2da2fff83c3e8008020f2195398efff9L
  1; 18; 15;0x398efff93c3e8008020f2197118afffaL
  1; 18; 16;0xbcbcbcbc3c3ea008020f0196a9a6ffccL
  1; 18; 17;0xa9a6ffcc3c3ea008020f019681ccffcdL
  1; 18; 18;0x81ccffcd3c3ea008020f019701aaff8eL
  1; 18; 19;0x1aaff8e3c3ea008020f01961dbeffcfL
  1; 18; 20;0x1dbeffcf3c3ea008020f0196fdc5ffc0L
  1; 18; 21;0xfdc5ffc03c3ea008020f0195c9acffc1L
  1; 18; 22;0xc9acffc13c3ea008020f019661a8ffc2L
  1; 18; 23;0x61a8ffc23c3ea008020f01970de2ffc3L
  1; 18; 24;0xde2ffc33c3ea008020f0196ddbbffc4L
  1; 18; 25;0xddbbffc43c3ea008020f01970dbcffc5L
  1; 18; 26;0xdbcffc53c3ea008020f019745aeffc6L
  1; 18; 27;0x45aeffc63c3ea008020f0196b9bbff87L
  1; 18; 28;0xb9bbff873c3ea008020f019631a9ffc8L
  1; 18; 29;0x31a9ffc83c3ea008020f01954991ffc9L
  1; 18; 30;0x4991ffc93c3ea008020f01974194ffcaL
  1; 18; 31;0xbcbcbcbc3c3ec008020f21969da6ffdcL
  1; 18; 32;0x9da6ffdc3c3ec008020f21965dd3ffddL
  1; 18; 33;0x5dd3ffdd3c3ec008020f2196fda7ff9eL
  1; 18; 34;0xfda7ff9e3c3ec008020f219611beffdfL
  1; 18; 35;0x11beffdf3c3ec008020f2196e9bfffd0L
  1; 18; 36;0xe9bfffd03c3ec008020f2195a1b0ffd1L
  1; 18; 37;0xa1b0ffd13c3ec008020f219655a1ffd2L
  1; 18; 38;0x55a1ffd23c3ec008020f219701e0ffd3L
  1; 18; 39;0x1e0ffd33c3ec008020f2196b9b6ffd4L
  1; 18; 40;0xb9b6ffd43c3ec008020f2196f5b8ffd5L
  1; 18; 41;0xf5b8ffd53c3ec008020f219719aeffd6L
  1; 18; 42;0x19aeffd63c3ec008020f2196c9b5ff97L
  1; 18; 43;0xc9b5ff973c3ec008020f219621a8ffd8L
  1; 18; 44;0x21a8ffd83c3ec008020f2195398effd9L
  1; 18; 45;0x398effd93c3ec008020f2197198affdaL
  1; 18; 46;0xbcbcbcbc3c3ee008020f0196a5a6ffecL
  1; 18; 47;0xa5a6ffec3c3ee008020f01963dd0ffedL
  1; 18; 48;0x3dd0ffed3c3ee008020f0196fda9ffaeL
  1; 18; 49;0xfda9ffae3c3ee008020f019601baffefL
  1; 18; 50;0x1baffef3c3ee008020f019701bfffe0L
  1; 18; 51;0x1bfffe03c3ee008020f0195b9adffe1L
  1; 18; 52;0xb9adffe13c3ee008020f019629a1ffe2L
  1; 18; 53;0x29a1ffe23c3ee008020f019709e0ffe3L
  1; 18; 54;0x9e0ffe33c3ee008020f0196c9b7ffe4L
  1; 18; 55;0xc9b7ffe43c3ee008020f0196f1bdffe5L
  1; 18; 56;0xf1bdffe53c3ee008020f019721adffe6L
  1; 18; 57;0x21adffe63c3ee008020f0196b9b8ffa7L
  1; 18; 58;0xb9b8ffa73c3ee008020f019621a4ffe8L
  1; 18; 59;0x21a4ffe83c3ee008020f01952991ffe9L
  1; 18; 60;0x2991ffe93c3ee008020f01972990ffeaL
  1; 18; 61;0xbcbcbcbc3c3f0008020f219691a0fffcL
  1; 18; 62;0x91a0fffc3c3f0008020f219655cdfffdL
  1; 18; 63;0x55cdfffd3c3f0008020f2196edaaffbeL
  1; 18; 64;0xedaaffbe3c3f0008020f219611b6ffffL
  1; 18; 65;0x11b6ffff3c3f0008020f2196f1bdfff0L
  1; 18; 66;0xf1bdfff03c3f0008020f2195a5adfff1L
  1; 18; 67;0xa5adfff13c3f0008020f219641a0fff2L
  1; 18; 68;0x41a0fff23c3f0008020f219709ddfff3L
  1; 18; 69;0x9ddfff33c3f0008020f2196cdbafff4L
  1; 18; 70;0xcdbafff43c3f0008020f2196f5b9fff5L
  1; 18; 71;0xf5b9fff53c3f0008020f219729a8fff6L
  1; 18; 72;0x29a8fff63c3f0008020f2196b9b6ffb7L
  1; 18; 73;0xb9b6ffb73c3f0008020f21963da3fff8L
  1; 18; 74;0x3da3fff83c3f0008020f21953d8dfff9L
  1; 18; 75;0x3d8dfff93c3f0008020f2197158bfffaL
  1; 18; 76;0xbcbcbcbc3c3f2008020f0196a5a4ffccL
  1; 18; 77;0xa5a4ffcc3c3f2008020f01966dc9ffcdL
  1; 18; 78;0x6dc9ffcd3c3f2008020f0196f5a5ff8eL
  1; 18; 79;0xf5a5ff8e3c3f2008020f01960dbbffcfL
  1; 18; 80;0xdbbffcf3c3f2008020f0196e5c0ffc0L
  1; 18; 81;0xe5c0ffc03c3f2008020f0195b9aaffc1L
  1; 18; 82;0xb9aaffc13c3f2008020f019659a5ffc2L
  1; 18; 83;0x59a5ffc23c3f2008020f0196f9e0ffc3L
  1; 18; 84;0xf9e0ffc33c3f2008020f0196c9baffc4L
  1; 18; 85;0xc9baffc43c3f2008020f0196f9b8ffc5L
  1; 18; 86;0xf9b8ffc53c3f2008020f019735aaffc6L
  1; 18; 87;0x35aaffc63c3f2008020f0196b5b8ff87L
  1; 18; 88;0xb5b8ff873c3f2008020f019621a3ffc8L
  1; 18; 89;0x21a3ffc83c3f2008020f0195318effc9L
  1; 18; 90;0x318effc93c3f2008020f0197318fffcaL
  1; 18; 91;0xbcbcbcbc3c3f4008020f21969da6ffdcL
  1; 18; 92;0x9da6ffdc3c3f4008020f21965dd3ffddL
  1; 18; 93;0x5dd3ffdd3c3f4008020f219705abff9eL
  1; 18; 94;0x5abff9e3c3f4008020f21961dc2ffdfL
  1; 18; 95;0x1dc2ffdf3c3f4008020f2196f1c2ffd0L
  1; 18; 96;0xf1c2ffd03c3f4008020f2195a5b2ffd1L
  1; 18; 97;0xa5b2ffd13c3f4008020f219659a5ffd2L
  1; 18; 98;0x59a5ffd23c3f4008020f21970de2ffd3L
  1; 18; 99;0xde2ffd33c3f4008020f2196b9b7ffd4L
  1; 18;100;0xb9b7ffd43c3f4008020f2196f9baffd5L
  1; 18;101;0xf9baffd53c3f4008020f219719afffd6L
  1; 18;102;0x19afffd63c3f4008020f2196d5b9ff97L
  1; 18;103;0xd5b9ff973c3f4008020f219625aaffd8L
  1; 18;104;0x25aaffd83c3f4008020f21953990ffd9L
  1; 18;105;0x3990ffd93c3f4008020f2197218cffdaL
  1; 18;106;0xbcbcbcbc3c3f6008020f0196a1a2ffecL
  1; 18;107;0xa1a2ffec3c3f6008020f019641ceffedL
  1; 18;108;0x41ceffed3c3f6008020f0196f5a9ffaeL
  1; 18;109;0xf5a9ffae3c3f6008020f0195f9b8ffefL
  1; 18;110;0xf9b8ffef3c3f6008020f0196f5bdffe0L
  1; 18;111;0xf5bdffe03c3f6008020f0195b1abffe1L
  1; 18;112;0xb1abffe13c3f6008020f0196299effe2L
  1; 18;113;0x299effe23c3f6008020f019701ddffe3L
  1; 18;114;0x1ddffe33c3f6008020f0196b9b8ffe4L
  1; 18;115;0xb9b8ffe43c3f6008020f0196edbaffe5L
  1; 18;116;0xedbaffe53c3f6008020f019719a9ffe6L
  1; 18;117;0x19a9ffe63c3f6008020f0196b9b7ffa7L
  1; 18;118;0xb9b7ffa73c3f6008020f019619a0ffe8L
  1; 18;119;0x19a0ffe83c3f6008020f01951d8dffe9L
  1; 18;120;0x1d8dffe93c3f6008020f01972190ffeaL
  1; 18;121;0xbcbcbcbc3c3f8008020f219699a0fffcL
  1; 18;122;0x99a0fffc3c3f8008020f219655cffffdL
  1; 18;123;0x55cffffd3c3f8008020f2196f1a8ffbeL
  1; 18;124;0xf1a8ffbe3c3f8008020f21960db6ffffL
  1; 18;125;0xdb6ffff3c3f8008020f2196e9bcfff0L
  1; 18;126;0xe9bcfff03c3f8008020f2195adaffff1L
  1; 18;127;0xadaffff13c3f8008020f219649a1fff2L
  1; 18;128;0x49a1fff23c3f8008020f21970ddefff3L
  1; 18;129;0xddefff33c3f8008020f2196d1bafff4L
  1; 18;130;0xd1bafff43c3f8008020f2196f9b8fff5L
  1; 18;131;0xf9b8fff53c3f8008020f219725a6fff6L
  1; 18;132;0x25a6fff63c3f8008020f2196b9b6ffb7L
  1; 18;133;0xb9b6ffb73c3f8008020f219639a4fff8L
  1; 18;134;0x39a4fff83c3f8008020f2195398ffff9L
  1; 18;135;0x398ffff93c3f8008020f2197218afffaL
  1; 18;136;0xbcbcbcbc3c3fa008020f0196a9a4ffccL
  1; 18;137;0xa9a4ffcc3c3fa008020f019675cbffcdL
  1; 18;138;0x75cbffcd3c3fa008020f0196f9a8ff8eL
  1; 18;139;0xf9a8ff8e3c3fa008020f019619bfffcfL
  1; 18;140;0x19bfffcf3c3fa008020f0196f1c4ffc0L
  1; 18;141;0xf1c4ffc03c3fa008020f0195c9adffc1L
  1; 18;142;0xc9adffc13c3fa008020f019665a8ffc2L
  1; 18;143;0x65a8ffc23c3fa008020f019705e3ffc3L
  1; 18;144;0x5e3ffc33c3fa008020f0196d9bcffc4L
  1; 18;145;0xd9bcffc43c3fa008020f019709bcffc5L
  1; 18;146;0x9bcffc53c3fa008020f019739aeffc6L
  1; 18;147;0x39aeffc63c3fa008020f0196b9b8ff87L
  1; 18;148;0xb9b8ff873c3fa008020f019629a9ffc8L
  1; 18;149;0x29a9ffc83c3fa008020f01953990ffc9L
  1; 18;150;0x3990ffc93c3fa008020f01973992ffcaL
  1; 18;151;0xbcbcbcbc3c3fc008020f21969da3ffdcL
  1; 18;152;0x9da3ffdc3c3fc008020f219659d2ffddL
  1; 18;153;0x59d2ffdd3c3fc008020f2196eda8ff9eL
  1; 18;154;0xeda8ff9e3c3fc008020f219611beffdfL
  1; 18;155;0x11beffdf3c3fc008020f2196e1bfffd0L
  1; 18;156;0xe1bfffd03c3fc008020f2195a1afffd1L
  1; 18;157;0xa1afffd13c3fc008020f219655a1ffd2L
  1; 18;158;0x55a1ffd23c3fc008020f219705e0ffd3L
  1; 18;159;0x5e0ffd33c3fc008020f2196b1b6ffd4L
  1; 18;160;0xb1b6ffd43c3fc008020f2196edb8ffd5L
  1; 18;161;0xedb8ffd53c3fc008020f219715adffd6L
  1; 18;162;0x15adffd63c3fc008020f2196c9b5ff97L
  1; 18;163;0xc9b5ff973c3fc008020f219621a8ffd8L
  1; 18;164;0x21a8ffd83c3fc008020f2195398dffd9L
  1; 18;165;0x398dffd93c3fc008020f2197158affdaL
  1; 18;166;0xbcbcbcbc3c3fe008020f0196a1a6ffecL
  1; 18;167;0xa1a6ffec3c3fe008020f01964dcfffedL
  1; 18;168;0x4dcfffed3c3fe008020f0196fda9ffaeL
  1; 18;169;0xfda9ffae3c3fe008020f019609b9ffefL
  1; 18;170;0x9b9ffef3c3fe008020f0196f9beffe0L
  1; 18;171;0xf9beffe03c3fe008020f0195b5acffe1L
  1; 18;172;0xb5acffe13c3fe008020f0196359fffe2L
  1; 18;173;0x359fffe23c3fe008020f019711e0ffe3L
  1; 18;174;0x11e0ffe33c3fe008020f0196cdb8ffe4L
  1; 18;175;0xcdb8ffe43c3fe008020f0196f9bcffe5L
  1; 18;176;0xf9bcffe53c3fe008020f019721aaffe6L
  1; 18;177;0x21aaffe63c3fe008020f0196c5b8ffa7L
  1; 18;178;0xc5b8ffa73c3fe008020f019621a4ffe8L
  1; 18;179;0x21a4ffe83c3fe008020f0195218effe9L
  1; 18;180;0x218effe93c3fe008020f01972d93ffeaL
  1; 18;181;0xbcbcbcbc3c3c0008020f2196959ffffcL
  1; 18;182;0x959ffffc3c3c0008020f219651cefffdL
  1; 18;183;0x51cefffd3c3c0008020f2196eda8ffbeL
  1; 18;184;0xeda8ffbe3c3c0008020f219611b4ffffL
  1; 18;185;0x11b4ffff3c3c0008020f2196e9bafff0L
  1; 18;186;0xe9bafff03c3c0008020f2195a9acfff1L
  1; 18;187;0xa9acfff13c3c0008020f21963da0fff2L
  1; 18;188;0x3da0fff23c3c0008020f219709dcfff3L
  1; 18;189;0x9dcfff33c3c0008020f2196d5bafff4L
  1; 18;190;0xd5bafff43c3c0008020f2196f9b9fff5L
  1; 18;191;0xf9b9fff53c3c0008020f219725a7fff6L
  1; 18;192;0x25a7fff63c3c0008020f2196b9b5ffb7L
  1; 18;193;0xb9b5ffb73c3c0008020f21962da1fff8L
  1; 18;194;0x2da1fff83c3c0008020f21952d8cfff9L
  1; 18;195;0x2d8cfff93c3c0008020f21971589fffaL
  1; 18;196;0xbcbcbcbc3c3c2008020f0196a1a3ffccL
  1; 18;197;0xa1a3ffcc3c3c2008020f019671caffcdL
  1; 18;198;0x71caffcd3c3c2008020f0196f9a6ff8eL
  1; 18;199;0xf9a6ff8e3c3c2008020f019611bcffcfL
  1; 18;200;0x11bcffcf3c3c2008020f0196f5c1ffc0L
  1; 18;201;0xf5c1ffc03c3c2008020f0195cdabffc1L
  1; 18;202;0xcdabffc13c3c2008020f019655a6ffc2L
  1; 18;203;0x55a6ffc23c3c2008020f019701e1ffc3L
  1; 18;204;0x1e1ffc33c3c2008020f0196d1bbffc4L
  1; 18;205;0xd1bbffc43c3c2008020f019705b9ffc5L
  1; 18;206;0x5b9ffc53c3c2008020f019739acffc6L
  1; 18;207;0x39acffc63c3c2008020f0196b1b7ff87L
  1; 18;208;0xb1b7ff873c3c2008020f019629a6ffc8L
  1; 18;209;0x29a6ffc83c3c2008020f01953d8dffc9L
  1; 18;210;0x3d8dffc93c3c2008020f01973991ffcaL
  1; 18;211;0xbcbcbcbc3c3c4008020f21969da5ffdcL
  1; 18;212;0x9da5ffdc3c3c4008020f219659d3ffddL
  1; 18;213;0x59d3ffdd3c3c4008020f219701aaff9eL
  1; 18;214;0x1aaff9e3c3c4008020f219615c0ffdfL
  1; 18;215;0x15c0ffdf3c3c4008020f2196f5c1ffd0L
  1; 18;216;0xf5c1ffd03c3c4008020f2195a1b1ffd1L
  1; 18;217;0xa1b1ffd13c3c4008020f219655a1ffd2L
  1; 18;218;0x55a1ffd23c3c4008020f219705e1ffd3L
  1; 18;219;0x5e1ffd33c3c4008020f2196c1b8ffd4L
  1; 18;220;0xc1b8ffd43c3c4008020f2196fdbaffd5L
  1; 18;221;0xfdbaffd53c3c4008020f219715aeffd6L
  1; 18;222;0x15aeffd63c3c4008020f2196d9b6ff97L
  1; 18;223;0xd9b6ff973c3c4008020f219621aaffd8L
  1; 18;224;0x21aaffd83c3c4008020f21953d91ffd9L
  1; 18;225;0x3d91ffd93c3c4008020f2197218bffdaL
  1; 18;226;0xbcbcbcbc3c3c6008020f019695a2ffecL
  1; 18;227;0x95a2ffec3c3c6008020f019641ceffedL
  1; 18;228;0x41ceffed3c3c6008020f0196f9a6ffaeL
  1; 18;229;0xf9a6ffae3c3c6008020f019605b7ffefL
  1; 18;230;0x5b7ffef3c3c6008020f0196f1bcffe0L
  1; 18;231;0xf1bcffe03c3c6008020f0195b9a9ffe1L
  1; 18;232;0xb9a9ffe13c3c6008020f01962d9effe2L
  1; 18;233;0x2d9effe23c3c6008020f019709deffe3L
  1; 18;234;0x9deffe33c3c6008020f0196b9b6ffe4L
  1; 18;235;0xb9b6ffe43c3c6008020f0196f1bcffe5L
  1; 18;236;0xf1bcffe53c3c6008020f019719a9ffe6L
  1; 18;237;0x19a9ffe63c3c6008020f0196b9b6ffa7L
  1; 18;238;0xb9b6ffa73c3c6008020f019615a2ffe8L
  1; 18;239;0x15a2ffe83c3c6008020f0195218fffe9L
  1; 18;240;0x218fffe93c3c6008020f01972590ffeaL
  1; 18;241;0xbcbcbcbc3c3c8008020f21969da1fffcL
  1; 18;242;0x9da1fffc3c3c8008020f21965dd0fffdL
  1; 18;243;0x5dd0fffd3c3c8008020f2196f5abffbeL
  1; 18;244;0xf5abffbe3c3c8008020f219619b8ffffL
  1; 18;245;0x19b8ffff3c3c8008020f2196f1c0fff0L
  1; 18;246;0xf1c0fff03c3c8008020f2195adaffff1L
  1; 18;247;0xadaffff13c3c8008020f219649a2fff2L
  1; 18;248;0x49a2fff23c3c8008020f219711defff3L
  1; 18;249;0x11defff33c3c8008020f2196ddbcfff4L
  1; 18;250;0xddbcfff43c3c8008020f219701bbfff5L
  1; 18;251;0x1bbfff53c3c8008020f219729a9fff6L
  1; 18;252;0x29a9fff63c3c8008020f2196c1b9ffb7L
  1; 18;253;0xc1b9ffb73c3c8008020f21963da6fff8L
  1; 18;254;0x3da6fff83c3c8008020f2195358ffff9L
  1; 18;255;0x358ffff93c3c8008020f21971d8dfffaL
  1; 18;256;0xbcbcbcbc3c3ca008020f0196a5a4ffccL
  1; 20;  1;0xbcbcbcbc3c3de008020f01958d66ffecL
  1; 20;  2;0x8d66ffec3c3de008020f01961199ffedL
  1; 20;  3;0x1199ffed3c3de008020f01960174ffeeL
  1; 20;  4;0x174ffee3c3de008020f0195ad77ffefL
  1; 20;  5;0xad77ffef3c3de008020f01960d6effe0L
  1; 20;  6;0xd6effe03c3de008020f01965d9affe1L
  1; 20;  7;0x5d9affe13c3de008020f019681a8ffe2L
  1; 20;  8;0x81a8ffe23c3de008020f0196b9b3ffe3L
  1; 20;  9;0xb9b3ffe33c3de008020f0196318effe4L
  1; 20; 10;0x318effe43c3de008020f019615c5ffe5L
  1; 20; 11;0x15c5ffe53c3de008020f01962d5bffe6L
  1; 20; 12;0x2d5bffe63c3de008020f01965da7ffa7L
  1; 20; 13;0x5da7ffa73c3de008020f01964960ffe8L
  1; 20; 14;0x4960ffe83c3de008020f019615a1ffe9L
  1; 20; 15;0x15a1ffe93c3de008020f01962da6ffeaL
  1; 20; 16;0xbcbcbcbc3c3e0008020f21959d66fffcL
  1; 20; 17;0x9d66fffc3c3e0008020f21960d95fffdL
  1; 20; 18;0xd95fffd3c3e0008020f21960567fffeL
  1; 20; 19;0x567fffe3c3e0008020f21959565ffffL
  1; 20; 20;0x9565ffff3c3e0008020f21961d69fff0L
  1; 20; 21;0x1d69fff03c3e0008020f21965d97fff1L
  1; 20; 22;0x5d97fff13c3e0008020f219685a8fff2L
  1; 20; 23;0x85a8fff23c3e0008020f2196a5adfff3L
  1; 20; 24;0xa5adfff33c3e0008020f2196098ffff4L
  1; 20; 25;0x98ffff43c3e0008020f219611c0fff5L
  1; 20; 26;0x11c0fff53c3e0008020f21963554fff6L
  1; 20; 27;0x3554fff63c3e0008020f219649a8ffb7L
  1; 20; 28;0x49a8ffb73c3e0008020f21963d55fff8L
  1; 20; 29;0x3d55fff83c3e0008020f21960d9afff9L
  1; 20; 30;0xd9afff93c3e0008020f21960da5fffaL
  1; 20; 31;0xbcbcbcbc3c3e2008020f0195c56dffccL
  1; 20; 32;0xc56dffcc3c3e2008020f0196199dffcdL
  1; 20; 33;0x199dffcd3c3e2008020f01961574ffceL
  1; 20; 34;0x1574ffce3c3e2008020f0195a96cffcfL
  1; 20; 35;0xa96cffcf3c3e2008020f01962172ffc0L
  1; 20; 36;0x2172ffc03c3e2008020f0196899affc1L
  1; 20; 37;0x899affc13c3e2008020f019685aaffc2L
  1; 20; 38;0x85aaffc23c3e2008020f019699b3ffc3L
  1; 20; 39;0x99b3ffc33c3e2008020f01962d8effc4L
  1; 20; 40;0x2d8effc43c3e2008020f019639bfffc5L
  1; 20; 41;0x39bfffc53c3e2008020f0196415bffc6L
  1; 20; 42;0x415bffc63c3e2008020f019651abff87L
  1; 20; 43;0x51abff873c3e2008020f01964958ffc8L
  1; 20; 44;0x4958ffc83c3e2008020f019621a4ffc9L
  1; 20; 45;0x21a4ffc93c3e2008020f019615a2ffcaL
  1; 20; 46;0xbcbcbcbc3c3e4008020f2195b56cffdcL
  1; 20; 47;0xb56cffdc3c3e4008020f21960d95ffddL
  1; 20; 48;0xd95ffdd3c3e4008020f2196096effdeL
  1; 20; 49;0x96effde3c3e4008020f2195916fffdfL
  1; 20; 50;0x916fffdf3c3e4008020f2196256fffd0L
  1; 20; 51;0x256fffd03c3e4008020f21968198ffd1L
  1; 20; 52;0x8198ffd13c3e4008020f219689adffd2L
  1; 20; 53;0x89adffd23c3e4008020f219695b2ffd3L
  1; 20; 54;0x95b2ffd33c3e4008020f2196258dffd4L
  1; 20; 55;0x258dffd43c3e4008020f21960dbfffd5L
  1; 20; 56;0xdbfffd53c3e4008020f21961955ffd6L
  1; 20; 57;0x1955ffd63c3e4008020f21965da9ff97L
  1; 20; 58;0x5da9ff973c3e4008020f2196395cffd8L
  1; 20; 59;0x395cffd83c3e4008020f2195f9a0ffd9L
  1; 20; 60;0xf9a0ffd93c3e4008020f21960d9effdaL
  1; 20; 61;0xbcbcbcbc3c3e6008020f01959967ffecL
  1; 20; 62;0x9967ffec3c3e6008020f01961199ffedL
  1; 20; 63;0x1199ffed3c3e6008020f0195f975ffeeL
  1; 20; 64;0xf975ffee3c3e6008020f0195a977ffefL
  1; 20; 65;0xa977ffef3c3e6008020f0196096cffe0L
  1; 20; 66;0x96cffe03c3e6008020f0196659affe1L
  1; 20; 67;0x659affe13c3e6008020f01967da6ffe2L
  1; 20; 68;0x7da6ffe23c3e6008020f0196a5b2ffe3L
  1; 20; 69;0xa5b2ffe33c3e6008020f0196318cffe4L
  1; 20; 70;0x318cffe43c3e6008020f019615c1ffe5L
  1; 20; 71;0x15c1ffe53c3e6008020f01962d59ffe6L
  1; 20; 72;0x2d59ffe63c3e6008020f019655a7ffa7L
  1; 20; 73;0x55a7ffa73c3e6008020f01964961ffe8L
  1; 20; 74;0x4961ffe83c3e6008020f01960da3ffe9L
  1; 20; 75;0xda3ffe93c3e6008020f019629a5ffeaL
  1; 20; 76;0xbcbcbcbc3c3e8008020f2195a569fffcL
  1; 20; 77;0xa569fffc3c3e8008020f21961998fffdL
  1; 20; 78;0x1998fffd3c3e8008020f2196096afffeL
  1; 20; 79;0x96afffe3c3e8008020f2195a568ffffL
  1; 20; 80;0xa568ffff3c3e8008020f2196216afff0L
  1; 20; 81;0x216afff03c3e8008020f2196699afff1L
  1; 20; 82;0x699afff13c3e8008020f219681aafff2L
  1; 20; 83;0x81aafff23c3e8008020f2196a9b2fff3L
  1; 20; 84;0xa9b2fff33c3e8008020f21961591fff4L
  1; 20; 85;0x1591fff43c3e8008020f219625c2fff5L
  1; 20; 86;0x25c2fff53c3e8008020f21963959fff6L
  1; 20; 87;0x3959fff63c3e8008020f219655a8ffb7L
  1; 20; 88;0x55a8ffb73c3e8008020f21963d58fff8L
  1; 20; 89;0x3d58fff83c3e8008020f2196119cfff9L
  1; 20; 90;0x119cfff93c3e8008020f219615a7fffaL
  1; 20; 91;0xbcbcbcbc3c3ea008020f0195bd6bffccL
  1; 20; 92;0xbd6bffcc3c3ea008020f01961598ffcdL
  1; 20; 93;0x1598ffcd3c3ea008020f01961173ffceL
  1; 20; 94;0x1173ffce3c3ea008020f0195a16bffcfL
  1; 20; 95;0xa16bffcf3c3ea008020f01961572ffc0L
  1; 20; 96;0x1572ffc03c3ea008020f0196859bffc1L
  1; 20; 97;0x859bffc13c3ea008020f019679a9ffc2L
  1; 20; 98;0x79a9ffc23c3ea008020f01968db1ffc3L
  1; 20; 99;0x8db1ffc33c3ea008020f0196258dffc4L
  1; 20;100;0x258dffc43c3ea008020f019631beffc5L
  1; 20;101;0x31beffc53c3ea008020f0196355cffc6L
  1; 20;102;0x355cffc63c3ea008020f019651a9ff87L
  1; 20;103;0x51a9ff873c3ea008020f01964559ffc8L
  1; 20;104;0x4559ffc83c3ea008020f01961da2ffc9L
  1; 20;105;0x1da2ffc93c3ea008020f019611a1ffcaL
  1; 20;106;0xbcbcbcbc3c3ec008020f2195b16effdcL
  1; 20;107;0xb16effdc3c3ec008020f21961599ffddL
  1; 20;108;0x1599ffdd3c3ec008020f21960971ffdeL
  1; 20;109;0x971ffde3c3ec008020f21959971ffdfL
  1; 20;110;0x9971ffdf3c3ec008020f21963171ffd0L
  1; 20;111;0x3171ffd03c3ec008020f2196919affd1L
  1; 20;112;0x919affd13c3ec008020f21968db0ffd2L
  1; 20;113;0x8db0ffd23c3ec008020f2196a1b7ffd3L
  1; 20;114;0xa1b7ffd33c3ec008020f21963992ffd4L
  1; 20;115;0x3992ffd43c3ec008020f21961dc2ffd5L
  1; 20;116;0x1dc2ffd53c3ec008020f21962d56ffd6L
  1; 20;117;0x2d56ffd63c3ec008020f219669abff97L
  1; 20;118;0x69abff973c3ec008020f2196495cffd8L
  1; 20;119;0x495cffd83c3ec008020f219609a2ffd9L
  1; 20;120;0x9a2ffd93c3ec008020f219619a2ffdaL
  1; 20;121;0xbcbcbcbc3c3ee008020f01958d62ffecL
  1; 20;122;0x8d62ffec3c3ee008020f01960196ffedL
  1; 20;123;0x196ffed3c3ee008020f0195ed72ffeeL
  1; 20;124;0xed72ffee3c3ee008020f0195a172ffefL
  1; 20;125;0xa172ffef3c3ee008020f0196016affe0L
  1; 20;126;0x16affe03c3ee008020f01965997ffe1L
  1; 20;127;0x5997ffe13c3ee008020f019679a4ffe2L
  1; 20;128;0x79a4ffe23c3ee008020f0196a1afffe3L
  1; 20;129;0xa1afffe33c3ee008020f0196218affe4L
  1; 20;130;0x218affe43c3ee008020f019609c0ffe5L
  1; 20;131;0x9c0ffe53c3ee008020f01962158ffe6L
  1; 20;132;0x2158ffe63c3ee008020f01964da5ffa7L
  1; 20;133;0x4da5ffa73c3ee008020f0196395cffe8L
  1; 20;134;0x395cffe83c3ee008020f0196099fffe9L
  1; 20;135;0x99fffe93c3ee008020f01961da3ffeaL
  1; 20;136;0xbcbcbcbc3c3f0008020f2195a169fffcL
  1; 20;137;0xa169fffc3c3f0008020f21961598fffdL
  1; 20;138;0x1598fffd3c3f0008020f21960169fffeL
  1; 20;139;0x169fffe3c3f0008020f2195a569ffffL
  1; 20;140;0xa569ffff3c3f0008020f2196216bfff0L
  1; 20;141;0x216bfff03c3f0008020f21967199fff1L
  1; 20;142;0x7199fff13c3f0008020f21968dacfff2L
  1; 20;143;0x8dacfff23c3f0008020f2196b1b1fff3L
  1; 20;144;0xb1b1fff33c3f0008020f21961d92fff4L
  1; 20;145;0x1d92fff43c3f0008020f219621c1fff5L
  1; 20;146;0x21c1fff53c3f0008020f2196455afff6L
  1; 20;147;0x455afff63c3f0008020f219659a9ffb7L
  1; 20;148;0x59a9ffb73c3f0008020f21963d57fff8L
  1; 20;149;0x3d57fff83c3f0008020f2196199efff9L
  1; 20;150;0x199efff93c3f0008020f219615a6fffaL
  1; 20;151;0xbcbcbcbc3c3f2008020f0195c971ffccL
  1; 20;152;0xc971ffcc3c3f2008020f0196259cffcdL
  1; 20;153;0x259cffcd3c3f2008020f01961975ffceL
  1; 20;154;0x1975ffce3c3f2008020f0195b56fffcfL
  1; 20;155;0xb56fffcf3c3f2008020f01962975ffc0L
  1; 20;156;0x2975ffc03c3f2008020f0196959cffc1L
  1; 20;157;0x959cffc13c3f2008020f019691abffc2L
  1; 20;158;0x91abffc23c3f2008020f019695b4ffc3L
  1; 20;159;0x95b4ffc33c3f2008020f01963590ffc4L
  1; 20;160;0x3590ffc43c3f2008020f019645c2ffc5L
  1; 20;161;0x45c2ffc53c3f2008020f0196455effc6L
  1; 20;162;0x455effc63c3f2008020f01965daeff87L
  1; 20;163;0x5daeff873c3f2008020f0196515dffc8L
  1; 20;164;0x515dffc83c3f2008020f01962da6ffc9L
  1; 20;165;0x2da6ffc93c3f2008020f019621a4ffcaL
  1; 20;166;0xbcbcbcbc3c3f4008020f2195b56dffdcL
  1; 20;167;0xb56dffdc3c3f4008020f21960d98ffddL
  1; 20;168;0xd98ffdd3c3f4008020f2196016effdeL
  1; 20;169;0x16effde3c3f4008020f21958d70ffdfL
  1; 20;170;0x8d70ffdf3c3f4008020f2196296fffd0L
  1; 20;171;0x296fffd03c3f4008020f21968998ffd1L
  1; 20;172;0x8998ffd13c3f4008020f219689adffd2L
  1; 20;173;0x89adffd23c3f4008020f21969db4ffd3L
  1; 20;174;0x9db4ffd33c3f4008020f2196258effd4L
  1; 20;175;0x258effd43c3f4008020f219611c1ffd5L
  1; 20;176;0x11c1ffd53c3f4008020f21961d55ffd6L
  1; 20;177;0x1d55ffd63c3f4008020f219661aaff97L
  1; 20;178;0x61aaff973c3f4008020f2196415bffd8L
  1; 20;179;0x415bffd83c3f4008020f2195fd9dffd9L
  1; 20;180;0xfd9dffd93c3f4008020f2196159effdaL
  1; 20;181;0xbcbcbcbc3c3f6008020f01959565ffecL
  1; 20;182;0x9565ffec3c3f6008020f01960d9bffedL
  1; 20;183;0xd9bffed3c3f6008020f01960573ffeeL
  1; 20;184;0x573ffee3c3f6008020f0195ad76ffefL
  1; 20;185;0xad76ffef3c3f6008020f0196096effe0L
  1; 20;186;0x96effe03c3f6008020f01966598ffe1L
  1; 20;187;0x6598ffe13c3f6008020f019685a8ffe2L
  1; 20;188;0x85a8ffe23c3f6008020f0196b1b4ffe3L
  1; 20;189;0xb1b4ffe33c3f6008020f0196318effe4L
  1; 20;190;0x318effe43c3f6008020f019619c2ffe5L
  1; 20;191;0x19c2ffe53c3f6008020f01963159ffe6L
  1; 20;192;0x3159ffe63c3f6008020f019659a8ffa7L
  1; 20;193;0x59a8ffa73c3f6008020f01964561ffe8L
  1; 20;194;0x4561ffe83c3f6008020f01961da4ffe9L
  1; 20;195;0x1da4ffe93c3f6008020f01962da8ffeaL
  1; 20;196;0xbcbcbcbc3c3f8008020f21959d67fffcL
  1; 20;197;0x9d67fffc3c3f8008020f21961197fffdL
  1; 20;198;0x1197fffd3c3f8008020f21960567fffeL
  1; 20;199;0x567fffe3c3f8008020f21959d66ffffL
  1; 20;200;0x9d66ffff3c3f8008020f21961169fff0L
  1; 20;201;0x1169fff03c3f8008020f21965d95fff1L
  1; 20;202;0x5d95fff13c3f8008020f219675a9fff2L
  1; 20;203;0x75a9fff23c3f8008020f2196a5aefff3L
  1; 20;204;0xa5aefff33c3f8008020f21961590fff4L
  1; 20;205;0x1590fff43c3f8008020f219615c2fff5L
  1; 20;206;0x15c2fff53c3f8008020f21963d57fff6L
  1; 20;207;0x3d57fff63c3f8008020f219655a6ffb7L
  1; 20;208;0x55a6ffb73c3f8008020f21963958fff8L
  1; 20;209;0x3958fff83c3f8008020f21960d9bfff9L
  1; 20;210;0xd9bfff93c3f8008020f219619a5fffaL
  1; 20;211;0xbcbcbcbc3c3fa008020f0195cd6effccL
  1; 20;212;0xcd6effcc3c3fa008020f0196159bffcdL
  1; 20;213;0x159bffcd3c3fa008020f01961574ffceL
  1; 20;214;0x1574ffce3c3fa008020f0195b16dffcfL
  1; 20;215;0xb16dffcf3c3fa008020f01962171ffc0L
  1; 20;216;0x2171ffc03c3fa008020f01968599ffc1L
  1; 20;217;0x8599ffc13c3fa008020f019689acffc2L
  1; 20;218;0x89acffc23c3fa008020f01968db3ffc3L
  1; 20;219;0x8db3ffc33c3fa008020f0196398dffc4L
  1; 20;220;0x398dffc43c3fa008020f019641bfffc5L
  1; 20;221;0x41bfffc53c3fa008020f0196415dffc6L
  1; 20;222;0x415dffc63c3fa008020f019651acff87L
  1; 20;223;0x51acff873c3fa008020f0196515cffc8L
  1; 20;224;0x515cffc83c3fa008020f019629a4ffc9L
  1; 20;225;0x29a4ffc93c3fa008020f01961da2ffcaL
  1; 20;226;0xbcbcbcbc3c3fc008020f2195bd6fffdcL
  1; 20;227;0xbd6fffdc3c3fc008020f2196159bffddL
  1; 20;228;0x159bffdd3c3fc008020f21961170ffdeL
  1; 20;229;0x1170ffde3c3fc008020f21959d71ffdfL
  1; 20;230;0x9d71ffdf3c3fc008020f21963172ffd0L
  1; 20;231;0x3172ffd03c3fc008020f21968998ffd1L
  1; 20;232;0x8998ffd13c3fc008020f219691b0ffd2L
  1; 20;233;0x91b0ffd23c3fc008020f2196a1b7ffd3L
  1; 20;234;0xa1b7ffd33c3fc008020f21962d90ffd4L
  1; 20;235;0x2d90ffd43c3fc008020f219615c3ffd5L
  1; 20;236;0x15c3ffd53c3fc008020f21962958ffd6L
  1; 20;237;0x2958ffd63c3fc008020f219669abff97L
  1; 20;238;0x69abff973c3fc008020f2196495cffd8L
  1; 20;239;0x495cffd83c3fc008020f219609a1ffd9L
  1; 20;240;0x9a1ffd93c3fc008020f219619a0ffdaL
  1; 20;241;0xbcbcbcbc3c3fe008020f01958d64ffecL
  1; 20;242;0x8d64ffec3c3fe008020f01960997ffedL
  1; 20;243;0x997ffed3c3fe008020f0195f572ffeeL
  1; 20;244;0xf572ffee3c3fe008020f0195a973ffefL
  1; 20;245;0xa973ffef3c3fe008020f0196096bffe0L
  1; 20;246;0x96bffe03c3fe008020f01965598ffe1L
  1; 20;247;0x5598ffe13c3fe008020f01967da4ffe2L
  1; 20;248;0x7da4ffe23c3fe008020f0196a5b0ffe3L
  1; 20;249;0xa5b0ffe33c3fe008020f0196218cffe4L
  1; 20;250;0x218cffe43c3fe008020f01960dc1ffe5L
  1; 20;251;0xdc1ffe53c3fe008020f01962559ffe6L
  1; 20;252;0x2559ffe63c3fe008020f019655a4ffa7L
  1; 20;253;0x55a4ffa73c3fe008020f01964160ffe8L
  1; 20;254;0x4160ffe83c3fe008020f019611a0ffe9L
  1; 20;255;0x11a0ffe93c3fe008020f019621a2ffeaL
  1; 20;256;0xbcbcbcbc3c3c0008020f2195ad6afffcL
