Link ID; Channel ID; Line; Data 
  1; 15;  1;0xbcbcbcbc3c000008020f2b178dd7ffccL
  1; 15;  2;0x8dd7ffcc3c000008020f2b5715ceffcdL
  1; 15;  3;0x15ceffcd3c000008020f2b972dd3ffceL
  1; 15;  4;0x2dd3ffce3c000008020f2bd741d9ffcfL
  1; 15;  5;0x41d9ffcf3c000008020f001749d6ffc0L
  1; 15;  6;0x49d6ffc03c000008020f005779e4ffc1L
  1; 15;  7;0x79e4ffc13c000008020f289775e2ffc2L
  1; 15;  8;0x75e2ffc23c000008020f28d779dfffc3L
  1; 15;  9;0x79dfffc33c000008020f2917b1fcffc4L
  1; 15; 10;0xb1fcffc43c000008020f295729f0ffc5L
  1; 15; 11;0x29f0ffc53c000008020f2997adf0ffc6L
  1; 15; 12;0xadf0ffc63c000008020f29d6e1ceffc7L
  1; 15; 13;0xe1ceffc73c000008020f2a1785d2ffc8L
  1; 15; 14;0x85d2ffc83c000008020f2a56a5e0ffc9L
  1; 15; 15;0xa5e0ffc93c000008020f2a9775f0ffcaL
  1; 15; 16;0xbcbcbcbc3c000008020f331789d2ffdcL
  1; 15; 17;0x89d2ffdc3c000008020f335705d2ffddL
  1; 15; 18;0x5d2ffdd3c000008020f33971dd0ffdeL
  1; 15; 19;0x1dd0ffde3c000008020f33d729ddffdfL
  1; 15; 20;0x29ddffdf3c000008020f301735d4ffd0L
  1; 15; 21;0x35d4ffd03c000008020f30576de5ffd1L
  1; 15; 22;0x6de5ffd13c000008020f309779e0ffd2L
  1; 15; 23;0x79e0ffd23c000008020f30d769daffd3L
  1; 15; 24;0x69daffd33c000008020f3117a5fdffd4L
  1; 15; 25;0xa5fdffd43c000008020f315731efffd5L
  1; 15; 26;0x31efffd53c000008020f3197adf0ffd6L
  1; 15; 27;0xadf0ffd63c000008020f31d6e1c8ffd7L
  1; 15; 28;0xe1c8ffd73c000008020f321785d3ffd8L
  1; 15; 29;0x85d3ffd83c000008020f3256a1e1ffd9L
  1; 15; 30;0xa1e1ffd93c000008020f329765f1ffdaL
  1; 15; 31;0xbcbcbcbc3c000008020f3b1779d4ffecL
  1; 15; 32;0x79d4ffec3c000008020f3b5709d0ffedL
  1; 15; 33;0x9d0ffed3c000008020f3b9725d6ffeeL
  1; 15; 34;0x25d6ffee3c000008020f3bd731d7ffefL
  1; 15; 35;0x31d7ffef3c000008020f38174dd4ffe0L
  1; 15; 36;0x4dd4ffe03c000008020f385765e3ffe1L
  1; 15; 37;0x65e3ffe13c000008020f389771dfffe2L
  1; 15; 38;0x71dfffe23c000008020f38d759daffe3L
  1; 15; 39;0x59daffe33c000008020f3917a1fdffe4L
  1; 15; 40;0xa1fdffe43c000008020f395719efffe5L
  1; 15; 41;0x19efffe53c000008020f3997a5f0ffe6L
  1; 15; 42;0xa5f0ffe63c000008020f39d6d9caffe7L
  1; 15; 43;0xd9caffe73c000008020f3a1779d5ffe8L
  1; 15; 44;0x79d5ffe83c000008020f3a5695ddffe9L
  1; 15; 45;0x95ddffe93c000008020f3a9769f1ffeaL
  1; 15; 46;0xbcbcbcbc3c000008020f2b1789d3fffcL
  1; 15; 47;0x89d3fffc3c000008020f2b56f9cafffdL
  1; 15; 48;0xf9cafffd3c000008020f2b9729cefffeL
  1; 15; 49;0x29cefffe3c000008020f2bd731d6ffffL
  1; 15; 50;0x31d6ffff3c000008020f001741cefff0L
  1; 15; 51;0x41cefff03c000008020f005759e3fff1L
  1; 15; 52;0x59e3fff13c000008020f00976ddffff2L
  1; 15; 53;0x6ddffff23c000008020f00d751d9fff3L
  1; 15; 54;0x51d9fff33c000008020f011795fcfff4L
  1; 15; 55;0x95fcfff43c000008020f015705effff5L
  1; 15; 56;0x5effff53c000008020f0197a5eefff6L
  1; 15; 57;0xa5eefff63c000008020f29d6cdcbfff7L
  1; 15; 58;0xcdcbfff73c000008020f2a1771d2fff8L
  1; 15; 59;0x71d2fff83c000008020f2a567ddffff9L
  1; 15; 60;0x7ddffff93c000008020f2a9765edfffaL
  1; 15; 61;0xbcbcbcbc3c000008020f33178dd6ffccL
  1; 15; 62;0x8dd6ffcc3c000008020f335715cfffcdL
  1; 15; 63;0x15cfffcd3c000008020f339729d2ffceL
  1; 15; 64;0x29d2ffce3c000008020f33d745daffcfL
  1; 15; 65;0x45daffcf3c000008020f301749d5ffc0L
  1; 15; 66;0x49d5ffc03c000008020f30577de4ffc1L
  1; 15; 67;0x7de4ffc13c000008020f30976de2ffc2L
  1; 15; 68;0x6de2ffc23c000008020f30d779dfffc3L
  1; 15; 69;0x79dfffc33c000008020f3117b1fdffc4L
  1; 15; 70;0xb1fdffc43c000008020f315729f0ffc5L
  1; 15; 71;0x29f0ffc53c000008020f3197adf0ffc6L
  1; 15; 72;0xadf0ffc63c000008020f31d6e1cdffc7L
  1; 15; 73;0xe1cdffc73c000008020f321785d1ffc8L
  1; 15; 74;0x85d1ffc83c000008020f3256a1e1ffc9L
  1; 15; 75;0xa1e1ffc93c000008020f329775f0ffcaL
  1; 15; 76;0xbcbcbcbc3c000008020f3b1789d2ffdcL
  1; 15; 77;0x89d2ffdc3c000008020f3b56fdd3ffddL
  1; 15; 78;0xfdd3ffdd3c000008020f3b9725d0ffdeL
  1; 15; 79;0x25d0ffde3c000008020f3bd72dddffdfL
  1; 15; 80;0x2dddffdf3c000008020f38173dd5ffd0L
  1; 15; 81;0x3dd5ffd03c000008020f38576de5ffd1L
  1; 15; 82;0x6de5ffd13c000008020f389785e1ffd2L
  1; 15; 83;0x85e1ffd23c000008020f38d76ddcffd3L
  1; 15; 84;0x6ddcffd33c000008020f3917a9fdffd4L
  1; 15; 85;0xa9fdffd43c000008020f395729f0ffd5L
  1; 15; 86;0x29f0ffd53c000008020f3997adf1ffd6L
  1; 15; 87;0xadf1ffd63c000008020f39d6e5caffd7L
  1; 15; 88;0xe5caffd73c000008020f3a1785d3ffd8L
  1; 15; 89;0x85d3ffd83c000008020f3a56ade2ffd9L
  1; 15; 90;0xade2ffd93c000008020f3a976df1ffdaL
  1; 15; 91;0xbcbcbcbc3c000008020f2b1779d3ffecL
  1; 15; 92;0x79d3ffec3c000008020f2b5701ceffedL
  1; 15; 93;0x1ceffed3c000008020f2b9729d4ffeeL
  1; 15; 94;0x29d4ffee3c000008020f2bd72dd7ffefL
  1; 15; 95;0x2dd7ffef3c000008020f001751d5ffe0L
  1; 15; 96;0x51d5ffe03c000008020f005769e2ffe1L
  1; 15; 97;0x69e2ffe13c000008020f00976ddeffe2L
  1; 15; 98;0x6ddeffe23c000008020f00d759daffe3L
  1; 15; 99;0x59daffe33c000008020f011799fdffe4L
  1; 15;100;0x99fdffe43c000008020f015719efffe5L
  1; 15;101;0x19efffe53c000008020f0197a9efffe6L
  1; 15;102;0xa9efffe63c000008020f29d6d1c9ffe7L
  1; 15;103;0xd1c9ffe73c000008020f2a177dd4ffe8L
  1; 15;104;0x7dd4ffe83c000008020f2a5695dfffe9L
  1; 15;105;0x95dfffe93c000008020f2a9769f1ffeaL
  1; 15;106;0xbcbcbcbc3c000008020f331785d2fffcL
  1; 15;107;0x85d2fffc3c000008020f3356f5cafffdL
  1; 15;108;0xf5cafffd3c000008020f339725cefffeL
  1; 15;109;0x25cefffe3c000008020f33d72dd4ffffL
  1; 15;110;0x2dd4ffff3c000008020f30173dcefff0L
  1; 15;111;0x3dcefff03c000008020f305755e2fff1L
  1; 15;112;0x55e2fff13c000008020f309771ddfff2L
  1; 15;113;0x71ddfff23c000008020f30d74dd9fff3L
  1; 15;114;0x4dd9fff33c000008020f311795fbfff4L
  1; 15;115;0x95fbfff43c000008020f31570deffff5L
  1; 15;116;0xdeffff53c000008020f3197a1eefff6L
  1; 15;117;0xa1eefff63c000008020f31d6c9cafff7L
  1; 15;118;0xc9cafff73c000008020f32176dd3fff8L
  1; 15;119;0x6dd3fff83c000008020f325671defff9L
  1; 15;120;0x71defff93c000008020f329761edfffaL
  1; 15;121;0xbcbcbcbc3c000008020f3b1789d4ffccL
  1; 15;122;0x89d4ffcc3c000008020f3b570dcdffcdL
  1; 15;123;0xdcdffcd3c000008020f3b9721d0ffceL
  1; 15;124;0x21d0ffce3c000008020f3bd739d7ffcfL
  1; 15;125;0x39d7ffcf3c000008020f38173dd5ffc0L
  1; 15;126;0x3dd5ffc03c000008020f385775e2ffc1L
  1; 15;127;0x75e2ffc13c000008020f389769e0ffc2L
  1; 15;128;0x69e0ffc23c000008020f38d771ddffc3L
  1; 15;129;0x71ddffc33c000008020f3917adfcffc4L
  1; 15;130;0xadfcffc43c000008020f395721eeffc5L
  1; 15;131;0x21eeffc53c000008020f3997a9efffc6L
  1; 15;132;0xa9efffc63c000008020f39d6ddccffc7L
  1; 15;133;0xddccffc73c000008020f3a177dceffc8L
  1; 15;134;0x7dceffc83c000008020f3a5699dfffc9L
  1; 15;135;0x99dfffc93c000008020f3a9771efffcaL
  1; 15;136;0xbcbcbcbc3c000008020f2b178dd3ffdcL
  1; 15;137;0x8dd3ffdc3c000008020f2b5705d0ffddL
  1; 15;138;0x5d0ffdd3c000008020f2b9721d1ffdeL
  1; 15;139;0x21d1ffde3c000008020f2bd729ddffdfL
  1; 15;140;0x29ddffdf3c000008020f001735d4ffd0L
  1; 15;141;0x35d4ffd03c000008020f005769e5ffd1L
  1; 15;142;0x69e5ffd13c000008020f00977de0ffd2L
  1; 15;143;0x7de0ffd23c000008020f00d769dbffd3L
  1; 15;144;0x69dbffd33c000008020f0117adfdffd4L
  1; 15;145;0xadfdffd43c000008020f015731f0ffd5L
  1; 15;146;0x31f0ffd53c000008020f0197a9f0ffd6L
  1; 15;147;0xa9f0ffd63c000008020f29d6e5c8ffd7L
  1; 15;148;0xe5c8ffd73c000008020f2a1785d2ffd8L
  1; 15;149;0x85d2ffd83c000008020f2a56a9e2ffd9L
  1; 15;150;0xa9e2ffd93c000008020f2a9765f1ffdaL
  1; 15;151;0xbcbcbcbc3c000008020f33177dd4ffecL
  1; 15;152;0x7dd4ffec3c000008020f335705cfffedL
  1; 15;153;0x5cfffed3c000008020f339725d5ffeeL
  1; 15;154;0x25d5ffee3c000008020f33d72dd7ffefL
  1; 15;155;0x2dd7ffef3c000008020f301755d5ffe0L
  1; 15;156;0x55d5ffe03c000008020f305765e2ffe1L
  1; 15;157;0x65e2ffe13c000008020f309771e0ffe2L
  1; 15;158;0x71e0ffe23c000008020f30d759daffe3L
  1; 15;159;0x59daffe33c000008020f31179dfdffe4L
  1; 15;160;0x9dfdffe43c000008020f315719efffe5L
  1; 15;161;0x19efffe53c000008020f3197a9efffe6L
  1; 15;162;0xa9efffe63c000008020f31d6d5cbffe7L
  1; 15;163;0xd5cbffe73c000008020f321781d6ffe8L
  1; 15;164;0x81d6ffe83c000008020f325695dfffe9L
  1; 15;165;0x95dfffe93c000008020f32976df1ffeaL
  1; 15;166;0xbcbcbcbc3c000008020f3b1789d4fffcL
  1; 15;167;0x89d4fffc3c000008020f3b56f9cbfffdL
  1; 15;168;0xf9cbfffd3c000008020f3b9729cefffeL
  1; 15;169;0x29cefffe3c000008020f3bd739d7ffffL
  1; 15;170;0x39d7ffff3c000008020f381749d0fff0L
  1; 15;171;0x49d0fff03c000008020f385759e4fff1L
  1; 15;172;0x59e4fff13c000008020f389775defff2L
  1; 15;173;0x75defff23c000008020f38d755dafff3L
  1; 15;174;0x55dafff33c000008020f391799fbfff4L
  1; 15;175;0x99fbfff43c000008020f395719effff5L
  1; 15;176;0x19effff53c000008020f3997a1effff6L
  1; 15;177;0xa1effff63c000008020f39d6e1cdfff7L
  1; 15;178;0xe1cdfff73c000008020f3a1775d1fff8L
  1; 15;179;0x75d1fff83c000008020f3a5681dffff9L
  1; 15;180;0x81dffff93c000008020f3a9769eefffaL
  1; 15;181;0xbcbcbcbc3c000008020f2b178dd6ffccL
  1; 15;182;0x8dd6ffcc3c000008020f2b5715ceffcdL
  1; 15;183;0x15ceffcd3c000008020f2b971dd3ffceL
  1; 15;184;0x1dd3ffce3c000008020f2bd73dd8ffcfL
  1; 15;185;0x3dd8ffcf3c000008020f001741d6ffc0L
  1; 15;186;0x41d6ffc03c000008020f005779e2ffc1L
  1; 15;187;0x79e2ffc13c000008020f009769e1ffc2L
  1; 15;188;0x69e1ffc23c000008020f00d771dcffc3L
  1; 15;189;0x71dcffc33c000008020f0117b1fcffc4L
  1; 15;190;0xb1fcffc43c000008020f015725efffc5L
  1; 15;191;0x25efffc53c000008020f0197a9efffc6L
  1; 15;192;0xa9efffc63c000008020f29d6e1ceffc7L
  1; 15;193;0xe1ceffc73c000008020f2a1789d1ffc8L
  1; 15;194;0x89d1ffc83c000008020f2a569de0ffc9L
  1; 15;195;0x9de0ffc93c000008020f2a9775eeffcaL
  1; 15;196;0xbcbcbcbc3c000008020f331789d0ffdcL
  1; 15;197;0x89d0ffdc3c000008020f3356f5cfffddL
  1; 15;198;0xf5cfffdd3c000008020f339715cdffdeL
  1; 15;199;0x15cdffde3c000008020f33d725dbffdfL
  1; 15;200;0x25dbffdf3c000008020f301735d4ffd0L
  1; 15;201;0x35d4ffd03c000008020f305761e4ffd1L
  1; 15;202;0x61e4ffd13c000008020f309779e0ffd2L
  1; 15;203;0x79e0ffd23c000008020f30d761daffd3L
  1; 15;204;0x61daffd33c000008020f3117a1fcffd4L
  1; 15;205;0xa1fcffd43c000008020f315729efffd5L
  1; 15;206;0x29efffd53c000008020f3197a9efffd6L
  1; 15;207;0xa9efffd63c000008020f31d6d9c9ffd7L
  1; 15;208;0xd9c9ffd73c000008020f321779d1ffd8L
  1; 15;209;0x79d1ffd83c000008020f3256a9e1ffd9L
  1; 15;210;0xa9e1ffd93c000008020f329759efffdaL
  1; 15;211;0xbcbcbcbc3c000008020f3b1775d5ffecL
  1; 15;212;0x75d5ffec3c000008020f3b5709ceffedL
  1; 15;213;0x9ceffed3c000008020f3b9725d5ffeeL
  1; 15;214;0x25d5ffee3c000008020f3bd72dd7ffefL
  1; 15;215;0x2dd7ffef3c000008020f381751d6ffe0L
  1; 15;216;0x51d6ffe03c000008020f385769e1ffe1L
  1; 15;217;0x69e1ffe13c000008020f389771dfffe2L
  1; 15;218;0x71dfffe23c000008020f38d759dbffe3L
  1; 15;219;0x59dbffe33c000008020f391799feffe4L
  1; 15;220;0x99feffe43c000008020f395711efffe5L
  1; 15;221;0x11efffe53c000008020f3997a9efffe6L
  1; 15;222;0xa9efffe63c000008020f39d6d1c8ffe7L
  1; 15;223;0xd1c8ffe73c000008020f3a1775d5ffe8L
  1; 15;224;0x75d5ffe83c000008020f3a5699deffe9L
  1; 15;225;0x99deffe93c000008020f3a9765f1ffeaL
  1; 15;226;0xbcbcbcbc3c000008020f2b1789d5fffcL
  1; 15;227;0x89d5fffc3c000008020f2b56fdcbfffdL
  1; 15;228;0xfdcbfffd3c000008020f2b9731cffffeL
  1; 15;229;0x31cffffe3c000008020f2bd739d7ffffL
  1; 15;230;0x39d7ffff3c000008020f001749cffff0L
  1; 15;231;0x49cffff03c000008020f005761e4fff1L
  1; 15;232;0x61e4fff13c000008020f009771defff2L
  1; 15;233;0x71defff23c000008020f00d75ddbfff3L
  1; 15;234;0x5ddbfff33c000008020f01179dfcfff4L
  1; 15;235;0x9dfcfff43c000008020f015715effff5L
  1; 15;236;0x15effff53c000008020f0197a9eefff6L
  1; 15;237;0xa9eefff63c000008020f29d6d9cdfff7L
  1; 15;238;0xd9cdfff73c000008020f2a1779d3fff8L
  1; 15;239;0x79d3fff83c000008020f2a5685e0fff9L
  1; 15;240;0x85e0fff93c000008020f2a9765effffaL
  1; 15;241;0xbcbcbcbc3c000008020f33178dd4ffccL
  1; 15;242;0x8dd4ffcc3c000008020f33570dcdffcdL
  1; 15;243;0xdcdffcd3c000008020f339729d1ffceL
  1; 15;244;0x29d1ffce3c000008020f33d73dd8ffcfL
  1; 15;245;0x3dd8ffcf3c000008020f301741d5ffc0L
  1; 15;246;0x41d5ffc03c000008020f305771e2ffc1L
  1; 15;247;0x71e2ffc13c000008020f309769e1ffc2L
  1; 15;248;0x69e1ffc23c000008020f30d771ddffc3L
  1; 15;249;0x71ddffc33c000008020f3117adfcffc4L
  1; 15;250;0xadfcffc43c000008020f315729efffc5L
  1; 15;251;0x29efffc53c000008020f3197adf0ffc6L
  1; 15;252;0xadf0ffc63c000008020f31d6d9cdffc7L
  1; 15;253;0xd9cdffc73c000008020f321785d1ffc8L
  1; 15;254;0x85d1ffc83c000008020f3256a1e0ffc9L
  1; 15;255;0xa1e0ffc93c000008020f329775eeffcaL
  1; 15;256;0xbcbcbcbc3c000008020f3b1785d2ffdcL
  1; 16;  1;0xbcbcbcbc3c000008020f2b1739deffccL
  1; 16;  2;0x39deffcc3c000008020f2b56b5b2ffcdL
  1; 16;  3;0xb5b2ffcd3c000008020f2b96d9d7ffceL
  1; 16;  4;0xd9d7ffce3c000008020f2bd66191ffcfL
  1; 16;  5;0x6191ffcf3c000008020f00166db6ffc0L
  1; 16;  6;0x6db6ffc03c000008020f0056edd0ffc1L
  1; 16;  7;0xedd0ffc13c000008020f289761c2ffc2L
  1; 16;  8;0x61c2ffc23c000008020f28d741ebffc3L
  1; 16;  9;0x41ebffc33c000008020f291755e8ffc4L
  1; 16; 10;0x55e8ffc43c000008020f295755e7ff85L
  1; 16; 11;0x55e7ff853c000008020f299769d9ffc6L
  1; 16; 12;0x69d9ffc63c000008020f29d70de9ffc7L
  1; 16; 13;0xde9ffc73c000008020f2a165199ffc8L
  1; 16; 14;0x5199ffc83c000008020f2a56fda2ffc9L
  1; 16; 15;0xfda2ffc93c000008020f2a96b1b9ffcaL
  1; 16; 16;0xbcbcbcbc3c000008020f331739dbffdcL
  1; 16; 17;0x39dbffdc3c000008020f3356b9aeffddL
  1; 16; 18;0xb9aeffdd3c000008020f3396cddbffdeL
  1; 16; 19;0xcddbffde3c000008020f33d64d95ffdfL
  1; 16; 20;0x4d95ffdf3c000008020f30167db4ffd0L
  1; 16; 21;0x7db4ffd03c000008020f3056d9d0ffd1L
  1; 16; 22;0xd9d0ffd13c000008020f30976dc5ffd2L
  1; 16; 23;0x6dc5ffd23c000008020f30d741edffd3L
  1; 16; 24;0x41edffd33c000008020f31174de7ffd4L
  1; 16; 25;0x4de7ffd43c000008020f315749e6ff95L
  1; 16; 26;0x49e6ff953c000008020f319759d9ffd6L
  1; 16; 27;0x59d9ffd63c000008020f31d719e7ffd7L
  1; 16; 28;0x19e7ffd73c000008020f3216459cffd8L
  1; 16; 29;0x459cffd83c000008020f3256f9a9ffd9L
  1; 16; 30;0xf9a9ffd93c000008020f3296a9bcffdaL
  1; 16; 31;0xbcbcbcbc3c000008020f3b1731d9ffecL
  1; 16; 32;0x31d9ffec3c000008020f3b56adaeffedL
  1; 16; 33;0xadaeffed3c000008020f3b96c9d8ffeeL
  1; 16; 34;0xc9d8ffee3c000008020f3bd6458effefL
  1; 16; 35;0x458effef3c000008020f381649b0ffe0L
  1; 16; 36;0x49b0ffe03c000008020f3856c1ceffe1L
  1; 16; 37;0xc1ceffe13c000008020f38974dbcffe2L
  1; 16; 38;0x4dbcffe23c000008020f38d73de9ffe3L
  1; 16; 39;0x3de9ffe33c000008020f391755e6ffe4L
  1; 16; 40;0x55e6ffe43c000008020f395739e2ffa5L
  1; 16; 41;0x39e2ffa53c000008020f399765d5ffe6L
  1; 16; 42;0x65d5ffe63c000008020f39d705e8ffe7L
  1; 16; 43;0x5e8ffe73c000008020f3a163595ffe8L
  1; 16; 44;0x3595ffe83c000008020f3a56dda0ffe9L
  1; 16; 45;0xdda0ffe93c000008020f3a96a1b7ffeaL
  1; 16; 46;0xbcbcbcbc3c000008020f2b172dd7fffcL
  1; 16; 47;0x2dd7fffc3c000008020f2b56a5acfffdL
  1; 16; 48;0xa5acfffd3c000008020f2b96b1d8fffeL
  1; 16; 49;0xb1d8fffe3c000008020f2bd64d91ffffL
  1; 16; 50;0x4d91ffff3c000008020f001669b1fff0L
  1; 16; 51;0x69b1fff03c000008020f0056d9ccfff1L
  1; 16; 52;0xd9ccfff13c000008020f009751c3fff2L
  1; 16; 53;0x51c3fff23c000008020f00d735ebfff3L
  1; 16; 54;0x35ebfff33c000008020f011745e4fff4L
  1; 16; 55;0x45e4fff43c000008020f015741e4fff5L
  1; 16; 56;0x41e4fff53c000008020f019761d2fff6L
  1; 16; 57;0x61d2fff63c000008020f29d70de9fff7L
  1; 16; 58;0xde9fff73c000008020f2a16359afff8L
  1; 16; 59;0x359afff83c000008020f2a56e9a5fff9L
  1; 16; 60;0xe9a5fff93c000008020f2a969db9fffaL
  1; 16; 61;0xbcbcbcbc3c000008020f331741deffccL
  1; 16; 62;0x41deffcc3c000008020f3356bdb2ffcdL
  1; 16; 63;0xbdb2ffcd3c000008020f3396ddd9ffceL
  1; 16; 64;0xddd9ffce3c000008020f33d66191ffcfL
  1; 16; 65;0x6191ffcf3c000008020f301675b5ffc0L
  1; 16; 66;0x75b5ffc03c000008020f3056edd1ffc1L
  1; 16; 67;0xedd1ffc13c000008020f309761c2ffc2L
  1; 16; 68;0x61c2ffc23c000008020f30d745eeffc3L
  1; 16; 69;0x45eeffc33c000008020f311755e9ffc4L
  1; 16; 70;0x55e9ffc43c000008020f31574de7ffc5L
  1; 16; 71;0x4de7ffc53c000008020f319769d9ffc6L
  1; 16; 72;0x69d9ffc63c000008020f31d711e9ffc7L
  1; 16; 73;0x11e9ffc73c000008020f3216559bffc8L
  1; 16; 74;0x559bffc83c000008020f3256fda4ffc9L
  1; 16; 75;0xfda4ffc93c000008020f3296b5baffcaL
  1; 16; 76;0xbcbcbcbc3c000008020f3b1741dbffdcL
  1; 16; 77;0x41dbffdc3c000008020f3b56c1b1ffddL
  1; 16; 78;0xc1b1ffdd3c000008020f3b96d5dbffdeL
  1; 16; 79;0xd5dbffde3c000008020f3bd65196ffdfL
  1; 16; 80;0x5196ffdf3c000008020f38168db5ffd0L
  1; 16; 81;0x8db5ffd03c000008020f3856d9d2ffd1L
  1; 16; 82;0xd9d2ffd13c000008020f389775c5ffd2L
  1; 16; 83;0x75c5ffd23c000008020f38d745ecffd3L
  1; 16; 84;0x45ecffd33c000008020f391751e7ffd4L
  1; 16; 85;0x51e7ffd43c000008020f39574de5ff95L
  1; 16; 86;0x4de5ff953c000008020f399765d9ffd6L
  1; 16; 87;0x65d9ffd63c000008020f39d709e8ffd7L
  1; 16; 88;0x9e8ffd73c000008020f3a163d9bffd8L
  1; 16; 89;0x3d9bffd83c000008020f3a56f9a9ffd9L
  1; 16; 90;0xf9a9ffd93c000008020f3a96adbdffdaL
  1; 16; 91;0xbcbcbcbc3c000008020f2b1735dbffecL
  1; 16; 92;0x35dbffec3c000008020f2b56b5b0ffedL
  1; 16; 93;0xb5b0ffed3c000008020f2b96d9dcffeeL
  1; 16; 94;0xd9dcffee3c000008020f2bd65591ffefL
  1; 16; 95;0x5591ffef3c000008020f001655b3ffe0L
  1; 16; 96;0x55b3ffe03c000008020f0056d5d3ffe1L
  1; 16; 97;0xd5d3ffe13c000008020f009759bdffe2L
  1; 16; 98;0x59bdffe23c000008020f00d745ebffe3L
  1; 16; 99;0x45ebffe33c000008020f011759e7ffe4L
  1; 16;100;0x59e7ffe43c000008020f015749e3ffa5L
  1; 16;101;0x49e3ffa53c000008020f019771d6ffe6L
  1; 16;102;0x71d6ffe63c000008020f29d711eaffe7L
  1; 16;103;0x11eaffe73c000008020f2a16499bffe8L
  1; 16;104;0x499bffe83c000008020f2a56eda2ffe9L
  1; 16;105;0xeda2ffe93c000008020f2a96b5baffeaL
  1; 16;106;0xbcbcbcbc3c000008020f331729d6fffcL
  1; 16;107;0x29d6fffc3c000008020f3356adabfffdL
  1; 16;108;0xadabfffd3c000008020f3396b5d9fffeL
  1; 16;109;0xb5d9fffe3c000008020f33d64d91ffffL
  1; 16;110;0x4d91ffff3c000008020f301661b1fff0L
  1; 16;111;0x61b1fff03c000008020f3056d5cdfff1L
  1; 16;112;0xd5cdfff13c000008020f309751c1fff2L
  1; 16;113;0x51c1fff23c000008020f30d735ebfff3L
  1; 16;114;0x35ebfff33c000008020f311749e4fff4L
  1; 16;115;0x49e4fff43c000008020f315741e5fff5L
  1; 16;116;0x41e5fff53c000008020f319761d0fff6L
  1; 16;117;0x61d0fff63c000008020f31d705e7fff7L
  1; 16;118;0x5e7fff73c000008020f32162d97fff8L
  1; 16;119;0x2d97fff83c000008020f3256e1a7fff9L
  1; 16;120;0xe1a7fff93c000008020f329691b9fffaL
  1; 16;121;0xbcbcbcbc3c000008020f3b1735dcffccL
  1; 16;122;0x35dcffcc3c000008020f3b56a9adffcdL
  1; 16;123;0xa9adffcd3c000008020f3b96d1d8ffceL
  1; 16;124;0xd1d8ffce3c000008020f3bd6598cffcfL
  1; 16;125;0x598cffcf3c000008020f38166db1ffc0L
  1; 16;126;0x6db1ffc03c000008020f3856e5cdffc1L
  1; 16;127;0xe5cdffc13c000008020f389755bfffc2L
  1; 16;128;0x55bfffc23c000008020f38d73debffc3L
  1; 16;129;0x3debffc33c000008020f39174de7ffc4L
  1; 16;130;0x4de7ffc43c000008020f395749e6ff85L
  1; 16;131;0x49e6ff853c000008020f399761d7ffc6L
  1; 16;132;0x61d7ffc63c000008020f39d701e9ffc7L
  1; 16;133;0x1e9ffc73c000008020f3a164598ffc8L
  1; 16;134;0x4598ffc83c000008020f3a56f9a2ffc9L
  1; 16;135;0xf9a2ffc93c000008020f3a96adb9ffcaL
  1; 16;136;0xbcbcbcbc3c000008020f2b1745dbffdcL
  1; 16;137;0x45dbffdc3c000008020f2b56c5aeffddL
  1; 16;138;0xc5aeffdd3c000008020f2b96d5dbffdeL
  1; 16;139;0xd5dbffde3c000008020f2bd65194ffdfL
  1; 16;140;0x5194ffdf3c000008020f001681b5ffd0L
  1; 16;141;0x81b5ffd03c000008020f0056d9cfffd1L
  1; 16;142;0xd9cfffd13c000008020f00976dc4ffd2L
  1; 16;143;0x6dc4ffd23c000008020f00d741ecffd3L
  1; 16;144;0x41ecffd33c000008020f011751e7ffd4L
  1; 16;145;0x51e7ffd43c000008020f01574de5ffd5L
  1; 16;146;0x4de5ffd53c000008020f019761d9ffd6L
  1; 16;147;0x61d9ffd63c000008020f29d715e8ffd7L
  1; 16;148;0x15e8ffd73c000008020f2a16359affd8L
  1; 16;149;0x359affd83c000008020f2a56f5a9ffd9L
  1; 16;150;0xf5a9ffd93c000008020f2a96b1bcffdaL
  1; 16;151;0xbcbcbcbc3c000008020f33173ddbffecL
  1; 16;152;0x3ddbffec3c000008020f3356bdb2ffedL
  1; 16;153;0xbdb2ffed3c000008020f3396d9daffeeL
  1; 16;154;0xd9daffee3c000008020f33d65592ffefL
  1; 16;155;0x5592ffef3c000008020f301659b6ffe0L
  1; 16;156;0x59b6ffe03c000008020f3056d9d2ffe1L
  1; 16;157;0xd9d2ffe13c000008020f309765bfffe2L
  1; 16;158;0x65bfffe23c000008020f30d745ebffe3L
  1; 16;159;0x45ebffe33c000008020f31175de8ffe4L
  1; 16;160;0x5de8ffe43c000008020f31574de7ffa5L
  1; 16;161;0x4de7ffa53c000008020f319775d8ffe6L
  1; 16;162;0x75d8ffe63c000008020f31d711eaffe7L
  1; 16;163;0x11eaffe73c000008020f3216499affe8L
  1; 16;164;0x499affe83c000008020f3256e5a3ffe9L
  1; 16;165;0xe5a3ffe93c000008020f3296adbbffeaL
  1; 16;166;0xbcbcbcbc3c000008020f3b1731d7fffcL
  1; 16;167;0x31d7fffc3c000008020f3b56adadfffdL
  1; 16;168;0xadadfffd3c000008020f3b96b9d7fffeL
  1; 16;169;0xb9d7fffe3c000008020f3bd65995ffffL
  1; 16;170;0x5995ffff3c000008020f381665b2fff0L
  1; 16;171;0x65b2fff03c000008020f3856e5cdfff1L
  1; 16;172;0xe5cdfff13c000008020f389755c2fff2L
  1; 16;173;0x55c2fff23c000008020f38d731eafff3L
  1; 16;174;0x31eafff33c000008020f391749e5fff4L
  1; 16;175;0x49e5fff43c000008020f395749e5fff5L
  1; 16;176;0x49e5fff53c000008020f399765d1fff6L
  1; 16;177;0x65d1fff63c000008020f39d709e9fff7L
  1; 16;178;0x9e9fff73c000008020f3a162d9afff8L
  1; 16;179;0x2d9afff83c000008020f3a56f1a6fff9L
  1; 16;180;0xf1a6fff93c000008020f3a96a1bbfffaL
  1; 16;181;0xbcbcbcbc3c000008020f2b1739ddffccL
  1; 16;182;0x39ddffcc3c000008020f2b56b5adffcdL
  1; 16;183;0xb5adffcd3c000008020f2b96d5d8ffceL
  1; 16;184;0xd5d8ffce3c000008020f2bd6598effcfL
  1; 16;185;0x598effcf3c000008020f00166db5ffc0L
  1; 16;186;0x6db5ffc03c000008020f0056e5cfffc1L
  1; 16;187;0xe5cfffc13c000008020f009755bfffc2L
  1; 16;188;0x55bfffc23c000008020f00d739ebffc3L
  1; 16;189;0x39ebffc33c000008020f011751e9ffc4L
  1; 16;190;0x51e9ffc43c000008020f01574de7ffc5L
  1; 16;191;0x4de7ffc53c000008020f019765daffc6L
  1; 16;192;0x65daffc63c000008020f29d709e9ffc7L
  1; 16;193;0x9e9ffc73c000008020f2a164d99ffc8L
  1; 16;194;0x4d99ffc83c000008020f2a56fda3ffc9L
  1; 16;195;0xfda3ffc93c000008020f2a96b1b7ffcaL
  1; 16;196;0xbcbcbcbc3c000008020f331731d7ffdcL
  1; 16;197;0x31d7ffdc3c000008020f3356b1acffddL
  1; 16;198;0xb1acffdd3c000008020f3396c5d8ffdeL
  1; 16;199;0xc5d8ffde3c000008020f33d64d92ffdfL
  1; 16;200;0x4d92ffdf3c000008020f301675b1ffd0L
  1; 16;201;0x75b1ffd03c000008020f3056c9cdffd1L
  1; 16;202;0xc9cdffd13c000008020f309761c0ffd2L
  1; 16;203;0x61c0ffd23c000008020f30d735ecffd3L
  1; 16;204;0x35ecffd33c000008020f311745e6ffd4L
  1; 16;205;0x45e6ffd43c000008020f315735e2ff95L
  1; 16;206;0x35e2ff953c000008020f319759d8ffd6L
  1; 16;207;0x59d8ffd63c000008020f31d705e7ffd7L
  1; 16;208;0x5e7ffd73c000008020f32163199ffd8L
  1; 16;209;0x3199ffd83c000008020f3256e9a7ffd9L
  1; 16;210;0xe9a7ffd93c000008020f3296a5b9ffdaL
  1; 16;211;0xbcbcbcbc3c000008020f3b1735daffecL
  1; 16;212;0x35daffec3c000008020f3b56b9aeffedL
  1; 16;213;0xb9aeffed3c000008020f3b96d5daffeeL
  1; 16;214;0xd5daffee3c000008020f3bd65591ffefL
  1; 16;215;0x5591ffef3c000008020f381655b4ffe0L
  1; 16;216;0x55b4ffe03c000008020f3856d1d1ffe1L
  1; 16;217;0xd1d1ffe13c000008020f389755bfffe2L
  1; 16;218;0x55bfffe23c000008020f38d741ebffe3L
  1; 16;219;0x41ebffe33c000008020f39175de8ffe4L
  1; 16;220;0x5de8ffe43c000008020f395745e4ffa5L
  1; 16;221;0x45e4ffa53c000008020f39976dd5ffe6L
  1; 16;222;0x6dd5ffe63c000008020f39d711eaffe7L
  1; 16;223;0x11eaffe73c000008020f3a16459affe8L
  1; 16;224;0x459affe83c000008020f3a56e5a0ffe9L
  1; 16;225;0xe5a0ffe93c000008020f3a96b1b9ffeaL
  1; 16;226;0xbcbcbcbc3c000008020f2b1735d8fffcL
  1; 16;227;0x35d8fffc3c000008020f2b56adadfffdL
  1; 16;228;0xadadfffd3c000008020f2b96bdd9fffeL
  1; 16;229;0xbdd9fffe3c000008020f2bd65594ffffL
  1; 16;230;0x5594ffff3c000008020f001669b4fff0L
  1; 16;231;0x69b4fff03c000008020f0056e9cefff1L
  1; 16;232;0xe9cefff13c000008020f009755c5fff2L
  1; 16;233;0x55c5fff23c000008020f00d739edfff3L
  1; 16;234;0x39edfff33c000008020f01174de5fff4L
  1; 16;235;0x4de5fff43c000008020f015745e5ffb5L
  1; 16;236;0x45e5ffb53c000008020f019769d4fff6L
  1; 16;237;0x69d4fff63c000008020f29d711eafff7L
  1; 16;238;0x11eafff73c000008020f2a16419afff8L
  1; 16;239;0x419afff83c000008020f2a56f1a7fff9L
  1; 16;240;0xf1a7fff93c000008020f2a96a1bbfffaL
  1; 16;241;0xbcbcbcbc3c000008020f331741ddffccL
  1; 16;242;0x41ddffcc3c000008020f3356b5b0ffcdL
  1; 16;243;0xb5b0ffcd3c000008020f3396d9d7ffceL
  1; 16;244;0xd9d7ffce3c000008020f33d6598effcfL
  1; 16;245;0x598effcf3c000008020f30166db2ffc0L
  1; 16;246;0x6db2ffc03c000008020f3056f1ceffc1L
  1; 16;247;0xf1ceffc13c000008020f309759c0ffc2L
  1; 16;248;0x59c0ffc23c000008020f30d745ebffc3L
  1; 16;249;0x45ebffc33c000008020f31174de8ffc4L
  1; 16;250;0x4de8ffc43c000008020f315751e8ffc5L
  1; 16;251;0x51e8ffc53c000008020f319769d9ffc6L
  1; 16;252;0x69d9ffc63c000008020f31d709eaffc7L
  1; 16;253;0x9eaffc73c000008020f32165599ffc8L
  1; 16;254;0x5599ffc83c000008020f3256fda3ffc9L
  1; 16;255;0xfda3ffc93c000008020f3296adb9ffcaL
  1; 16;256;0xbcbcbcbc3c000008020f3b1735d7ffdcL
  1; 17;  1;0xbcbcbcbc3c000008020f2b16d5d2ffccL
  1; 17;  2;0xd5d2ffcc3c000008020f2b56add5ffcdL
  1; 17;  3;0xadd5ffcd3c000008020f2b9665aaffceL
  1; 17;  4;0x65aaffce3c000008020f2bd6ed9fffcfL
  1; 17;  5;0xed9fffcf3c000008020f001769d6ffc0L
  1; 17;  6;0x69d6ffc03c000008020f0056b9c8ffc1L
  1; 17;  7;0xb9c8ffc13c000008020f289771d2ffc2L
  1; 17;  8;0x71d2ffc23c000008020f28d7add5ffc3L
  1; 17;  9;0xadd5ffc33c000008020f29172debffc4L
  1; 17; 10;0x2debffc43c000008020f29570defffc5L
  1; 17; 11;0xdefffc53c000008020f299781f8ffc6L
  1; 17; 12;0x81f8ffc63c000008020f29d7a9eaffc7L
  1; 17; 13;0xa9eaffc73c000008020f2a1789d6ffc8L
  1; 17; 14;0x89d6ffc83c000008020f2a5735d6ffc9L
  1; 17; 15;0x35d6ffc93c000008020f2a972de1ffcaL
  1; 17; 16;0xbcbcbcbc3c000008020f3316b9d0ffdcL
  1; 17; 17;0xb9d0ffdc3c000008020f3356b5d9ffddL
  1; 17; 18;0xb5d9ffdd3c000008020f339659a7ffdeL
  1; 17; 19;0x59a7ffde3c000008020f33d6f5a2ffdfL
  1; 17; 20;0xf5a2ffdf3c000008020f301761d1ffd0L
  1; 17; 21;0x61d1ffd03c000008020f3056b1c8ffd1L
  1; 17; 22;0xb1c8ffd13c000008020f309765d0ffd2L
  1; 17; 23;0x65d0ffd23c000008020f30d7a5d4ffd3L
  1; 17; 24;0xa5d4ffd33c000008020f311731e5ffd4L
  1; 17; 25;0x31e5ffd43c000008020f3156fdefffd5L
  1; 17; 26;0xfdefffd53c000008020f319785f6ffd6L
  1; 17; 27;0x85f6ffd63c000008020f31d7a5ebffd7L
  1; 17; 28;0xa5ebffd73c000008020f321785d8ffd8L
  1; 17; 29;0x85d8ffd83c000008020f32572dd5ffd9L
  1; 17; 30;0x2dd5ffd93c000008020f329745e2ffdaL
  1; 17; 31;0xbcbcbcbc3c000008020f3b16d5ceffecL
  1; 17; 32;0xd5ceffec3c000008020f3b56b1d7ffedL
  1; 17; 33;0xb1d7ffed3c000008020f3b9655a8ffeeL
  1; 17; 34;0x55a8ffee3c000008020f3bd6d1a2ffefL
  1; 17; 35;0xd1a2ffef3c000008020f38175dd5ffe0L
  1; 17; 36;0x5dd5ffe03c000008020f3856c1c9ffe1L
  1; 17; 37;0xc1c9ffe13c000008020f389779d3ffe2L
  1; 17; 38;0x79d3ffe23c000008020f38d7b5d5ffe3L
  1; 17; 39;0xb5d5ffe33c000008020f39172de8ffe4L
  1; 17; 40;0x2de8ffe43c000008020f3956edefffe5L
  1; 17; 41;0xedefffe53c000008020f399799f7ffe6L
  1; 17; 42;0x99f7ffe63c000008020f39d79deaffe7L
  1; 17; 43;0x9deaffe73c000008020f3a1781d6ffe8L
  1; 17; 44;0x81d6ffe83c000008020f3a572dd5ffe9L
  1; 17; 45;0x2dd5ffe93c000008020f3a9731daffeaL
  1; 17; 46;0xbcbcbcbc3c000008020f2b16d9cffffcL
  1; 17; 47;0xd9cffffc3c000008020f2b5691d3fffdL
  1; 17; 48;0x91d3fffd3c000008020f2b9655a3fffeL
  1; 17; 49;0x55a3fffe3c000008020f2bd6cda0ffffL
  1; 17; 50;0xcda0ffff3c000008020f001759d3fff0L
  1; 17; 51;0x59d3fff03c000008020f0056b5c7fff1L
  1; 17; 52;0xb5c7fff13c000008020f009769cffff2L
  1; 17; 53;0x69cffff23c000008020f00d7b1d2fff3L
  1; 17; 54;0xb1d2fff33c000008020f011731e7fff4L
  1; 17; 55;0x31e7fff43c000008020f015705effff5L
  1; 17; 56;0x5effff53c000008020f01977df6fff6L
  1; 17; 57;0x7df6fff63c000008020f29d7a5e7fff7L
  1; 17; 58;0xa5e7fff73c000008020f2a177dd2fff8L
  1; 17; 59;0x7dd2fff83c000008020f2a5731d4fff9L
  1; 17; 60;0x31d4fff93c000008020f2a972ddafffaL
  1; 17; 61;0xbcbcbcbc3c000008020f3316cdcdffccL
  1; 17; 62;0xcdcdffcc3c000008020f3356b1d3ffcdL
  1; 17; 63;0xb1d3ffcd3c000008020f339655a8ffceL
  1; 17; 64;0x55a8ffce3c000008020f33d6e59effcfL
  1; 17; 65;0xe59effcf3c000008020f30175dd3ffc0L
  1; 17; 66;0x5dd3ffc03c000008020f3056b5c7ffc1L
  1; 17; 67;0xb5c7ffc13c000008020f30976dceffc2L
  1; 17; 68;0x6dceffc23c000008020f30d7a9d4ffc3L
  1; 17; 69;0xa9d4ffc33c000008020f311725eaffc4L
  1; 17; 70;0x25eaffc43c000008020f3156fdefffc5L
  1; 17; 71;0xfdefffc53c000008020f31977df7ffc6L
  1; 17; 72;0x7df7ffc63c000008020f31d7a5e6ffc7L
  1; 17; 73;0xa5e6ffc73c000008020f321781d4ffc8L
  1; 17; 74;0x81d4ffc83c000008020f32572dd5ffc9L
  1; 17; 75;0x2dd5ffc93c000008020f32971de0ffcaL
  1; 17; 76;0xbcbcbcbc3c000008020f3b16c1d1ffdcL
  1; 17; 77;0xc1d1ffdc3c000008020f3b56b9d9ffddL
  1; 17; 78;0xb9d9ffdd3c000008020f3b965da9ffdeL
  1; 17; 79;0x5da9ffde3c000008020f3bd6eda3ffdfL
  1; 17; 80;0xeda3ffdf3c000008020f381765d1ffd0L
  1; 17; 81;0x65d1ffd03c000008020f3856b5caffd1L
  1; 17; 82;0xb5caffd13c000008020f38976dd2ffd2L
  1; 17; 83;0x6dd2ffd23c000008020f38d7a9d5ffd3L
  1; 17; 84;0xa9d5ffd33c000008020f391735e5ffd4L
  1; 17; 85;0x35e5ffd43c000008020f395705efffd5L
  1; 17; 86;0x5efffd53c000008020f399781f7ffd6L
  1; 17; 87;0x81f7ffd63c000008020f39d7a9ebffd7L
  1; 17; 88;0xa9ebffd73c000008020f3a1781d9ffd8L
  1; 17; 89;0x81d9ffd83c000008020f3a572dd4ffd9L
  1; 17; 90;0x2dd4ffd93c000008020f3a9745e2ffdaL
  1; 17; 91;0xbcbcbcbc3c000008020f2b16d9ceffecL
  1; 17; 92;0xd9ceffec3c000008020f2b56b1d7ffedL
  1; 17; 93;0xb1d7ffed3c000008020f2b9665a9ffeeL
  1; 17; 94;0x65a9ffee3c000008020f2bd6dda6ffefL
  1; 17; 95;0xdda6ffef3c000008020f00175dd5ffe0L
  1; 17; 96;0x5dd5ffe03c000008020f0056cdcbffe1L
  1; 17; 97;0xcdcbffe13c000008020f009781d3ffe2L
  1; 17; 98;0x81d3ffe23c000008020f00d7add5ffe3L
  1; 17; 99;0xadd5ffe33c000008020f011731e8ffe4L
  1; 17;100;0x31e8ffe43c000008020f0156f1efffe5L
  1; 17;101;0xf1efffe53c000008020f0197a1f8ffe6L
  1; 17;102;0xa1f8ffe63c000008020f29d7a5ebffe7L
  1; 17;103;0xa5ebffe73c000008020f2a1781d8ffe8L
  1; 17;104;0x81d8ffe83c000008020f2a5729d6ffe9L
  1; 17;105;0x29d6ffe93c000008020f2a9731dbffeaL
  1; 17;106;0xbcbcbcbc3c000008020f3316d1d1fffcL
  1; 17;107;0xd1d1fffc3c000008020f335689d4fffdL
  1; 17;108;0x89d4fffd3c000008020f339655a3fffeL
  1; 17;109;0x55a3fffe3c000008020f33d6cd9effffL
  1; 17;110;0xcd9effff3c000008020f301761d4fff0L
  1; 17;111;0x61d4fff03c000008020f3056b1c6fff1L
  1; 17;112;0xb1c6fff13c000008020f309769d0fff2L
  1; 17;113;0x69d0fff23c000008020f30d7b1d1fff3L
  1; 17;114;0xb1d1fff33c000008020f31172de6fff4L
  1; 17;115;0x2de6fff43c000008020f315709eefff5L
  1; 17;116;0x9eefff53c000008020f31977df6fff6L
  1; 17;117;0x7df6fff63c000008020f31d7a1e7fff7L
  1; 17;118;0xa1e7fff73c000008020f321775cffff8L
  1; 17;119;0x75cffff83c000008020f325729d4fff9L
  1; 17;120;0x29d4fff93c000008020f32972ddbfffaL
  1; 17;121;0xbcbcbcbc3c000008020f3b16d5cfffccL
  1; 17;122;0xd5cfffcc3c000008020f3b56a1d3ffcdL
  1; 17;123;0xa1d3ffcd3c000008020f3b965da7ffceL
  1; 17;124;0x5da7ffce3c000008020f3bd6e19effcfL
  1; 17;125;0xe19effcf3c000008020f38175dd2ffc0L
  1; 17;126;0x5dd2ffc03c000008020f3856b1c8ffc1L
  1; 17;127;0xb1c8ffc13c000008020f389765cdffc2L
  1; 17;128;0x65cdffc23c000008020f38d7a9d4ffc3L
  1; 17;129;0xa9d4ffc33c000008020f39172de9ffc4L
  1; 17;130;0x2de9ffc43c000008020f3956fdeeffc5L
  1; 17;131;0xfdeeffc53c000008020f399781f7ffc6L
  1; 17;132;0x81f7ffc63c000008020f39d7a5e7ffc7L
  1; 17;133;0xa5e7ffc73c000008020f3a1781d5ffc8L
  1; 17;134;0x81d5ffc83c000008020f3a572dd5ffc9L
  1; 17;135;0x2dd5ffc93c000008020f3a971ddfffcaL
  1; 17;136;0xbcbcbcbc3c000008020f2b16c1d2ffdcL
  1; 17;137;0xc1d2ffdc3c000008020f2b56b1d9ffddL
  1; 17;138;0xb1d9ffdd3c000008020f2b9661a9ffdeL
  1; 17;139;0x61a9ffde3c000008020f2bd6f1a3ffdfL
  1; 17;140;0xf1a3ffdf3c000008020f001765d2ffd0L
  1; 17;141;0x65d2ffd03c000008020f0056b5caffd1L
  1; 17;142;0xb5caffd13c000008020f009769d1ffd2L
  1; 17;143;0x69d1ffd23c000008020f00d7a9d3ffd3L
  1; 17;144;0xa9d3ffd33c000008020f011739e6ffd4L
  1; 17;145;0x39e6ffd43c000008020f0156fdefffd5L
  1; 17;146;0xfdefffd53c000008020f019781f7ffd6L
  1; 17;147;0x81f7ffd63c000008020f29d7a5ecffd7L
  1; 17;148;0xa5ecffd73c000008020f2a1779d8ffd8L
  1; 17;149;0x79d8ffd83c000008020f2a5725d5ffd9L
  1; 17;150;0x25d5ffd93c000008020f2a9749e2ffdaL
  1; 17;151;0xbcbcbcbc3c000008020f3316ddd0ffecL
  1; 17;152;0xddd0ffec3c000008020f3356b1d6ffedL
  1; 17;153;0xb1d6ffed3c000008020f339669a9ffeeL
  1; 17;154;0x69a9ffee3c000008020f33d6d9a4ffefL
  1; 17;155;0xd9a4ffef3c000008020f301755d6ffe0L
  1; 17;156;0x55d6ffe03c000008020f3056b9caffe1L
  1; 17;157;0xb9caffe13c000008020f30977dd3ffe2L
  1; 17;158;0x7dd3ffe23c000008020f30d7b1d5ffe3L
  1; 17;159;0xb1d5ffe33c000008020f311731e8ffe4L
  1; 17;160;0x31e8ffe43c000008020f3156f1efffe5L
  1; 17;161;0xf1efffe53c000008020f319795f7ffe6L
  1; 17;162;0x95f7ffe63c000008020f31d7a9eaffe7L
  1; 17;163;0xa9eaffe73c000008020f321781d7ffe8L
  1; 17;164;0x81d7ffe83c000008020f32572dd6ffe9L
  1; 17;165;0x2dd6ffe93c000008020f329731dbffeaL
  1; 17;166;0xbcbcbcbc3c000008020f3b16ddd1fffcL
  1; 17;167;0xddd1fffc3c000008020f3b5699d3fffdL
  1; 17;168;0x99d3fffd3c000008020f3b965da4fffeL
  1; 17;169;0x5da4fffe3c000008020f3bd6d9a3ffffL
  1; 17;170;0xd9a3ffff3c000008020f381761d5fff0L
  1; 17;171;0x61d5fff03c000008020f3856b1c8fff1L
  1; 17;172;0xb1c8fff13c000008020f38976dcffff2L
  1; 17;173;0x6dcffff23c000008020f38d7b1d3fff3L
  1; 17;174;0xb1d3fff33c000008020f391739e7fff4L
  1; 17;175;0x39e7fff43c000008020f39570df0fff5L
  1; 17;176;0xdf0fff53c000008020f399785f7fff6L
  1; 17;177;0x85f7fff63c000008020f39d7a5eafff7L
  1; 17;178;0xa5eafff73c000008020f3a1779d2fff8L
  1; 17;179;0x79d2fff83c000008020f3a572dd5fff9L
  1; 17;180;0x2dd5fff93c000008020f3a9735dcfffaL
  1; 17;181;0xbcbcbcbc3c000008020f2b16cdcfffccL
  1; 17;182;0xcdcfffcc3c000008020f2b56a1d4ffcdL
  1; 17;183;0xa1d4ffcd3c000008020f2b965da7ffceL
  1; 17;184;0x5da7ffce3c000008020f2bd6e19dffcfL
  1; 17;185;0xe19dffcf3c000008020f001759d3ffc0L
  1; 17;186;0x59d3ffc03c000008020f0056adc6ffc1L
  1; 17;187;0xadc6ffc13c000008020f00976dceffc2L
  1; 17;188;0x6dceffc23c000008020f00d7a9d3ffc3L
  1; 17;189;0xa9d3ffc33c000008020f011729e9ffc4L
  1; 17;190;0x29e9ffc43c000008020f015701eeffc5L
  1; 17;191;0x1eeffc53c000008020f01977df7ffc6L
  1; 17;192;0x7df7ffc63c000008020f29d7a9e8ffc7L
  1; 17;193;0xa9e8ffc73c000008020f2a1789d4ffc8L
  1; 17;194;0x89d4ffc83c000008020f2a5729d5ffc9L
  1; 17;195;0x29d5ffc93c000008020f2a971de1ffcaL
  1; 17;196;0xbcbcbcbc3c000008020f3316c1ceffdcL
  1; 17;197;0xc1ceffdc3c000008020f3356add7ffddL
  1; 17;198;0xadd7ffdd3c000008020f339655a7ffdeL
  1; 17;199;0x55a7ffde3c000008020f33d6e9a4ffdfL
  1; 17;200;0xe9a4ffdf3c000008020f30175dcfffd0L
  1; 17;201;0x5dcfffd03c000008020f3056b1c5ffd1L
  1; 17;202;0xb1c5ffd13c000008020f309765cfffd2L
  1; 17;203;0x65cfffd23c000008020f30d7a9d1ffd3L
  1; 17;204;0xa9d1ffd33c000008020f31172de5ffd4L
  1; 17;205;0x2de5ffd43c000008020f3156f5efffd5L
  1; 17;206;0xf5efffd53c000008020f319775f7ffd6L
  1; 17;207;0x75f7ffd63c000008020f31d7a1ebffd7L
  1; 17;208;0xa1ebffd73c000008020f321779d7ffd8L
  1; 17;209;0x79d7ffd83c000008020f325725d3ffd9L
  1; 17;210;0x25d3ffd93c000008020f32973de1ffdaL
  1; 17;211;0xbcbcbcbc3c000008020f3b16ddceffecL
  1; 17;212;0xddceffec3c000008020f3b56b9d7ffedL
  1; 17;213;0xb9d7ffed3c000008020f3b9661a7ffeeL
  1; 17;214;0x61a7ffee3c000008020f3bd6d9a3ffefL
  1; 17;215;0xd9a3ffef3c000008020f38175dd4ffe0L
  1; 17;216;0x5dd4ffe03c000008020f3856c5caffe1L
  1; 17;217;0xc5caffe13c000008020f389779d3ffe2L
  1; 17;218;0x79d3ffe23c000008020f38d7b1d6ffe3L
  1; 17;219;0xb1d6ffe33c000008020f391735e9ffe4L
  1; 17;220;0x35e9ffe43c000008020f3956edefffe5L
  1; 17;221;0xedefffe53c000008020f399799f7ffe6L
  1; 17;222;0x99f7ffe63c000008020f39d7a1eaffe7L
  1; 17;223;0xa1eaffe73c000008020f3a1785d8ffe8L
  1; 17;224;0x85d8ffe83c000008020f3a572dd5ffe9L
  1; 17;225;0x2dd5ffe93c000008020f3a9731dbffeaL
  1; 17;226;0xbcbcbcbc3c000008020f2b16d5d2fffcL
  1; 17;227;0xd5d2fffc3c000008020f2b5695d3fffdL
  1; 17;228;0x95d3fffd3c000008020f2b965da4fffeL
  1; 17;229;0x5da4fffe3c000008020f2bd6d5a3ffffL
  1; 17;230;0xd5a3ffff3c000008020f001765d5fff0L
  1; 17;231;0x65d5fff03c000008020f0056b1c8fff1L
  1; 17;232;0xb1c8fff13c000008020f00976dcffff2L
  1; 17;233;0x6dcffff23c000008020f00d7add3fff3L
  1; 17;234;0xadd3fff33c000008020f011739e9fff4L
  1; 17;235;0x39e9fff43c000008020f01570deffff5L
  1; 17;236;0xdeffff53c000008020f019785f7fff6L
  1; 17;237;0x85f7fff63c000008020f29d7a5e8fff7L
  1; 17;238;0xa5e8fff73c000008020f2a177dd2fff8L
  1; 17;239;0x7dd2fff83c000008020f2a572dd5fff9L
  1; 17;240;0x2dd5fff93c000008020f2a9735dbfffaL
  1; 17;241;0xbcbcbcbc3c000008020f3316d9d1ffccL
  1; 17;242;0xd9d1ffcc3c000008020f3356a9d5ffcdL
  1; 17;243;0xa9d5ffcd3c000008020f339661a9ffceL
  1; 17;244;0x61a9ffce3c000008020f33d6e99fffcfL
  1; 17;245;0xe99fffcf3c000008020f301761d5ffc0L
  1; 17;246;0x61d5ffc03c000008020f3056bdcbffc1L
  1; 17;247;0xbdcbffc13c000008020f309771d2ffc2L
  1; 17;248;0x71d2ffc23c000008020f30d7b1d5ffc3L
  1; 17;249;0xb1d5ffc33c000008020f311731eaffc4L
  1; 17;250;0x31eaffc43c000008020f315709efffc5L
  1; 17;251;0x9efffc53c000008020f319785f8ffc6L
  1; 17;252;0x85f8ffc63c000008020f31d7ade8ffc7L
  1; 17;253;0xade8ffc73c000008020f32178dd6ffc8L
  1; 17;254;0x8dd6ffc83c000008020f325731d6ffc9L
  1; 17;255;0x31d6ffc93c000008020f329729e2ffcaL
  1; 17;256;0xbcbcbcbc3c000008020f3b16b9d0ffdcL
  1; 18;  1;0xbcbcbcbc3c000008020f2b17c5eeffccL
  1; 18;  2;0xc5eeffcc3c000008020f2b57ddfaffcdL
  1; 18;  3;0xddfaffcd3c000008020f2b97fdffff8eL
  1; 18;  4;0xfdffff8e3c000008020f2bd7a9f9ffcfL
  1; 18;  5;0xa9f9ffcf3c000008020f0017e9fbffc0L
  1; 18;  6;0xe9fbffc03c000008020f00577deeffc1L
  1; 18;  7;0x7deeffc13c000008020f2897d1f6ffc2L
  1; 18;  8;0xd1f6ffc23c000008020f28d7f5ffffc3L
  1; 18;  9;0xf5ffffc33c000008020f2917fdffffc4L
  1; 18; 10;0xfdffffc43c000008020f2957c1f0ffc5L
  1; 18; 11;0xc1f0ffc53c000008020f2997f1f9ffc6L
  1; 18; 12;0xf1f9ffc63c000008020f29d7d5f6ff87L
  1; 18; 13;0xd5f6ff873c000008020f2a17c1f2ffc8L
  1; 18; 14;0xc1f2ffc83c000008020f2a56f1ebffc9L
  1; 18; 15;0xf1ebffc93c000008020f2a97e9edffcaL
  1; 18; 16;0xbcbcbcbc3c000008020f3317c5edffdcL
  1; 18; 17;0xc5edffdc3c000008020f3357d9fbffddL
  1; 18; 18;0xd9fbffdd3c000008020f3397fdffff9eL
  1; 18; 19;0xfdffff9e3c000008020f33d7b1f9ffdfL
  1; 18; 20;0xb1f9ffdf3c000008020f3017edfaffd0L
  1; 18; 21;0xedfaffd03c000008020f305769eeffd1L
  1; 18; 22;0x69eeffd13c000008020f3097d1f5ffd2L
  1; 18; 23;0xd1f5ffd23c000008020f30d7f5ffffd3L
  1; 18; 24;0xf5ffffd33c000008020f3117fdffffd4L
  1; 18; 25;0xfdffffd43c000008020f3157c1efffd5L
  1; 18; 26;0xc1efffd53c000008020f3197f1faffd6L
  1; 18; 27;0xf1faffd63c000008020f31d7d5f5ff97L
  1; 18; 28;0xd5f5ff973c000008020f3217c1f2ffd8L
  1; 18; 29;0xc1f2ffd83c000008020f3256f1ecffd9L
  1; 18; 30;0xf1ecffd93c000008020f3297e9eaffdaL
  1; 18; 31;0xbcbcbcbc3c000008020f3b17c1ecffecL
  1; 18; 32;0xc1ecffec3c000008020f3b57d5fbffedL
  1; 18; 33;0xd5fbffed3c000008020f3b97fdffffaeL
  1; 18; 34;0xfdffffae3c000008020f3bd79df8ffefL
  1; 18; 35;0x9df8ffef3c000008020f3817edfaffe0L
  1; 18; 36;0xedfaffe03c000008020f385775edffe1L
  1; 18; 37;0x75edffe13c000008020f3897bdf4ffe2L
  1; 18; 38;0xbdf4ffe23c000008020f38d7f5ffffe3L
  1; 18; 39;0xf5ffffe33c000008020f3917fdffffe4L
  1; 18; 40;0xfdffffe43c000008020f3957bdf0ffe5L
  1; 18; 41;0xbdf0ffe53c000008020f3997edf9ffe6L
  1; 18; 42;0xedf9ffe63c000008020f39d7d5f5ffa7L
  1; 18; 43;0xd5f5ffa73c000008020f3a17b9f1ffe8L
  1; 18; 44;0xb9f1ffe83c000008020f3a56d1ebffe9L
  1; 18; 45;0xd1ebffe93c000008020f3a97e5ecffeaL
  1; 18; 46;0xbcbcbcbc3c000008020f2b17c5ebfffcL
  1; 18; 47;0xc5ebfffc3c000008020f2b57d9fafffdL
  1; 18; 48;0xd9fafffd3c000008020f2b97fdfeffbeL
  1; 18; 49;0xfdfeffbe3c000008020f2bd7a9f8ffffL
  1; 18; 50;0xa9f8ffff3c000008020f0017e9fafff0L
  1; 18; 51;0xe9fafff03c000008020f005765eefff1L
  1; 18; 52;0x65eefff13c000008020f0097c1f4fff2L
  1; 18; 53;0xc1f4fff23c000008020f00d7f5fffff3L
  1; 18; 54;0xf5fffff33c000008020f0117fdfffff4L
  1; 18; 55;0xfdfffff43c000008020f0157c1f0fff5L
  1; 18; 56;0xc1f0fff53c000008020f0197edf8fff6L
  1; 18; 57;0xedf8fff63c000008020f29d7d5f5ffb7L
  1; 18; 58;0xd5f5ffb73c000008020f2a17c5f1fff8L
  1; 18; 59;0xc5f1fff83c000008020f2a56e5ebfff9L
  1; 18; 60;0xe5ebfff93c000008020f2a97e9e9fffaL
  1; 18; 61;0xbcbcbcbc3c000008020f3317c5edffccL
  1; 18; 62;0xc5edffcc3c000008020f3357ddfaffcdL
  1; 18; 63;0xddfaffcd3c000008020f3397fdffff8eL
  1; 18; 64;0xfdffff8e3c000008020f33d7a9f8ffcfL
  1; 18; 65;0xa9f8ffcf3c000008020f3017e9fbffc0L
  1; 18; 66;0xe9fbffc03c000008020f305779edffc1L
  1; 18; 67;0x79edffc13c000008020f3097d1f6ffc2L
  1; 18; 68;0xd1f6ffc23c000008020f30d7f5ffffc3L
  1; 18; 69;0xf5ffffc33c000008020f3117fdffffc4L
  1; 18; 70;0xfdffffc43c000008020f3157c1efffc5L
  1; 18; 71;0xc1efffc53c000008020f3197f1faffc6L
  1; 18; 72;0xf1faffc63c000008020f31d7d5f5ff87L
  1; 18; 73;0xd5f5ff873c000008020f3217c1f3ffc8L
  1; 18; 74;0xc1f3ffc83c000008020f3256e5ecffc9L
  1; 18; 75;0xe5ecffc93c000008020f3297e9eeffcaL
  1; 18; 76;0xbcbcbcbc3c000008020f3b17c5edffdcL
  1; 18; 77;0xc5edffdc3c000008020f3b57d9fbffddL
  1; 18; 78;0xd9fbffdd3c000008020f3b97fdffff9eL
  1; 18; 79;0xfdffff9e3c000008020f3bd7b1f9ffdfL
  1; 18; 80;0xb1f9ffdf3c000008020f3817edfbffd0L
  1; 18; 81;0xedfbffd03c000008020f385761eeffd1L
  1; 18; 82;0x61eeffd13c000008020f3897d1f5ffd2L
  1; 18; 83;0xd1f5ffd23c000008020f38d7f5ffffd3L
  1; 18; 84;0xf5ffffd33c000008020f3917fdffffd4L
  1; 18; 85;0xfdffffd43c000008020f3957c1f0ffd5L
  1; 18; 86;0xc1f0ffd53c000008020f3997f1faffd6L
  1; 18; 87;0xf1faffd63c000008020f39d7d9f5ff97L
  1; 18; 88;0xd9f5ff973c000008020f3a17bdf3ffd8L
  1; 18; 89;0xbdf3ffd83c000008020f3a56edecffd9L
  1; 18; 90;0xedecffd93c000008020f3a97e9eaffdaL
  1; 18; 91;0xbcbcbcbc3c000008020f2b17c5edffecL
  1; 18; 92;0xc5edffec3c000008020f2b57d5faffedL
  1; 18; 93;0xd5faffed3c000008020f2b97fdffffaeL
  1; 18; 94;0xfdffffae3c000008020f2bd79df8ffefL
  1; 18; 95;0x9df8ffef3c000008020f0017e9faffe0L
  1; 18; 96;0xe9faffe03c000008020f005779eeffe1L
  1; 18; 97;0x79eeffe13c000008020f0097c5f5ffe2L
  1; 18; 98;0xc5f5ffe23c000008020f00d7f5ffffe3L
  1; 18; 99;0xf5ffffe33c000008020f0117fdffffe4L
  1; 18;100;0xfdffffe43c000008020f0157c5f0ffe5L
  1; 18;101;0xc5f0ffe53c000008020f0197f1f9ffe6L
  1; 18;102;0xf1f9ffe63c000008020f29d7d5f6ffa7L
  1; 18;103;0xd5f6ffa73c000008020f2a17b9f1ffe8L
  1; 18;104;0xb9f1ffe83c000008020f2a56d1ecffe9L
  1; 18;105;0xd1ecffe93c000008020f2a97e9ecffeaL
  1; 18;106;0xbcbcbcbc3c000008020f3317c5ecfffcL
  1; 18;107;0xc5ecfffc3c000008020f3357d5fafffdL
  1; 18;108;0xd5fafffd3c000008020f3397fdfeffbeL
  1; 18;109;0xfdfeffbe3c000008020f33d7a9f7ffffL
  1; 18;110;0xa9f7ffff3c000008020f3017e9fafff0L
  1; 18;111;0xe9fafff03c000008020f305765eefff1L
  1; 18;112;0x65eefff13c000008020f3097c5f4fff2L
  1; 18;113;0xc5f4fff23c000008020f30d7f5fffff3L
  1; 18;114;0xf5fffff33c000008020f3117fdfffff4L
  1; 18;115;0xfdfffff43c000008020f3157c1effff5L
  1; 18;116;0xc1effff53c000008020f3197edf8fff6L
  1; 18;117;0xedf8fff63c000008020f31d7d5f5ffb7L
  1; 18;118;0xd5f5ffb73c000008020f3217c5f1fff8L
  1; 18;119;0xc5f1fff83c000008020f3256e9ebfff9L
  1; 18;120;0xe9ebfff93c000008020f3297e5e9fffaL
  1; 18;121;0xbcbcbcbc3c000008020f3b17c5edffccL
  1; 18;122;0xc5edffcc3c000008020f3b57d9fbffcdL
  1; 18;123;0xd9fbffcd3c000008020f3b97fdffff8eL
  1; 18;124;0xfdffff8e3c000008020f3bd7adf9ffcfL
  1; 18;125;0xadf9ffcf3c000008020f3817e9fbffc0L
  1; 18;126;0xe9fbffc03c000008020f385779edffc1L
  1; 18;127;0x79edffc13c000008020f3897cdf6ffc2L
  1; 18;128;0xcdf6ffc23c000008020f38d7f5ffffc3L
  1; 18;129;0xf5ffffc33c000008020f3917fdffffc4L
  1; 18;130;0xfdffffc43c000008020f3957c1f0ffc5L
  1; 18;131;0xc1f0ffc53c000008020f3997edf9ffc6L
  1; 18;132;0xedf9ffc63c000008020f39d7d5f5ff87L
  1; 18;133;0xd5f5ff873c000008020f3a17b9f2ffc8L
  1; 18;134;0xb9f2ffc83c000008020f3a56edecffc9L
  1; 18;135;0xedecffc93c000008020f3a97e9edffcaL
  1; 18;136;0xbcbcbcbc3c000008020f2b17c5eeffdcL
  1; 18;137;0xc5eeffdc3c000008020f2b57ddfbffddL
  1; 18;138;0xddfbffdd3c000008020f2b97fdffff9eL
  1; 18;139;0xfdffff9e3c000008020f2bd7b1f9ffdfL
  1; 18;140;0xb1f9ffdf3c000008020f0017edfbffd0L
  1; 18;141;0xedfbffd03c000008020f005769eeffd1L
  1; 18;142;0x69eeffd13c000008020f0097cdf6ffd2L
  1; 18;143;0xcdf6ffd23c000008020f00d7f9ffffd3L
  1; 18;144;0xf9ffffd33c000008020f0117fdffffd4L
  1; 18;145;0xfdffffd43c000008020f0157c1f0ffd5L
  1; 18;146;0xc1f0ffd53c000008020f0197edfbffd6L
  1; 18;147;0xedfbffd63c000008020f29d7d5f5ff97L
  1; 18;148;0xd5f5ff973c000008020f2a17bdf3ffd8L
  1; 18;149;0xbdf3ffd83c000008020f2a56f1edffd9L
  1; 18;150;0xf1edffd93c000008020f2a97e9ecffdaL
  1; 18;151;0xbcbcbcbc3c000008020f3317c5edffecL
  1; 18;152;0xc5edffec3c000008020f3357d5faffedL
  1; 18;153;0xd5faffed3c000008020f3397fdfeffaeL
  1; 18;154;0xfdfeffae3c000008020f33d7a1f8ffefL
  1; 18;155;0xa1f8ffef3c000008020f3017edfaffe0L
  1; 18;156;0xedfaffe03c000008020f305779edffe1L
  1; 18;157;0x79edffe13c000008020f3097c5f5ffe2L
  1; 18;158;0xc5f5ffe23c000008020f30d7f5ffffe3L
  1; 18;159;0xf5ffffe33c000008020f3117fdffffe4L
  1; 18;160;0xfdffffe43c000008020f3157c1f0ffe5L
  1; 18;161;0xc1f0ffe53c000008020f3197f1f9ffe6L
  1; 18;162;0xf1f9ffe63c000008020f31d7d5f5ffa7L
  1; 18;163;0xd5f5ffa73c000008020f3217bdf1ffe8L
  1; 18;164;0xbdf1ffe83c000008020f3256d9ecffe9L
  1; 18;165;0xd9ecffe93c000008020f3297e9edffeaL
  1; 18;166;0xbcbcbcbc3c000008020f3b17c5ecfffcL
  1; 18;167;0xc5ecfffc3c000008020f3b57d5fafffdL
  1; 18;168;0xd5fafffd3c000008020f3b97fdffffbeL
  1; 18;169;0xfdffffbe3c000008020f3bd7a9f7ffffL
  1; 18;170;0xa9f7ffff3c000008020f3817edfbfff0L
  1; 18;171;0xedfbfff03c000008020f385769eefff1L
  1; 18;172;0x69eefff13c000008020f3897c9f4fff2L
  1; 18;173;0xc9f4fff23c000008020f38d7f5fffff3L
  1; 18;174;0xf5fffff33c000008020f3917fdfffff4L
  1; 18;175;0xfdfffff43c000008020f3957bdeffff5L
  1; 18;176;0xbdeffff53c000008020f3997f1f9fff6L
  1; 18;177;0xf1f9fff63c000008020f39d7d5f5ffb7L
  1; 18;178;0xd5f5ffb73c000008020f3a17c5f2fff8L
  1; 18;179;0xc5f2fff83c000008020f3a56e9ebfff9L
  1; 18;180;0xe9ebfff93c000008020f3a97e5eafffaL
  1; 18;181;0xbcbcbcbc3c000008020f2b17c9edffccL
  1; 18;182;0xc9edffcc3c000008020f2b57ddfbffcdL
  1; 18;183;0xddfbffcd3c000008020f2b97fdffff8eL
  1; 18;184;0xfdffff8e3c000008020f2bd7a9f9ffcfL
  1; 18;185;0xa9f9ffcf3c000008020f0017e9fbffc0L
  1; 18;186;0xe9fbffc03c000008020f005779edffc1L
  1; 18;187;0x79edffc13c000008020f0097cdf6ffc2L
  1; 18;188;0xcdf6ffc23c000008020f00d7f5ffffc3L
  1; 18;189;0xf5ffffc33c000008020f0117fdffffc4L
  1; 18;190;0xfdffffc43c000008020f0157c1f0ffc5L
  1; 18;191;0xc1f0ffc53c000008020f0197f1f9ffc6L
  1; 18;192;0xf1f9ffc63c000008020f29d7d1f5ff87L
  1; 18;193;0xd1f5ff873c000008020f2a17bdf2ffc8L
  1; 18;194;0xbdf2ffc83c000008020f2a56e9ecffc9L
  1; 18;195;0xe9ecffc93c000008020f2a97e9edffcaL
  1; 18;196;0xbcbcbcbc3c000008020f3317c5edffdcL
  1; 18;197;0xc5edffdc3c000008020f3357d9fbffddL
  1; 18;198;0xd9fbffdd3c000008020f3397fdffff9eL
  1; 18;199;0xfdffff9e3c000008020f33d7b1f9ffdfL
  1; 18;200;0xb1f9ffdf3c000008020f3017e9fbffd0L
  1; 18;201;0xe9fbffd03c000008020f305765eeffd1L
  1; 18;202;0x65eeffd13c000008020f3097d1f5ffd2L
  1; 18;203;0xd1f5ffd23c000008020f30d7f5ffffd3L
  1; 18;204;0xf5ffffd33c000008020f3117fdffffd4L
  1; 18;205;0xfdffffd43c000008020f3157c1efffd5L
  1; 18;206;0xc1efffd53c000008020f3197edfaffd6L
  1; 18;207;0xedfaffd63c000008020f31d7d9f5ff97L
  1; 18;208;0xd9f5ff973c000008020f3217bdf3ffd8L
  1; 18;209;0xbdf3ffd83c000008020f3256f1ecffd9L
  1; 18;210;0xf1ecffd93c000008020f3297e9e7ffdaL
  1; 18;211;0xbcbcbcbc3c000008020f3b17c1edffecL
  1; 18;212;0xc1edffec3c000008020f3b57d5fbffedL
  1; 18;213;0xd5fbffed3c000008020f3b97fdffffaeL
  1; 18;214;0xfdffffae3c000008020f3bd7a1f8ffefL
  1; 18;215;0xa1f8ffef3c000008020f3817edfaffe0L
  1; 18;216;0xedfaffe03c000008020f385771eeffe1L
  1; 18;217;0x71eeffe13c000008020f3897c5f5ffe2L
  1; 18;218;0xc5f5ffe23c000008020f38d7f5ffffe3L
  1; 18;219;0xf5ffffe33c000008020f3917fdffffe4L
  1; 18;220;0xfdffffe43c000008020f3957c1efffe5L
  1; 18;221;0xc1efffe53c000008020f3997f1f9ffe6L
  1; 18;222;0xf1f9ffe63c000008020f39d7d5f5ffa7L
  1; 18;223;0xd5f5ffa73c000008020f3a17b9f1ffe8L
  1; 18;224;0xb9f1ffe83c000008020f3a56e1ecffe9L
  1; 18;225;0xe1ecffe93c000008020f3a97e9edffeaL
  1; 18;226;0xbcbcbcbc3c000008020f2b17c5ecfffcL
  1; 18;227;0xc5ecfffc3c000008020f2b57d5fafffdL
  1; 18;228;0xd5fafffd3c000008020f2b97fdffffbeL
  1; 18;229;0xfdffffbe3c000008020f2bd7adf8ffffL
  1; 18;230;0xadf8ffff3c000008020f0017e9fafff0L
  1; 18;231;0xe9fafff03c000008020f005769eefff1L
  1; 18;232;0x69eefff13c000008020f0097c9f5fff2L
  1; 18;233;0xc9f5fff23c000008020f00d7f9fffff3L
  1; 18;234;0xf9fffff33c000008020f0117fdfffff4L
  1; 18;235;0xfdfffff43c000008020f0157c1effff5L
  1; 18;236;0xc1effff53c000008020f0197edf9fff6L
  1; 18;237;0xedf9fff63c000008020f29d7d5f5ffb7L
  1; 18;238;0xd5f5ffb73c000008020f2a17c5f2fff8L
  1; 18;239;0xc5f2fff83c000008020f2a56f1edfff9L
  1; 18;240;0xf1edfff93c000008020f2a97e9eafffaL
  1; 18;241;0xbcbcbcbc3c000008020f3317c9edffccL
  1; 18;242;0xc9edffcc3c000008020f3357ddfaffcdL
  1; 18;243;0xddfaffcd3c000008020f3397fdffff8eL
  1; 18;244;0xfdffff8e3c000008020f33d7a9faffcfL
  1; 18;245;0xa9faffcf3c000008020f3017e9fbffc0L
  1; 18;246;0xe9fbffc03c000008020f305779edffc1L
  1; 18;247;0x79edffc13c000008020f3097d1f6ffc2L
  1; 18;248;0xd1f6ffc23c000008020f30d7f5ffffc3L
  1; 18;249;0xf5ffffc33c000008020f3117fdffffc4L
  1; 18;250;0xfdffffc43c000008020f3157c1f0ffc5L
  1; 18;251;0xc1f0ffc53c000008020f3197f1f9ffc6L
  1; 18;252;0xf1f9ffc63c000008020f31d7d5f5ff87L
  1; 18;253;0xd5f5ff873c000008020f3217c1f2ffc8L
  1; 18;254;0xc1f2ffc83c000008020f3256f1ecffc9L
  1; 18;255;0xf1ecffc93c000008020f3297e9eeffcaL
  1; 18;256;0xbcbcbcbc3c000008020f3b17c5edffdcL
  1; 20;  1;0xbcbcbcbc3c000008020f2b1725caffecL
  1; 20;  2;0x25caffec3c000008020f2b5789e6ffedL
  1; 20;  3;0x89e6ffed3c000008020f2b9765ddffeeL
  1; 20;  4;0x65ddffee3c000008020f2bd765e1ffefL
  1; 20;  5;0x65e1ffef3c000008020f001775d5ffe0L
  1; 20;  6;0x75d5ffe03c000008020f0057b9eeffe1L
  1; 20;  7;0xb9eeffe13c000008020f0097a9ebffe2L
  1; 20;  8;0xa9ebffe23c000008020f00d7bdf2ffe3L
  1; 20;  9;0xbdf2ffe33c000008020f0117a1eeffe4L
  1; 20; 10;0xa1eeffe43c000008020f015799f4ffe5L
  1; 20; 11;0x99f4ffe53c000008020f01979dccffe6L
  1; 20; 12;0x9dccffe63c000008020f29d7fdffffa7L
  1; 20; 13;0xfdffffa73c000008020f2a17b9caffe8L
  1; 20; 14;0xb9caffe83c000008020f2a579df5ffe9L
  1; 20; 15;0x9df5ffe93c000008020f2a9779e6ffeaL
  1; 20; 16;0xbcbcbcbc3c000008020f33172dcffffcL
  1; 20; 17;0x2dcffffc3c000008020f335789e6fffdL
  1; 20; 18;0x89e6fffd3c000008020f339775d4fffeL
  1; 20; 19;0x75d4fffe3c000008020f33d75dd6ffffL
  1; 20; 20;0x5dd6ffff3c000008020f301785d2fff0L
  1; 20; 21;0x85d2fff03c000008020f3057bdeefff1L
  1; 20; 22;0xbdeefff13c000008020f3097a9ebfff2L
  1; 20; 23;0xa9ebfff23c000008020f30d7c1f1fff3L
  1; 20; 24;0xc1f1fff33c000008020f311789f1fff4L
  1; 20; 25;0x89f1fff43c000008020f3157a1f4fff5L
  1; 20; 26;0xa1f4fff53c000008020f3197a5ccfff6L
  1; 20; 27;0xa5ccfff63c000008020f31d7f9ffffb7L
  1; 20; 28;0xf9ffffb73c000008020f3217b1c1fff8L
  1; 20; 29;0xb1c1fff83c000008020f32579df4fff9L
  1; 20; 30;0x9df4fff93c000008020f329771e6fffaL
  1; 20; 31;0xbcbcbcbc3c000008020f3b1749d2ffccL
  1; 20; 32;0x49d2ffcc3c000008020f3b578de7ffcdL
  1; 20; 33;0x8de7ffcd3c000008020f3b977ddbffceL
  1; 20; 34;0x7ddbffce3c000008020f3bd761d9ffcfL
  1; 20; 35;0x61d9ffcf3c000008020f381781d7ffc0L
  1; 20; 36;0x81d7ffc03c000008020f3857c9eeffc1L
  1; 20; 37;0xc9eeffc13c000008020f3897a9ebffc2L
  1; 20; 38;0xa9ebffc23c000008020f38d7b9f2ffc3L
  1; 20; 39;0xb9f2ffc33c000008020f391799efffc4L
  1; 20; 40;0x99efffc43c000008020f3957a5f3ffc5L
  1; 20; 41;0xa5f3ffc53c000008020f3997a5cfffc6L
  1; 20; 42;0xa5cfffc63c000008020f39d7f9ffff87L
  1; 20; 43;0xf9ffff873c000008020f3a17b9c1ffc8L
  1; 20; 44;0xb9c1ffc83c000008020f3a57adf6ffc9L
  1; 20; 45;0xadf6ffc93c000008020f3a9769e6ffcaL
  1; 20; 46;0xbcbcbcbc3c000008020f2b1735cfffdcL
  1; 20; 47;0x35cfffdc3c000008020f2b5781e5ffddL
  1; 20; 48;0x81e5ffdd3c000008020f2b9771d6ffdeL
  1; 20; 49;0x71d6ffde3c000008020f2bd74ddbffdfL
  1; 20; 50;0x4ddbffdf3c000008020f001789d6ffd0L
  1; 20; 51;0x89d6ffd03c000008020f0057c9edffd1L
  1; 20; 52;0xc9edffd13c000008020f0097a5ecffd2L
  1; 20; 53;0xa5ecffd23c000008020f00d7b9f2ffd3L
  1; 20; 54;0xb9f2ffd33c000008020f011795eeffd4L
  1; 20; 55;0x95eeffd43c000008020f015791f3ffd5L
  1; 20; 56;0x91f3ffd53c000008020f019799caffd6L
  1; 20; 57;0x99caffd63c000008020f29d7fdffff97L
  1; 20; 58;0xfdffff973c000008020f2a17adc1ffd8L
  1; 20; 59;0xadc1ffd83c000008020f2a578df3ffd9L
  1; 20; 60;0x8df3ffd93c000008020f2a9769e4ffdaL
  1; 20; 61;0xbcbcbcbc3c000008020f331719c7ffecL
  1; 20; 62;0x19c7ffec3c000008020f335779e5ffedL
  1; 20; 63;0x79e5ffed3c000008020f339761d9ffeeL
  1; 20; 64;0x61d9ffee3c000008020f33d759ddffefL
  1; 20; 65;0x59ddffef3c000008020f30176dd2ffe0L
  1; 20; 66;0x6dd2ffe03c000008020f3057b1edffe1L
  1; 20; 67;0xb1edffe13c000008020f3097a5ecffe2L
  1; 20; 68;0xa5ecffe23c000008020f30d7b9f2ffe3L
  1; 20; 69;0xb9f2ffe33c000008020f311795eeffe4L
  1; 20; 70;0x95eeffe43c000008020f315791f3ffe5L
  1; 20; 71;0x91f3ffe53c000008020f319799caffe6L
  1; 20; 72;0x99caffe63c000008020f31d7f5ffffa7L
  1; 20; 73;0xf5ffffa73c000008020f3217b1c6ffe8L
  1; 20; 74;0xb1c6ffe83c000008020f325791f4ffe9L
  1; 20; 75;0x91f4ffe93c000008020f329775e5ffeaL
  1; 20; 76;0xbcbcbcbc3c000008020f3b1729cdfffcL
  1; 20; 77;0x29cdfffc3c000008020f3b5789e6fffdL
  1; 20; 78;0x89e6fffd3c000008020f3b9775d2fffeL
  1; 20; 79;0x75d2fffe3c000008020f3bd755d6ffffL
  1; 20; 80;0x55d6ffff3c000008020f381781d3fff0L
  1; 20; 81;0x81d3fff03c000008020f3857bdeefff1L
  1; 20; 82;0xbdeefff13c000008020f3897a9ecfff2L
  1; 20; 83;0xa9ecfff23c000008020f38d7bdf1fff3L
  1; 20; 84;0xbdf1fff33c000008020f391789f1fff4L
  1; 20; 85;0x89f1fff43c000008020f39579df3fff5L
  1; 20; 86;0x9df3fff53c000008020f3997a1cbfff6L
  1; 20; 87;0xa1cbfff63c000008020f39d7f5ffffb7L
  1; 20; 88;0xf5ffffb73c000008020f3a17adbffff8L
  1; 20; 89;0xadbffff83c000008020f3a579df4fff9L
  1; 20; 90;0x9df4fff93c000008020f3a976de6fffaL
  1; 20; 91;0xbcbcbcbc3c000008020f2b1749d1ffccL
  1; 20; 92;0x49d1ffcc3c000008020f2b578de8ffcdL
  1; 20; 93;0x8de8ffcd3c000008020f2b977ddaffceL
  1; 20; 94;0x7ddaffce3c000008020f2bd759d8ffcfL
  1; 20; 95;0x59d8ffcf3c000008020f001785d6ffc0L
  1; 20; 96;0x85d6ffc03c000008020f0057c9efffc1L
  1; 20; 97;0xc9efffc13c000008020f0097a9ebffc2L
  1; 20; 98;0xa9ebffc23c000008020f00d7b9f2ffc3L
  1; 20; 99;0xb9f2ffc33c000008020f011799eeffc4L
  1; 20;100;0x99eeffc43c000008020f0157a5f3ffc5L
  1; 20;101;0xa5f3ffc53c000008020f0197a1cdffc6L
  1; 20;102;0xa1cdffc63c000008020f29d7f9ffff87L
  1; 20;103;0xf9ffff873c000008020f2a17b9c2ffc8L
  1; 20;104;0xb9c2ffc83c000008020f2a57a9f5ffc9L
  1; 20;105;0xa9f5ffc93c000008020f2a976de6ffcaL
  1; 20;106;0xbcbcbcbc3c000008020f33173dd0ffdcL
  1; 20;107;0x3dd0ffdc3c000008020f335785e6ffddL
  1; 20;108;0x85e6ffdd3c000008020f339775d6ffdeL
  1; 20;109;0x75d6ffde3c000008020f33d751dbffdfL
  1; 20;110;0x51dbffdf3c000008020f301789d6ffd0L
  1; 20;111;0x89d6ffd03c000008020f3057c9eeffd1L
  1; 20;112;0xc9eeffd13c000008020f3097adebffd2L
  1; 20;113;0xadebffd23c000008020f30d7b9f2ffd3L
  1; 20;114;0xb9f2ffd33c000008020f311799f0ffd4L
  1; 20;115;0x99f0ffd43c000008020f315795f3ffd5L
  1; 20;116;0x95f3ffd53c000008020f319799caffd6L
  1; 20;117;0x99caffd63c000008020f31d7fdffff97L
  1; 20;118;0xfdffff973c000008020f3217b5c4ffd8L
  1; 20;119;0xb5c4ffd83c000008020f325795f4ffd9L
  1; 20;120;0x95f4ffd93c000008020f329769e5ffdaL
  1; 20;121;0xbcbcbcbc3c000008020f3b1719c8ffecL
  1; 20;122;0x19c8ffec3c000008020f3b5785e6ffedL
  1; 20;123;0x85e6ffed3c000008020f3b975dd9ffeeL
  1; 20;124;0x5dd9ffee3c000008020f3bd759deffefL
  1; 20;125;0x59deffef3c000008020f381769d2ffe0L
  1; 20;126;0x69d2ffe03c000008020f3857b5edffe1L
  1; 20;127;0xb5edffe13c000008020f3897a5ebffe2L
  1; 20;128;0xa5ebffe23c000008020f38d7bdf2ffe3L
  1; 20;129;0xbdf2ffe33c000008020f39178dedffe4L
  1; 20;130;0x8dedffe43c000008020f39578df2ffe5L
  1; 20;131;0x8df2ffe53c000008020f399799caffe6L
  1; 20;132;0x99caffe63c000008020f39d7f9ffffa7L
  1; 20;133;0xf9ffffa73c000008020f3a17adc6ffe8L
  1; 20;134;0xadc6ffe83c000008020f3a5795f4ffe9L
  1; 20;135;0x95f4ffe93c000008020f3a9771e6ffeaL
  1; 20;136;0xbcbcbcbc3c000008020f2b1729cafffcL
  1; 20;137;0x29cafffc3c000008020f2b5781e4fffdL
  1; 20;138;0x81e4fffd3c000008020f2b9769d1fffeL
  1; 20;139;0x69d1fffe3c000008020f2bd749d3ffffL
  1; 20;140;0x49d3ffff3c000008020f001779d1fff0L
  1; 20;141;0x79d1fff03c000008020f0057b1edfff1L
  1; 20;142;0xb1edfff13c000008020f0097a5ebfff2L
  1; 20;143;0xa5ebfff23c000008020f00d7b9f2fff3L
  1; 20;144;0xb9f2fff33c000008020f011785effff4L
  1; 20;145;0x85effff43c000008020f015791f4fff5L
  1; 20;146;0x91f4fff53c000008020f01979dc7fff6L
  1; 20;147;0x9dc7fff63c000008020f29d7f5ffffb7L
  1; 20;148;0xf5ffffb73c000008020f2a17a9bcfff8L
  1; 20;149;0xa9bcfff83c000008020f2a5791f3fff9L
  1; 20;150;0x91f3fff93c000008020f2a9769e6fffaL
  1; 20;151;0xbcbcbcbc3c000008020f331749d2ffccL
  1; 20;152;0x49d2ffcc3c000008020f33578de8ffcdL
  1; 20;153;0x8de8ffcd3c000008020f339781dbffceL
  1; 20;154;0x81dbffce3c000008020f33d761daffcfL
  1; 20;155;0x61daffcf3c000008020f301785d7ffc0L
  1; 20;156;0x85d7ffc03c000008020f3057c9eeffc1L
  1; 20;157;0xc9eeffc13c000008020f3097a9ecffc2L
  1; 20;158;0xa9ecffc23c000008020f30d7b5f1ffc3L
  1; 20;159;0xb5f1ffc33c000008020f311799efffc4L
  1; 20;160;0x99efffc43c000008020f3157a9f3ffc5L
  1; 20;161;0xa9f3ffc53c000008020f3197a1ceffc6L
  1; 20;162;0xa1ceffc63c000008020f31d7f9ffff87L
  1; 20;163;0xf9ffff873c000008020f3217bdc2ffc8L
  1; 20;164;0xbdc2ffc83c000008020f3257a9f6ffc9L
  1; 20;165;0xa9f6ffc93c000008020f32976de5ffcaL
  1; 20;166;0xbcbcbcbc3c000008020f3b1739d1ffdcL
  1; 20;167;0x39d1ffdc3c000008020f3b5785e7ffddL
  1; 20;168;0x85e7ffdd3c000008020f3b9779d5ffdeL
  1; 20;169;0x79d5ffde3c000008020f3bd751ddffdfL
  1; 20;170;0x51ddffdf3c000008020f381789d7ffd0L
  1; 20;171;0x89d7ffd03c000008020f3857cdeeffd1L
  1; 20;172;0xcdeeffd13c000008020f3897a9ecffd2L
  1; 20;173;0xa9ecffd23c000008020f38d7b9f2ffd3L
  1; 20;174;0xb9f2ffd33c000008020f391799efffd4L
  1; 20;175;0x99efffd43c000008020f395791f3ffd5L
  1; 20;176;0x91f3ffd53c000008020f399799caffd6L
  1; 20;177;0x99caffd63c000008020f39d7fdffff97L
  1; 20;178;0xfdffff973c000008020f3a17b1c3ffd8L
  1; 20;179;0xb1c3ffd83c000008020f3a5791f4ffd9L
  1; 20;180;0x91f4ffd93c000008020f3a976de5ffdaL
  1; 20;181;0xbcbcbcbc3c000008020f2b171dcaffecL
  1; 20;182;0x1dcaffec3c000008020f2b5785e6ffedL
  1; 20;183;0x85e6ffed3c000008020f2b9765dbffeeL
  1; 20;184;0x65dbffee3c000008020f2bd75ddfffefL
  1; 20;185;0x5ddfffef3c000008020f001771d4ffe0L
  1; 20;186;0x71d4ffe03c000008020f0057b9eeffe1L
  1; 20;187;0xb9eeffe13c000008020f0097a5ebffe2L
  1; 20;188;0xa5ebffe23c000008020f00d7bdf2ffe3L
  1; 20;189;0xbdf2ffe33c000008020f011795edffe4L
  1; 20;190;0x95edffe43c000008020f015791f3ffe5L
  1; 20;191;0x91f3ffe53c000008020f019799cbffe6L
  1; 20;192;0x99cbffe63c000008020f29d7fdffffa7L
  1; 20;193;0xfdffffa73c000008020f2a17b5c7ffe8L
  1; 20;194;0xb5c7ffe83c000008020f2a5799f5ffe9L
  1; 20;195;0x99f5ffe93c000008020f2a9779e6ffeaL
  1; 20;196;0xbcbcbcbc3c000008020f331725cbfffcL
  1; 20;197;0x25cbfffc3c000008020f335785e5fffdL
  1; 20;198;0x85e5fffd3c000008020f339775d0fffeL
  1; 20;199;0x75d0fffe3c000008020f33d74dd4ffffL
  1; 20;200;0x4dd4ffff3c000008020f301779d0fff0L
  1; 20;201;0x79d0fff03c000008020f3057b9ecfff1L
  1; 20;202;0xb9ecfff13c000008020f3097a5ebfff2L
  1; 20;203;0xa5ebfff23c000008020f30d7bdf1fff3L
  1; 20;204;0xbdf1fff33c000008020f311785f0fff4L
  1; 20;205;0x85f0fff43c000008020f315795f3fff5L
  1; 20;206;0x95f3fff53c000008020f31979dc9fff6L
  1; 20;207;0x9dc9fff63c000008020f31d7f5ffffb7L
  1; 20;208;0xf5ffffb73c000008020f3217a9bdfff8L
  1; 20;209;0xa9bdfff83c000008020f325791f3fff9L
  1; 20;210;0x91f3fff93c000008020f329769e6fffaL
  1; 20;211;0xbcbcbcbc3c000008020f3b1749d2ffccL
  1; 20;212;0x49d2ffcc3c000008020f3b5789e7ffcdL
  1; 20;213;0x89e7ffcd3c000008020f3b9781dbffceL
  1; 20;214;0x81dbffce3c000008020f3bd761d9ffcfL
  1; 20;215;0x61d9ffcf3c000008020f381785d6ffc0L
  1; 20;216;0x85d6ffc03c000008020f3857c9eeffc1L
  1; 20;217;0xc9eeffc13c000008020f3897a9ebffc2L
  1; 20;218;0xa9ebffc23c000008020f38d7b9f1ffc3L
  1; 20;219;0xb9f1ffc33c000008020f39179defffc4L
  1; 20;220;0x9defffc43c000008020f3957a5f3ffc5L
  1; 20;221;0xa5f3ffc53c000008020f3997a1cdffc6L
  1; 20;222;0xa1cdffc63c000008020f39d7f5ffff87L
  1; 20;223;0xf5ffff873c000008020f3a17b9c1ffc8L
  1; 20;224;0xb9c1ffc83c000008020f3a57a5f5ffc9L
  1; 20;225;0xa5f5ffc93c000008020f3a976de5ffcaL
  1; 20;226;0xbcbcbcbc3c000008020f2b1741d1ffdcL
  1; 20;227;0x41d1ffdc3c000008020f2b5789e6ffddL
  1; 20;228;0x89e6ffdd3c000008020f2b9779d8ffdeL
  1; 20;229;0x79d8ffde3c000008020f2bd751ddffdfL
  1; 20;230;0x51ddffdf3c000008020f001789d8ffd0L
  1; 20;231;0x89d8ffd03c000008020f0057c9eeffd1L
  1; 20;232;0xc9eeffd13c000008020f0097a9ecffd2L
  1; 20;233;0xa9ecffd23c000008020f00d7bdf2ffd3L
  1; 20;234;0xbdf2ffd33c000008020f011799f1ffd4L
  1; 20;235;0x99f1ffd43c000008020f015799f3ffd5L
  1; 20;236;0x99f3ffd53c000008020f01979dcbffd6L
  1; 20;237;0x9dcbffd63c000008020f29d7fdffff97L
  1; 20;238;0xfdffff973c000008020f2a17b5c4ffd8L
  1; 20;239;0xb5c4ffd83c000008020f2a5795f5ffd9L
  1; 20;240;0x95f5ffd93c000008020f2a9775e5ffdaL
  1; 20;241;0xbcbcbcbc3c000008020f331721cbffecL
  1; 20;242;0x21cbffec3c000008020f335785e7ffedL
  1; 20;243;0x85e7ffed3c000008020f33976ddbffeeL
  1; 20;244;0x6ddbffee3c000008020f33d765e0ffefL
  1; 20;245;0x65e0ffef3c000008020f301771d2ffe0L
  1; 20;246;0x71d2ffe03c000008020f3057b9eeffe1L
  1; 20;247;0xb9eeffe13c000008020f3097a9ebffe2L
  1; 20;248;0xa9ebffe23c000008020f30d7bdf2ffe3L
  1; 20;249;0xbdf2ffe33c000008020f311799eeffe4L
  1; 20;250;0x99eeffe43c000008020f315795f4ffe5L
  1; 20;251;0x95f4ffe53c000008020f319799cbffe6L
  1; 20;252;0x99cbffe63c000008020f31d7f9ffffa7L
  1; 20;253;0xf9ffffa73c000008020f3217b9cbffe8L
  1; 20;254;0xb9cbffe83c000008020f325799f5ffe9L
  1; 20;255;0x99f5ffe93c000008020f329775e6ffeaL
  1; 20;256;0xbcbcbcbc3c000008020f3b1735cefffcL
