Link ID; Channel ID; Line; Data 
 1;15; 1;0x7a32fff83c000008020fc9a97a25ffe6L
 1;15; 2;0x7a25ffe63c000008020fc997b6f5ffe5L
 1;15; 3;0xbcbcbcbc3c000008020fdf176a2fff23L
 1;15; 4;0x6a2fff233c000008020fdfa9e136ff3dL
 1;15; 5;0xe136ff3d3c000008020fdf89fd27ff3eL
 1;15; 6;0xfd27ff3e3c000008020fdf370e29ff3fL
 1;15; 7;0xe29ff3f3c000008020fc317c139fff0L
 1;15; 8;0xc139fff03c000008020fc3b7a123ffeeL
 1;15; 9;0xa123ffee3c000008020fc397aa23ff22L
 1;15;10;0xaa23ff223c000008020fc337a629ff3cL
 1;15;11;0x37a629ff3c3c000008020fdd178ae6ffL
 1;15;12;0x8ae6ff243c000008020fddb716f3ff3aL
 1;15;13;0x16f3ff3a3c000008020fdd9786f2ff39L
 1;15;14;0x86f2ff393c000008020fdd292120ff37L
 1;15;15;0x2120ff373c000008020fde176e33ff38L
 1;15;16;0x6e33ff383c000008020fdea98e3dff26L
 1;15;17;0x8e3dff263c000008020fde97aaf1ff25L
 1;15;18;0xbcbcbcbc3c000008020fdc177d2fff33L
 1;15;19;0x7d2fff333c000008020fdca9f239ff32L
 1;15;20;0xf239ff323c000008020fdc971a35ff31L
 1;15;21;0x1a35ff313c000008020fdc371d2fff2fL
 1;15;22;0x1d2fff2f3c000008020fc017d233ffe0L
 1;15;23;0xd233ffe03c000008020fc0b7ba25ffe1L
 1;15;24;0xba25ffe13c000008020fc097aa37ffedL
 1;15;25;0xaa37ffed3c000008020fc037ca30ffecL
 1;15;26;0xca30ffec3c000008020fc11781f7ffebL
 1;15;27;0x81f7ffeb3c000008020fc1a9f6f4ffeaL
 1;15;28;0xf6f4ffea3c000008020fc19796f6ffe9L
 1;15;29;0x96f6ffe93c000008020fc1294e24ff27L
 1;15;30;0x4e24ff273c000008020fc2177634ff28L
 1;15;31;0x7634ff283c000008020fc2a9813bff36L
 1;15;32;0x813bff363c000008020fc297a6f3ff35L
 1;15;33;0xbcbcbcbc3c000008020fcc176e31ffe3L
 1;15;34;0x6e31ffe33c000008020fcca92622fffdL
 1;15;35;0x2622fffd3c000008020fcc970139fffeL
 1;15;36;0x139fffe3c000008020fcc370a31ffffL
 1;15;37;0xa31ffff3c000008020fd017c135ff30L
 1;15;38;0xc135ff303c000008020fd0b7b63eff2eL
 1;15;39;0xb63eff2e3c000008020fd097a626ffe2L
 1;15;40;0xa626ffe23c000008020fd037ca30fffcL
 1;15;41;0xca30fffc3c000008020fce179ae5ffe4L
 1;15;42;0x9ae5ffe43c000008020fcea9f2f3fffaL
 1;15;43;0xf2f3fffa3c000008020fce978ef3fff9L
 1;15;44;0x8ef3fff93c000008020fce29563cfff7L
 1;15;45;0x563cfff73c000008020fcd176132fff8L
 1;15;46;0x6132fff83c000008020fcda97a25ffe6L
 1;15;47;0x7a25ffe63c000008020fcd97baf5ffe5L
 1;15;48;0xbcbcbcbc3c000008020fdb177234ff23L
 1;15;49;0x7234ff233c000008020fdba92628ff3dL
 1;15;50;0x2628ff3d3c000008020fdb89f23aff3eL
 1;15;51;0xf23aff3e3c000008020fdb37012bff3fL
 1;15;52;0x12bff3f3c000008020fd8171d3cfff0L
 1;15;53;0x1d3cfff03c000008020fd8b7ca23ffeeL
 1;15;54;0xca23ffee3c000008020fd897aa3bff22L
 1;15;55;0xaa3bff223c000008020fd837ae29ff3cL
 1;15;56;0x37ae29ff3c3c000008020fc6178ef8ffL
 1;15;57;0x8ef8ff243c000008020fc6a9fdf2ff3aL
 1;15;58;0xfdf2ff3a3c000008020fc6978ef5ff39L
 1;15;59;0x8ef5ff393c000008020fc6294e5eff37L
 1;15;60;0x4e5eff373c000008020fc5177635ff38L
 1;15;61;0x7635ff383c000008020fc5a99a3dff26L
 1;15;62;0x9a3dff263c000008020fc597baf1ff25L
 1;15;63;0xbcbcbcbc3c000008020f1f176630ff33L
 1;15;64;0x6630ff333c000008020f1fa9ee28ff32L
 1;15;65;0xee28ff323c000008020f1f971633ff31L
 1;15;66;0x1633ff313c000008020f1f37c12eff2fL
 1;15;67;0xc12eff2f3c000008020f0809fd27ff30L
 1;15;68;0xfd27ff303c000008020f08b7c63bff2eL
 1;15;69;0xc63bff2e3c000008020f0897a12dffe2L
 1;15;70;0xa12dffe23c000008020f08370634fffcL
 1;15;71;0x634fffc3c000008020f16177af8ffe4L
 1;15;72;0x7af8ffe43c000008020f16a92af4fffaL
 1;15;73;0x2af4fffa3c000008020f169781e7fff9L
 1;15;74;0x81e7fff93c000008020f1d29463aff27L
 1;15;75;0x463aff273c000008020f1e176e34ff28L
 1;15;76;0x6e34ff283c000008020f1ea98e23ff36L
 1;15;77;0x8e23ff363c000008020f1e9761f3ff35L
 1;15;78;0xbcbcbcbc3c000008020fcf177232ffe3L
 1;15;79;0x7232ffe33c000008020fcfa93d3cfffdL
 1;15;80;0x3d3cfffd3c000008020fcf971628fffeL
 1;15;81;0x1628fffe3c000008020fcf370631ffffL
 1;15;82;0x631ffff3c000008020fd317da33ff20L
 1;15;83;0xda33ff203c000008020fd3b7a623ff21L
 1;15;84;0xa623ff213c000008020fd3977a25ff2dL
 1;15;85;0x7a25ff2d3c000008020fd337b22dff2cL
 1;15;86;0xb22dff2c3c000008020fd21792e5ff2bL
 1;15;87;0x92e5ff2b3c000008020fd2b712f2ff2aL
 1;15;88;0x12f2ff2a3c000008020fd2978ef4ff29L
 1;15;89;0x8ef4ff293c000008020fd2294e3cfff7L
 1;15;90;0x4e3cfff73c000008020fd1176133fff8L
 1;15;91;0x6133fff83c000008020fd1a96125ffe6L
 1;15;92;0x6125ffe63c000008020fd197b2f5ffe5L
 1;15;93;0x9623ff263c000008020fc297a1f1ff25L
 1;15;94;0xbcbcbcbc3c000008020fcc17662eff33L
 1;15;95;0x662eff333c000008020fcca9f239ff32L
 1;15;96;0xf239ff323c000008020fcc971a35ff31L
 1;15;97;0x1a35ff313c000008020fcc37da2eff2fL
 1;15;98;0xda2eff2f3c000008020fd017c13afff0L
 1;15;99;0xc13afff03c000008020fd0b7dd23ffeeL
 1;15;100;0xdd23ffee3c000008020fd097a63dff22L
 1;15;101;0xa63dff223c000008020fd037aa37ff3cL
 1;15;102;0x37aa37ff3c3c000008020fce178ae5ffL
 1;15;103;0x8ae5ff243c000008020fceb712f2ff3aL
 1;15;104;0x12f2ff3a3c000008020fce9786f3ff39L
 1;15;105;0x86f3ff393c000008020fce29463aff27L
 1;15;106;0x463aff273c000008020fcd176a34ff28L
 1;15;107;0x6a34ff283c000008020fcda99a23ff36L
 1;15;108;0x9a23ff363c000008020fcd97bdf2ff35L
 1;15;109;0xbcbcbcbc3c000008020fdb177a30fff3L
 1;15;110;0x7a30fff33c000008020fdba9fa28fff2L
 1;15;111;0xfa28fff23c000008020fdb971632fff1L
 1;15;112;0x1632fff13c000008020fdb37122fffefL
 1;15;113;0x122fffef3c000008020fd8170a35ff30L
 1;15;114;0xa35ff303c000008020fd8b7ae3eff2eL
 1;15;115;0xae3eff2e3c000008020fd897aa26ffe2L
 1;15;116;0xaa26ffe23c000008020fd837dd2efffcL
 1;15;117;0xdd2efffc3c000008020fc61781e5ffe4L
 1;15;118;0x81e5ffe43c000008020fc6a9eaf2fffaL
 1;15;119;0xeaf2fffa3c000008020fc6978af3fff9L
 1;15;120;0x8af3fff93c000008020fc6294e22ffe7L
 1;15;121;0x4e22ffe73c000008020fc5177a32ffe8L
 1;15;122;0x7a32ffe83c000008020fc5a9813bfff6L
 1;15;123;0x813bfff63c000008020fc597aef1fff5L
 1;15;124;0xbcbcbcbc3c000008020f1f177234ff23L
 1;15;125;0x7234ff233c000008020f1fa92636ff3dL
 1;15;126;0x2636ff3d3c000008020f1f89f239ff3eL
 1;15;127;0xf239ff3e3c000008020f1f370129ff3fL
 1;15;128;0x129ff3f3c000008020f0817015dfff0L
 1;16; 1;0x1d8efff83c000008020fcda9269effe6L
 1;16; 2;0x269effe63c000008020fcd899a4bffe5L
 1;16; 3;0xbcbcbcbc3c000008020fdb17062dff23L
 1;16; 4;0x62dff233c000008020fdba98a5aff3dL
 1;16; 5;0x8a5aff3d3c000008020fdb899d2cff3eL
 1;16; 6;0x9d2cff3e3c000008020fdb29d693ff3fL
 1;16; 7;0xd693ff3f3c000008020fd809a154fff0L
 1;16; 8;0xa154fff03c000008020fd8a93239ffeeL
 1;16; 9;0x3239ffee3c000008020fd897ce57ff22L
 1;16;10;0xce57ff223c000008020fd837c1e7ff3cL
 1;16;11;0x37c1e7ff3c3c000008020fc617cee2ffL
 1;16;12;0xcee2ff243c000008020fc6b7c123ff3aL
 1;16;13;0xc123ff3a3c000008020fc697ba30ff39L
 1;16;14;0xba30ff393c000008020fc629263fff37L
 1;16;15;0x263fff373c000008020fc5091d8fff38L
 1;16;16;0x1d8fff383c000008020fc5a9e19fff26L
 1;16;17;0xe19fff263c000008020fc5898e4bff25L
 1;16;18;0xbcbcbcbc3c000008020f1f17d638ff33L
 1;16;19;0xd638ff333c000008020f1fa95a54ff32L
 1;16;20;0x5a54ff323c000008020f1f89212bff31L
 1;16;21;0x212bff313c000008020f1f29ae94ff2fL
 1;16;22;0xae94ff2f3c000008020f0809b659ff30L
 1;16;23;0xb659ff303c000008020f08a95a39ff2eL
 1;16;24;0x5a39ff2e3c000008020f0897c150ffe2L
 1;16;25;0xc150ffe23c000008020f083712fcfffcL
 1;16;26;0x12fcfffc3c000008020f1617da3dffe4L
 1;16;27;0xda3dffe43c000008020f16b70129fffaL
 1;16;28;0x129fffa3c000008020f1697a134fff9L
 1;16;29;0xa134fff93c000008020f1d29eafaff27L
 1;16;30;0xeafaff273c000008020f1e09ba8aff28L
 1;16;31;0xba8aff283c000008020f1ea9e69fff36L
 1;16;32;0xe69fff363c000008020f1e895257ff35L
 1;16;33;0xbcbcbcbc3c000008020fcf171d2bffe3L
 1;16;34;0x1d2bffe33c000008020fcfa98a47fffdL
 1;16;35;0x8a47fffd3c000008020fcf895a29fffeL
 1;16;36;0x5a29fffe3c000008020fcf29ba90ffffL
 1;16;37;0xba90ffff3c000008020fd309a651ff20L
 1;16;38;0xa651ff203c000008020fd3a93d32ff21L
 1;16;39;0x3d32ff213c000008020fd397a65dff2dL
 1;16;40;0xa65dff2d3c000008020fd337d2f5ff2cL
 1;16;41;0xd2f5ff2c3c000008020fd217cafcff2bL
 1;16;42;0xcafcff2b3c000008020fd2b7d63dff2aL
 1;16;43;0xd63dff2a3c000008020fd297ba2dff29L
 1;16;44;0xba2dff293c000008020fd229e6fafff7L
 1;16;45;0xe6fafff73c000008020fd109da89fff8L
 1;16;46;0xda89fff83c000008020fd1a9fa5affe6L
 1;16;47;0xfa5affe63c000008020fd1898646ffe5L
 1;16;48;0xbcbcbcbc3c000008020fdf17122efff3L
 1;16;49;0x122efff33c000008020fdfa98e44fff2L
 1;16;50;0x8e44fff23c000008020fdf89412cfff1L
 1;16;51;0x412cfff13c000008020fdf29d29affefL
 1;16;52;0xd29affef3c000008020fc309a156fff0L
 1;16;53;0xa156fff03c000008020fc3a93a39ffeeL
 1;16;54;0x3a39ffee3c000008020fc397d64aff22L
 1;16;55;0xd64aff223c000008020fc337d6e8ff3cL
 1;16;56;0x37d6e8ff3c3c000008020fdd17cefcffL
 1;16;57;0xcefcff243c000008020fddb71d23ff9aL
 1;16;58;0x1d23ff9a3c000008020fdd97b62eff39L
 1;16;59;0xb62eff393c000008020fdd292ae0ffe7L
 1;16;60;0x2ae0ffe73c000008020fde091d91ffe8L
 1;16;61;0x1d91ffe83c000008020fdea93a85fff6L
 1;16;62;0x3a85fff63c000008020fde89924dfff5L
 1;16;63;0xbcbcbcbc3c000008020f0717da29ff33L
 1;16;64;0xda29ff333c000008020f07a99d47ff32L
 1;16;65;0x9d47ff323c000008020f07894e2cff31L
 1;16;66;0x4e2cff313c000008020f0729dd87ff2fL
 1;16;67;0xdd87ff2f3c000008020f04096153ff30L
 1;16;68;0x6153ff303c000008020f04a94633ff2eL
 1;16;69;0x4633ff2e3c000008020f0497ca49ffe2L
 1;16;70;0xca49ffe23c000008020f04371df9fffcL
 1;16;71;0x1df9fffc3c000008020f1a17cae2ffe4L
 1;16;72;0xcae2ffe43c000008020f1ab71d3bfffaL
 1;16;73;0x1d3bfffa3c000008020f1a97ae30fff9L
 1;16;74;0xae30fff93c000008020f1a2926fcff27L
 1;16;75;0x26fcff273c000008020f1909ce8dff28L
 1;16;76;0xce8dff283c000008020f19a9ee9bff36L
 1;16;77;0xee9bff363c000008020f1989864aff35L
 1;16;78;0xbcbcbcbc3c000008020fd4170e2effe3L
 1;16;79;0xe2effe33c000008020fd4a98142fffdL
 1;16;80;0x8142fffd3c000008020fd4898a2bfffeL
 1;16;81;0x8a2bfffe3c000008020fd429ce93ffffL
 1;16;82;0xce93ffff3c000008020fc809b653ff20L
 1;16;83;0xb653ff203c000008020fc8a92a34ff21L
 1;16;84;0x2a34ff213c000008020fc897b246ff2dL
 1;16;85;0xb246ff2d3c000008020fc837c1e7ff2cL
 1;16;86;0xc1e7ff2c3c000008020fd617cee0ff2bL
 1;16;87;0xcee0ff2b3c000008020fd6b7063bff2aL
 1;16;88;0x63bff2a3c000008020fd697ca2dff29L
 1;16;89;0xca2dff293c000008020fd6293de4fff7L
 1;16;90;0x3de4fff73c000008020fd5090a90fff8L
 1;16;91;0xa90fff83c000008020fd5a92a40ffe6L
 1;16;92;0x2a40ffe63c000008020fd589964affe5L
 1;16;93;0xe141ff263c000008020f1e898a4aff25L
 1;16;94;0xbcbcbcbc3c000008020fcf17062aff33L
 1;16;95;0x62aff333c000008020fcfa98a47ff32L
 1;16;96;0x8a47ff323c000008020fcf89522dff31L
 1;16;97;0x522dff313c000008020fcf29c699ff2fL
 1;16;98;0xc699ff2f3c000008020fd309d656ffe0L
 1;16;99;0xd656ffe03c000008020fd3a94e34ffe1L
 1;16;100;0x4e34ffe13c000008020fd397d245ffedL
 1;16;101;0xd245ffed3c000008020fd33706e7ffecL
 1;16;102;0x6e7ffec3c000008020fd217da3effebL
 1;16;103;0xda3effeb3c000008020fd2b70623ffeaL
 1;16;104;0x623ffea3c000008020fd297dd28ffe9L
 1;16;105;0xdd28ffe93c000008020fd22926faff27L
 1;16;106;0x26faff273c000008020fd109d28dff28L
 1;16;107;0xd28dff283c000008020fd1a9f285ff36L
 1;16;108;0xf285ff363c000008020fd1898e4cff35L
 1;16;109;0xbcbcbcbc3c000008020fdf171230ffe3L
 1;16;110;0x1230ffe33c000008020fdfa99641fffdL
 1;16;111;0x9641fffd3c000008020fdf898e2cfffeL
 1;16;112;0x8e2cfffe3c000008020fdf29ce94ffffL
 1;16;113;0xce94ffff3c000008020fc309bd56ff30L
 1;16;114;0xbd56ff303c000008020fc3a94e28ff2eL
 1;16;115;0x4e28ff2e3c000008020fc397ce4affe2L
 1;16;116;0xce4affe23c000008020fc3371dfafffcL
 1;16;117;0x1dfafffc3c000008020fdd17ce3fffe4L
 1;16;118;0xce3fffe43c000008020fddb70e25fffaL
 1;16;119;0xe25fffa3c000008020fdd97b633fff9L
 1;16;120;0xb633fff93c000008020fdd29fae2fff7L
 1;16;121;0xfae2fff73c000008020fde090a90fff8L
 1;16;122;0xa90fff83c000008020fdea92a9fffe6L
 1;16;123;0x2a9fffe63c000008020fde899a4cffe5L
 1;16;124;0xbcbcbcbc3c000008020f0717d229ff23L
 1;16;125;0xd229ff233c000008020f07a95248ff3dL
 1;16;126;0x5248ff3d3c000008020f07894e29ff3eL
 1;16;127;0x4e29ff3e3c000008020f0729dd8fff3fL
 1;16;128;0xdd8fff3f3c000008020f0409a652fff0L
 1;17; 1;0x6128fff83c000008020fd1b71232ffe6L
 1;17; 2;0x1232ffe63c000008020fd1970e2bffe5L
 1;17; 3;0xbcbcbcbc3c000008020fdf095a21fff3L
 1;17; 4;0x5a21fff33c000008020fdfa96a33fff2L
 1;17; 5;0x6a33fff23c000008020fdf89d283fff1L
 1;17; 6;0xd283fff13c000008020fdf295689ffefL
 1;17; 7;0x5689ffef3c000008020fc317ce28fff0L
 1;17; 8;0xce28fff03c000008020fc3a96e5bffeeL
 1;17; 9;0x6e5bffee3c000008020fc397a122ff22L
 1;17;10;0xa122ff223c000008020fc3378a39ff3cL
 1;17;11;0x378a39ff3c3c000008020fdd09e6fcffL
 1;17;12;0xe6fcff243c000008020fdda936f3ff3aL
 1;17;13;0x36f3ff3a3c000008020fdd97aaecff39L
 1;17;14;0xaaecff393c000008020fdd3766e1ffe7L
 1;17;15;0x66e1ffe73c000008020fde17bd33ffe8L
 1;17;16;0xbd33ffe83c000008020fdea9fd34fff6L
 1;17;17;0xfd34fff63c000008020fde971a2efff5L
 1;17;18;0xbcbcbcbc3c000008020f0709413aff33L
 1;17;19;0x413aff333c000008020f07a97236ff32L
 1;17;20;0x7236ff323c000008020f0789d285ff31L
 1;17;21;0xd285ff313c000008020f07294a8dff2fL
 1;17;22;0x4a8dff2f3c000008020f0417dd3aff30L
 1;17;23;0xdd3aff303c000008020f04a97d5eff2eL
 1;17;24;0x7d5eff2e3c000008020f0497ae28ffe2L
 1;17;25;0xae28ffe23c000008020f04374136fffcL
 1;17;26;0x4136fffc3c000008020f1a171ae2ffe4L
 1;17;27;0x1ae2ffe43c000008020f1aa946f2fffaL
 1;17;28;0x46f2fffa3c000008020f1a976aedfff9L
 1;17;29;0x6aedfff93c000008020f1a37813eff27L
 1;17;30;0x813eff273c000008020f19177635ff28L
 1;17;31;0x7635ff283c000008020f19b71631ff36L
 1;17;32;0x1631ff363c000008020f1989e626ff35L
 1;17;33;0xbcbcbcbc3c000008020fd4095a3affe3L
 1;17;34;0x5a3affe33c000008020fd4a9a628fffdL
 1;17;35;0xa628fffd3c000008020fd489d68afffeL
 1;17;36;0xd68afffe3c000008020fd429868cffffL
 1;17;37;0x868cffff3c000008020fc817d239ff20L
 1;17;38;0xd239ff203c000008020fc8a9815bff21L
 1;17;39;0x815bff213c000008020fc897c622ff2dL
 1;17;40;0xc622ff2d3c000008020fc8379639ff2cL
 1;17;41;0x9639ff2c3c000008020fd6171a23ff2bL
 1;17;42;0x1a23ff2b3c000008020fd6a921f2ff2aL
 1;17;43;0x21f2ff2a3c000008020fd697b2eeff29L
 1;17;44;0xb2eeff293c000008020fd6377d3dfff7L
 1;17;45;0x7d3dfff73c000008020fd517aa27fff8L
 1;17;46;0xaa27fff83c000008020fd5a9e634ffe6L
 1;17;47;0xe634ffe63c000008020fd5971a2effe5L
 1;17;48;0xbcbcbcbc3c000008020fdb094a3cfff3L
 1;17;49;0x4a3cfff33c000008020fdba99631fff2L
 1;17;50;0x9631fff23c000008020fdb89ca83fff1L
 1;17;51;0xca83fff13c000008020fdb295a86ffefL
 1;17;52;0x5a86ffef3c000008020fd817c635fff0L
 1;17;53;0xc635fff03c000008020fd8a99a5dffeeL
 1;17;54;0x9a5dffee3c000008020fd897b624ff22L
 1;17;55;0xb624ff223c000008020fd8378636ff3cL
 1;17;56;0x378636ff3c3c000008020fc61701faffL
 1;17;57;0x1faff243c000008020fc6a926f2ff3aL
 1;17;58;0x26f2ff3a3c000008020fc69761ecff39L
 1;17;59;0x61ecff393c000008020fc6379afcffe7L
 1;17;60;0x9afcffe73c000008020fc5177a30ffe8L
 1;17;61;0x7a30ffe83c000008020fc5b71a32fff6L
 1;17;62;0x1a32fff63c000008020fc597122cfff5L
 1;17;63;0xbcbcbcbc3c000008020f1c095627ff33L
 1;17;64;0x5627ff333c000008020f1ca96a35ff32L
 1;17;65;0x6a35ff323c000008020f1c89c69bff31L
 1;17;66;0xc69bff313c000008020f1c295d8dff2fL
 1;17;67;0x5d8dff2f3c000008020f0017ba3aff30L
 1;17;68;0xba3aff303c000008020f00a9965fff2eL
 1;17;69;0x965fff2e3c000008020f0097ae36ffe2L
 1;17;70;0xae36ffe23c000008020f00379d35fffcL
 1;17;71;0x9d35fffc3c000008020f011716e4ffe4L
 1;17;72;0x16e4ffe43c000008020f01a95df1fffaL
 1;17;73;0x5df1fffa3c000008020f01976aebfff9L
 1;17;74;0x6aebfff93c000008020f013796e0ff27L
 1;17;75;0x96e0ff273c000008020f02177233ff28L
 1;17;76;0x7233ff283c000008020f02b71230ff36L
 1;17;77;0x1230ff363c000008020f0297013bff35L
 1;17;78;0xbcbcbcbc3c000008020fc709413affe3L
 1;17;79;0x413affe33c000008020fc7a9bd39fffdL
 1;17;80;0xbd39fffd3c000008020fc789d68bfffeL
 1;17;81;0xd68bfffe3c000008020fc7299d8bffffL
 1;17;82;0x9d8bffff3c000008020fc417ce27ff20L
 1;17;83;0xce27ff203c000008020fc4a96a43ff21L
 1;17;84;0x6a43ff213c000008020fc497dd3cff2dL
 1;17;85;0xdd3cff2d3c000008020fc437963aff2cL
 1;17;86;0x963aff2c3c000008020fda171a3dff2bL
 1;17;87;0x1a3dff2b3c000008020fdaa93af1ff2aL
 1;17;88;0x3af1ff2a3c000008020fda97b2eeff29L
 1;17;89;0xb2eeff293c000008020fda37663dfff7L
 1;17;90;0x663dfff73c000008020fd917ae3afff8L
 1;17;91;0xae3afff83c000008020fd9a9fd35ffe6L
 1;17;92;0xfd35ffe63c000008020fd989fd30ffe5L
 1;17;93;0x1232ff263c000008020f1997063bff25L
 1;17;94;0xbcbcbcbc3c000008020fd4095639ff33L
 1;17;95;0x5639ff333c000008020fd4a96a35ff32L
 1;17;96;0x6a35ff323c000008020fd489dd83ff31L
 1;17;97;0xdd83ff313c000008020fd429218bff2fL
 1;17;98;0x218bff2f3c000008020fc817ca32ffe0L
 1;17;99;0xca32ffe03c000008020fc8a98a22ffe1L
 1;17;100;0x8a22ffe13c000008020fc897ba3cffedL
 1;17;101;0xba3cffed3c000008020fc8379d39ffecL
 1;17;102;0x9d39ffec3c000008020fd61716e1ffebL
 1;17;103;0x16e1ffeb3c000008020fd6a93df2ffeaL
 1;17;104;0x3df2ffea3c000008020fd697aaedffe9L
 1;17;105;0xaaedffe93c000008020fd6379ae2ff27L
 1;17;106;0x9ae2ff273c000008020fd5176e33ff28L
 1;17;107;0x6e33ff283c000008020fd5b71631ff36L
 1;17;108;0x1631ff363c000008020fd597013bff35L
 1;17;109;0xbcbcbcbc3c000008020fdb095a3affe3L
 1;17;110;0x5a3affe33c000008020fdba9bd36fffdL
 1;17;111;0xbd36fffd3c000008020fdb89ca8afffeL
 1;17;112;0xca8afffe3c000008020fdb29418affffL
 1;17;113;0x418affff3c000008020fd817dd39ff30L
 1;17;114;0xdd39ff303c000008020fd8a99a43ff2eL
 1;17;115;0x9a43ff2e3c000008020fd897b227ffe2L
 1;17;116;0xb227ffe23c000008020fd8378636fffcL
 1;17;117;0x8636fffc3c000008020fc6171ae2ffe4L
 1;17;118;0x1ae2ffe43c000008020fc6a94af1fffaL
 1;17;119;0x4af1fffa3c000008020fc6976eedfff9L
 1;17;120;0x6eedfff93c000008020fc637663efff7L
 1;17;121;0x663efff73c000008020fc517a627fff8L
 1;17;122;0xa627fff83c000008020fc5b71a35ffe6L
 1;17;123;0x1a35ffe63c000008020fc597162dffe5L
 1;17;124;0xbcbcbcbc3c000008020f1c099236ff23L
 1;17;125;0x9236ff233c000008020f1ca99a2fff3dL
 1;17;126;0x9a2fff3d3c000008020f1c89d285ff3eL
 1;17;127;0xd285ff3e3c000008020f1c294a8aff3fL
 1;17;128;0x4a8aff3f3c000008020f0017ca36fff0L
 1;18; 1;0x46effff83c000008020fd5a92af5ffe6L
 1;18; 2;0x2af5ffe63c000008020fd597f6faffe5L
 1;18; 3;0xbcbcbcbc3c000008020fdb173af4fff3L
 1;18; 4;0x3af4fff33c000008020fdbb72ee5fff2L
 1;18; 5;0x2ee5fff23c000008020fdb97fdfdff51L
 1;18; 6;0xfdfdff513c000008020fdb378af8ffefL
 1;18; 7;0x8af8ffef3c000008020fd817f6e5fff0L
 1;18; 8;0xf6e5fff03c000008020fd8b7aaf2ffeeL
 1;18; 9;0xaaf2ffee3c000008020fd89736eaff22L
 1;18;10;0x36eaff223c000008020fd837eaffff3cL
 1;18;11;0x37eaffff3c3c000008020fc617fdffffL
 1;18;12;0xfdffff243c000008020fc6b721f0ff3aL
 1;18;13;0x21f0ff3a3c000008020fc697eee6ff39L
 1;18;14;0xeee6ff393c000008020fc6372aeaff47L
 1;18;15;0x2aeaff473c000008020fc5174ef1ffe8L
 1;18;16;0x4ef1ffe83c000008020fc5a95df5fff6L
 1;18;17;0x5df5fff63c000008020fc597f6f6fff5L
 1;18;18;0xbcbcbcbc3c000008020f1c173af4ff33L
 1;18;19;0x3af4ff333c000008020f1cb726e5ff32L
 1;18;20;0x26e5ff323c000008020f1c97fdfeff91L
 1;18;21;0xfdfeff913c000008020f1c3786f8ff2fL
 1;18;22;0x86f8ff2f3c000008020f0017f6e5ff30L
 1;18;23;0xf6e5ff303c000008020f00b7b6f1ff2eL
 1;18;24;0xb6f1ff2e3c000008020f00974eedffe2L
 1;18;25;0x4eedffe23c000008020f0037eefffffcL
 1;18;26;0xeefffffc3c000008020f0117fdffffe4L
 1;18;27;0xfdffffe43c000008020f01b75df0fffaL
 1;18;28;0x5df0fffa3c000008020f0197eee6fff9L
 1;18;29;0xeee6fff93c000008020f01372aeaff87L
 1;18;30;0x2aeaff873c000008020f02174eeeff28L
 1;18;31;0x4eeeff283c000008020f02a92af6ff36L
 1;18;32;0x2af6ff363c000008020f0297f6f6ff35L
 1;18;33;0xbcbcbcbc3c000008020fc71721f5ffe3L
 1;18;34;0x21f5ffe33c000008020fc7b72efbfffdL
 1;18;35;0x2efbfffd3c000008020fc797fdfdff5eL
 1;18;36;0xfdfdff5e3c000008020fc7378af7ffffL
 1;18;37;0x8af7ffff3c000008020fc417f6e5ff20L
 1;18;38;0xf6e5ff203c000008020fc4b7bdf3ff21L
 1;18;39;0xbdf3ff213c000008020fc4973aedff2dL
 1;18;40;0x3aedff2d3c000008020fc437eeffff2cL
 1;18;41;0xeeffff2c3c000008020fda17fdffff2bL
 1;18;42;0xfdffff2b3c000008020fdab75defff2aL
 1;18;43;0x5defff2a3c000008020fda97f2e6ff29L
 1;18;44;0xf2e6ff293c000008020fda372eeaff57L
 1;18;45;0x2eeaff573c000008020fd9174af1fff8L
 1;18;46;0x4af1fff83c000008020fd9a936e8ffe6L
 1;18;47;0x36e8ffe63c000008020fd997f6e4ffe5L
 1;18;48;0xbcbcbcbc3c000008020fd7173af4fff3L
 1;18;49;0x3af4fff33c000008020fd7b72ee5fff2L
 1;18;50;0x2ee5fff23c000008020fd797fdfdff51L
 1;18;51;0xfdfdff513c000008020fd7378af8ffefL
 1;18;52;0x8af8ffef3c000008020fcb17f6e5fff0L
 1;18;53;0xf6e5fff03c000008020fcbb7b6f2ffeeL
 1;18;54;0xb6f2ffee3c000008020fcb973aeaff22L
 1;18;55;0x3aeaff223c000008020fcb37eeffff3cL
 1;18;56;0x37eeffff3c3c000008020fca17fdffffL
 1;18;57;0xfdffff243c000008020fcab721f0ff3aL
 1;18;58;0x21f0ff3a3c000008020fca97eee6ff39L
 1;18;59;0xeee6ff393c000008020fca372aeaff47L
 1;18;60;0x2aeaff473c000008020fc9175aefffe8L
 1;18;61;0x5aefffe83c000008020fc9a94ee8fff6L
 1;18;62;0x4ee8fff63c000008020fc997f6f6fff5L
 1;18;63;0xbcbcbcbc3c000008020fdf173af4ff33L
 1;18;64;0x3af4ff333c000008020fdfb726e5ff32L
 1;18;65;0x26e5ff323c000008020fdf97fdfdff91L
 1;18;66;0xfdfdff913c000008020fdf3786e6ff2fL
 1;18;67;0x86e6ff2f3c000008020fc317f2e5ff30L
 1;18;68;0xf2e5ff303c000008020fc3b7b2f1ff2eL
 1;18;69;0xb2f1ff2e3c000008020fc3974aedffe2L
 1;18;70;0x4aedffe23c000008020fc337eefffffcL
 1;18;71;0xeefffffc3c000008020fdd17fdffffe4L
 1;18;72;0xfdffffe43c000008020fddb75df0fffaL
 1;18;73;0x5df0fffa3c000008020fdd97f6e6fff9L
 1;18;74;0xf6e6fff93c000008020fdd372aeaff87L
 1;18;75;0x2aeaff873c000008020fde174af0ff28L
 1;18;76;0x4af0ff283c000008020fdea92af5ff36L
 1;18;77;0x2af5ff363c000008020fde97f6f6ff35L
 1;18;78;0xbcbcbcbc3c000008020fdc173af6ffe3L
 1;18;79;0x3af6ffe33c000008020fdcb72ae5fffdL
 1;18;80;0x2ae5fffd3c000008020fdc97fdfeff5eL
 1;18;81;0xfdfeff5e3c000008020fdc379df8ffffL
 1;18;82;0x9df8ffff3c000008020fc017f6fbff20L
 1;18;83;0xf6fbff203c000008020fc0b77af2ff21L
 1;18;84;0x7af2ff213c000008020fc09736ebff2dL
 1;18;85;0x36ebff2d3c000008020fc037eaffff2cL
 1;18;86;0xeaffff2c3c000008020fc117fdffff2bL
 1;18;87;0xfdffff2b3c000008020fc1b721f0ff2aL
 1;18;88;0x21f0ff2a3c000008020fc197f2e6ff29L
 1;18;89;0xf2e6ff293c000008020fc1372aeaff57L
 1;18;90;0x2aeaff573c000008020fc2175deffff8L
 1;18;91;0x5deffff83c000008020fc2a92ef5ffe6L
 1;18;92;0x2ef5ffe63c000008020fc297faf9ffe5L
 1;18;93;0x26f5ff263c000008020f0297f6f9ff25L
 1;18;94;0xbcbcbcbc3c000008020fc7173af4ff33L
 1;18;95;0x3af4ff333c000008020fc7b72ae5ff32L
 1;18;96;0x2ae5ff323c000008020fc797fdfdff91L
 1;18;97;0xfdfdff913c000008020fc7378af8ff2fL
 1;18;98;0x8af8ff2f3c000008020fc417f6e5ffe0L
 1;18;99;0xf6e5ffe03c000008020fc4b7aaf2ffe1L
 1;18;100;0xaaf2ffe13c000008020fc49746edffedL
 1;18;101;0x46edffed3c000008020fc437eaffffecL
 1;18;102;0xeaffffec3c000008020fda17fdffffebL
 1;18;103;0xfdffffeb3c000008020fdab721efffeaL
 1;18;104;0x21efffea3c000008020fda97f2f7ffe9L
 1;18;105;0xf2f7ffe93c000008020fda372aeaff87L
 1;18;106;0x2aeaff873c000008020fd91756f0ff28L
 1;18;107;0x56f0ff283c000008020fd9a932f6ff36L
 1;18;108;0x32f6ff363c000008020fd997f6f6ff35L
 1;18;109;0xbcbcbcbc3c000008020fd71721f5ffe3L
 1;18;110;0x21f5ffe33c000008020fd7b72efbfffdL
 1;18;111;0x2efbfffd3c000008020fd797fdfdff5eL
 1;18;112;0xfdfdff5e3c000008020fd73786f7ffffL
 1;18;113;0x86f7ffff3c000008020fcb17f6e5ff30L
 1;18;114;0xf6e5ff303c000008020fcbb7b6f1ff2eL
 1;18;115;0xb6f1ff2e3c000008020fcb974eedffe2L
 1;18;116;0x4eedffe23c000008020fcb37eefffffcL
 1;18;117;0xeefffffc3c000008020fca17fdffffe4L
 1;18;118;0xfdffffe43c000008020fcab75deffffaL
 1;18;119;0x5deffffa3c000008020fca97f2f8fff9L
 1;18;120;0xf2f8fff93c000008020fca372aeaff57L
 1;18;121;0x2aeaff573c000008020fc9174aeffff8L
 1;18;122;0x4aeffff83c000008020fc9a93af6ffe6L
 1;18;123;0x3af6ffe63c000008020fc997f6e4ffe5L
 1;18;124;0xbcbcbcbc3c000008020fdf173af3ff23L
 1;18;125;0x3af3ff233c000008020fdfb72afbff3dL
 1;18;126;0x2afbff3d3c000008020fdf97fdfeff9eL
 1;18;127;0xfdfeff9e3c000008020fdf3741e6ff3fL
 1;18;128;0x41e6ff3f3c000008020fc317f6e5fff0L
 1;20; 1;0x9658ffe83c000008020fc9b776effff6L
 1;20; 2;0x76effff63c000008020fc997aefcfff5L
 1;20; 3;0xbcbcbcbc3c000008020fdf17013aff33L
 1;20; 4;0x13aff333c000008020fdfb77a3eff32L
 1;20; 5;0x7a3eff323c000008020fdf97a134ff31L
 1;20; 6;0xa134ff313c000008020fdf37d636ff2fL
 1;20; 7;0xd636ff2f3c000008020fc317aa39ff30L
 1;20; 8;0xaa39ff303c000008020fc3b75afcff2eL
 1;20; 9;0x5afcff2e3c000008020fc3978ae8ffe2L
 1;20;10;0x8ae8ffe23c000008020fc33741f1fffcL
 1;20;11;0x41f1fffc3c000008020fdd17a6e1ffe4L
 1;20;12;0xa6e1ffe43c000008020fddb7bdeefffaL
 1;20;13;0xbdeefffa3c000008020fdd977243fff9L
 1;20;14;0x7243fff93c000008020fdd372affff87L
 1;20;15;0x2affff873c000008020fde17924dff28L
 1;20;16;0x924dff283c000008020fdeb79aefff36L
 1;20;17;0x9aefff363c000008020fde97bae1ff35L
 1;20;18;0xbcbcbcbc3c000008020fdc09f220ffe3L
 1;20;19;0xf220ffe33c000008020fdcb7bd23fffdL
 1;20;20;0xbd23fffd3c000008020fdc97ca24fffeL
 1;20;21;0xca24fffe3c000008020fdc37c136ffffL
 1;20;22;0xc136ffff3c000008020fc017a634ff20L
 1;20;23;0xa634ff203c000008020fc0b752faff21L
 1;20;24;0x52faff213c000008020fc09786f5ff2dL
 1;20;25;0x86f5ff2d3c000008020fc03741f0ff2cL
 1;20;26;0x41f0ff2c3c000008020fc1177afaff2bL
 1;20;27;0x7afaff2b3c000008020fc1b7bdedff2aL
 1;20;28;0xbdedff2a3c000008020fc1976e45ff29L
 1;20;29;0x6e45ff293c000008020fc1372afeff57L
 1;20;30;0x2afeff573c000008020fc217964efff8L
 1;20;31;0x964efff83c000008020fc2b76af2ffe6L
 1;20;32;0x6af2ffe63c000008020fc297b2e4ffe5L
 1;20;33;0xbcbcbcbc3c000008020fcc092643fff3L
 1;20;34;0x2643fff33c000008020fccb7bd3efff2L
 1;20;35;0xbd3efff23c000008020fcc97ca31fff1L
 1;20;36;0xca31fff13c000008020fcc37d22bffefL
 1;20;37;0xd22bffef3c000008020fd017aa39fff0L
 1;20;38;0xaa39fff03c000008020fd0b786faffeeL
 1;20;39;0x86faffee3c000008020fd09786f5ff22L
 1;20;40;0x86f5ff223c000008020fd03786efff3cL
 1;20;41;0x3786efff3c3c000008020fce1772e4ffL
 1;20;42;0x72e4ff243c000008020fceb766eeff3aL
 1;20;43;0x66eeff3a3c000008020fce979622ff39L
 1;20;44;0x9622ff393c000008020fce3726ffff47L
 1;20;45;0x26ffff473c000008020fcd178a46ffe8L
 1;20;46;0x8a46ffe83c000008020fcdb76aeefff6L
 1;20;47;0x6aeefff63c000008020fcd97a6fcfff5L
 1;20;48;0xbcbcbcbc3c000008020fdb09fd24ff33L
 1;20;49;0xfd24ff333c000008020fdbb7613dff32L
 1;20;50;0x613dff323c000008020fdb97dd34ff31L
 1;20;51;0xdd34ff313c000008020fdb37da36ff2fL
 1;20;52;0xda36ff2f3c000008020fd817aa28ff30L
 1;20;53;0xaa28ff303c000008020fd8b741e2ff2eL
 1;20;54;0x41e2ff2e3c000008020fd8978ae8ffe2L
 1;20;55;0x8ae8ffe23c000008020fd8375af1fffcL
 1;20;56;0x5af1fffc3c000008020fc617aae0ffe4L
 1;20;57;0xaae0ffe43c000008020fc6b7a6f0fffaL
 1;20;58;0xa6f0fffa3c000008020fc6977246fff9L
 1;20;59;0x7246fff93c000008020fc6372effff87L
 1;20;60;0x2effff873c000008020fc5178e50ff28L
 1;20;61;0x8e50ff283c000008020fc5b77defff36L
 1;20;62;0x7defff363c000008020fc597bae0ff35L
 1;20;63;0xbcbcbcbc3c000008020f1f09f65fffe3L
 1;20;64;0xf65fffe33c000008020f1fb7613dfffdL
 1;20;65;0x613dfffd3c000008020f1f97dd24fffeL
 1;20;66;0xdd24fffe3c000008020f1f37da36ffffL
 1;20;67;0xda36ffff3c000008020f0817a15dfff0L
 1;20;68;0xa15dfff03c000008020f08b77de0ffeeL
 1;20;69;0x7de0ffee3c000008020f089792e8ff22L
 1;20;70;0x92e8ff223c000008020f08379af3ff3cL
 1;20;71;0x379af3ff3c3c000008020f1617ba23ffL
 1;20;72;0xba23ff243c000008020f16b761f1ff3aL
 1;20;73;0x61f1ff3a3c000008020f16977658ff39L
 1;20;74;0x7658ff393c000008020f1d372effff57L
 1;20;75;0x2effff573c000008020f1e179a4ffff8L
 1;20;76;0x9a4ffff83c000008020f1eb76af2ffe6L
 1;20;77;0x6af2ffe63c000008020f1e97b6fcffe5L
 1;20;78;0x76f1ff263c000008020fde97b6e0ff25L
 1;20;79;0xbcbcbcbc3c000008020fdc170124ff33L
 1;20;80;0x124ff333c000008020fdcb77a3eff32L
 1;20;81;0x7a3eff323c000008020fdc97a134ff31L
 1;20;82;0xa134ff313c000008020fdc37d234ff2fL
 1;20;83;0xd234ff2f3c000008020fc017dd3cffe0L
 1;20;84;0xdd3cffe03c000008020fc0b796fcffe1L
 1;20;85;0x96fcffe13c000008020fc0978ef6ffedL
 1;20;86;0x8ef6ffed3c000008020fc0375aefffecL
 1;20;87;0x5aefffec3c000008020fc117aefaffebL
 1;20;88;0xaefaffeb3c000008020fc1b77aeeffeaL
 1;20;89;0x7aeeffea3c000008020fc1976a5dffe9L
 1;20;90;0x6a5dffe93c000008020fc1372affff87L
 1;20;91;0x2affff873c000008020fc2178e50ff28L
 1;20;92;0x8e50ff283c000008020fc2b77df0ff36L
 1;20;93;0x7df0ff363c000008020fc297b6e1ff35L
 1;20;94;0xbcbcbcbc3c000008020fcc09fa5dffe3L
 1;20;95;0xfa5dffe33c000008020fccb7aa3bfffdL
 1;20;96;0xaa3bfffd3c000008020fcc97ca21fffeL
 1;20;97;0xca21fffe3c000008020fcc370639ffffL
 1;20;98;0x639ffff3c000008020fd017ae28ff30L
 1;20;99;0xae28ff303c000008020fd0b75ae2ff2eL
 1;20;100;0x5ae2ff2e3c000008020fd09792e8ffe2L
 1;20;101;0x92e8ffe23c000008020fd0375af1fffcL
 1;20;102;0x5af1fffc3c000008020fce17a6e1ffe4L
 1;20;103;0xa6e1ffe43c000008020fceb7aaeefffaL
 1;20;104;0xaaeefffa3c000008020fce977246fff9L
 1;20;105;0x7246fff93c000008020fce372efeff57L
 1;20;106;0x2efeff573c000008020fcd179a52fff8L
 1;20;107;0x9a52fff83c000008020fcdb772f2ffe6L
 1;20;108;0x72f2ffe63c000008020fcd97b6e2ffe5L
 1;20;109;0xbcbcbcbc3c000008020fdb09f25dff23L
 1;20;110;0xf25dff233c000008020fdbb7ae3bff3dL
 1;20;111;0xae3bff3d3c000008020fdb97ca27ff3eL
 1;20;112;0xca27ff3e3c000008020fdb371235ff3fL
 1;20;113;0x1235ff3f3c000008020fd817b621fff0L
 1;20;114;0xb621fff03c000008020fd8b796fcffeeL
 1;20;115;0x96fcffee3c000008020fd8978ae8ff22L
 1;20;116;0x8ae8ff223c000008020fd8378ef1ff3cL
 1;20;117;0x378ef1ff3c3c000008020fc617a6e1ffL
 1;20;118;0xa6e1ff243c000008020fc6b76af0ff3aL
 1;20;119;0x6af0ff3a3c000008020fc697665dff39L
 1;20;120;0x665dff393c000008020fc63726ffff97L
 1;20;121;0x26ffff973c000008020fc517814eff38L
 1;20;122;0x814eff383c000008020fc5b77af3ff26L
 1;20;123;0x7af3ff263c000008020fc597a13eff25L
 1;20;124;0xbcbcbcbc3c000008020f1f171639ff33L
 1;20;125;0x1639ff333c000008020f1fb772e0ff32L
 1;20;126;0x72e0ff323c000008020f1f97b62fff31L
 1;20;127;0xb62fff313c000008020f1f37ce31ff2fL
 1;20;128;0xce31ff2f3c000008020f0817b239ff30L
