Link ID; Channel ID; Line; Data 
  1; 15;  1;0xbcbcbcbc3c000008020f3b1779d3ffecL
  1; 15;  2;0x79d3ffec3c000008020f3b56fdceffedL
  1; 15;  3;0xfdceffed3c000008020f3b9725d5ffeeL
  1; 15;  4;0x25d5ffee3c000008020f3bd72dd6ffefL
  1; 15;  5;0x2dd6ffef3c000008020f381751d5ffe0L
  1; 15;  6;0x51d5ffe03c000008020f385769e1ffe1L
  1; 15;  7;0x69e1ffe13c000008020f38976ddeffe2L
  1; 15;  8;0x6ddeffe23c000008020f38d759d9ffe3L
  1; 15;  9;0x59d9ffe33c000008020f39179dfdffe4L
  1; 15; 10;0x9dfdffe43c000008020f395711efffe5L
  1; 15; 11;0x11efffe53c000008020f3997a9f0ffe6L
  1; 15; 12;0xa9f0ffe63c000008020f39d6d5c9ffe7L
  1; 15; 13;0xd5c9ffe73c000008020f3a1779d3ffe8L
  1; 15; 14;0x79d3ffe83c000008020f3a5691deffe9L
  1; 15; 15;0x91deffe93c000008020f3a976df0ffeaL
  1; 15; 16;0xbcbcbcbc3c000008020f2b178dd5fffcL
  1; 15; 17;0x8dd5fffc3c000008020f2b5705ccfffdL
  1; 15; 18;0x5ccfffd3c000008020f2b972dd0fffeL
  1; 15; 19;0x2dd0fffe3c000008020f2bd739d8ffffL
  1; 15; 20;0x39d8ffff3c000008020f001749d1fff0L
  1; 15; 21;0x49d1fff03c000008020f005761e4fff1L
  1; 15; 22;0x61e4fff13c000008020f009775dffff2L
  1; 15; 23;0x75dffff23c000008020f00d759dcfff3L
  1; 15; 24;0x59dcfff33c000008020f0117a5fcfff4L
  1; 15; 25;0xa5fcfff43c000008020f01571df0fff5L
  1; 15; 26;0x1df0fff53c000008020f0197a5effff6L
  1; 15; 27;0xa5effff63c000008020f29d6ddccfff7L
  1; 15; 28;0xddccfff73c000008020f2a1779d4fff8L
  1; 15; 29;0x79d4fff83c000008020f2a5685e0fff9L
  1; 15; 30;0x85e0fff93c000008020f2a9769effffaL
  1; 15; 31;0xbcbcbcbc3c000008020f331791d7ffccL
  1; 15; 32;0x91d7ffcc3c000008020f33571dd0ffcdL
  1; 15; 33;0x1dd0ffcd3c000008020f339729d4ffceL
  1; 15; 34;0x29d4ffce3c000008020f33d745daffcfL
  1; 15; 35;0x45daffcf3c000008020f30174dd8ffc0L
  1; 15; 36;0x4dd8ffc03c000008020f305781e3ffc1L
  1; 15; 37;0x81e3ffc13c000008020f309771e2ffc2L
  1; 15; 38;0x71e2ffc23c000008020f30d77ddeffc3L
  1; 15; 39;0x7ddeffc33c000008020f3117b9fcffc4L
  1; 15; 40;0xb9fcffc43c000008020f31572df0ffc5L
  1; 15; 41;0x2df0ffc53c000008020f3197b1f0ffc6L
  1; 15; 42;0xb1f0ffc63c000008020f31d6e5cfffc7L
  1; 15; 43;0xe5cfffc73c000008020f32178dd1ffc8L
  1; 15; 44;0x8dd1ffc83c000008020f3256a9e2ffc9L
  1; 15; 45;0xa9e2ffc93c000008020f329781f0ffcaL
  1; 15; 46;0xbcbcbcbc3c000008020f3b1789d3ffdcL
  1; 15; 47;0x89d3ffdc3c000008020f3b56fdd1ffddL
  1; 15; 48;0xfdd1ffdd3c000008020f3b9719d1ffdeL
  1; 15; 49;0x19d1ffde3c000008020f3bd731ddffdfL
  1; 15; 50;0x31ddffdf3c000008020f38173dd6ffd0L
  1; 15; 51;0x3dd6ffd03c000008020f385771e5ffd1L
  1; 15; 52;0x71e5ffd13c000008020f389781e1ffd2L
  1; 15; 53;0x81e1ffd23c000008020f38d769dcffd3L
  1; 15; 54;0x69dcffd33c000008020f3917adfcffd4L
  1; 15; 55;0xadfcffd43c000008020f395735efffd5L
  1; 15; 56;0x35efffd53c000008020f3997a9f0ffd6L
  1; 15; 57;0xa9f0ffd63c000008020f39d6e5caffd7L
  1; 15; 58;0xe5caffd73c000008020f3a1785d3ffd8L
  1; 15; 59;0x85d3ffd83c000008020f3a56b1e2ffd9L
  1; 15; 60;0xb1e2ffd93c000008020f3a9765f1ffdaL
  1; 15; 61;0xbcbcbcbc3c000008020f2b1779d5ffecL
  1; 15; 62;0x79d5ffec3c000008020f2b5709ceffedL
  1; 15; 63;0x9ceffed3c000008020f2b972dd4ffeeL
  1; 15; 64;0x2dd4ffee3c000008020f2bd731d6ffefL
  1; 15; 65;0x31d6ffef3c000008020f001755d5ffe0L
  1; 15; 66;0x55d5ffe03c000008020f005769e3ffe1L
  1; 15; 67;0x69e3ffe13c000008020f00976ddeffe2L
  1; 15; 68;0x6ddeffe23c000008020f00d759dbffe3L
  1; 15; 69;0x59dbffe33c000008020f01179dfeffe4L
  1; 15; 70;0x9dfeffe43c000008020f015715efffe5L
  1; 15; 71;0x15efffe53c000008020f0197a9f0ffe6L
  1; 15; 72;0xa9f0ffe63c000008020f29d6d5cbffe7L
  1; 15; 73;0xd5cbffe73c000008020f2a1779d5ffe8L
  1; 15; 74;0x79d5ffe83c000008020f2a5699deffe9L
  1; 15; 75;0x99deffe93c000008020f2a976df0ffeaL
  1; 15; 76;0xbcbcbcbc3c000008020f331785d2fffcL
  1; 15; 77;0x85d2fffc3c000008020f335701cbfffdL
  1; 15; 78;0x1cbfffd3c000008020f339729cefffeL
  1; 15; 79;0x29cefffe3c000008020f33d72dd6ffffL
  1; 15; 80;0x2dd6ffff3c000008020f301749cffff0L
  1; 15; 81;0x49cffff03c000008020f30575de3fff1L
  1; 15; 82;0x5de3fff13c000008020f309771ddfff2L
  1; 15; 83;0x71ddfff23c000008020f30d755d8fff3L
  1; 15; 84;0x55d8fff33c000008020f31179dfbfff4L
  1; 15; 85;0x9dfbfff43c000008020f315715effff5L
  1; 15; 86;0x15effff53c000008020f3197a1eefff6L
  1; 15; 87;0xa1eefff63c000008020f31d6d1cbfff7L
  1; 15; 88;0xd1cbfff73c000008020f321775d3fff8L
  1; 15; 89;0x75d3fff83c000008020f32567ddffff9L
  1; 15; 90;0x7ddffff93c000008020f329769edfffaL
  1; 15; 91;0xbcbcbcbc3c000008020f3b1791d6ffccL
  1; 15; 92;0x91d6ffcc3c000008020f3b5719d0ffcdL
  1; 15; 93;0x19d0ffcd3c000008020f3b972dd5ffceL
  1; 15; 94;0x2dd5ffce3c000008020f3bd745dbffcfL
  1; 15; 95;0x45dbffcf3c000008020f381749d7ffc0L
  1; 15; 96;0x49d7ffc03c000008020f385785e3ffc1L
  1; 15; 97;0x85e3ffc13c000008020f389775e2ffc2L
  1; 15; 98;0x75e2ffc23c000008020f38d775e0ffc3L
  1; 15; 99;0x75e0ffc33c000008020f3917b5fdffc4L
  1; 15;100;0xb5fdffc43c000008020f395725f0ffc5L
  1; 15;101;0x25f0ffc53c000008020f3997b5f1ffc6L
  1; 15;102;0xb5f1ffc63c000008020f39d6e9ceffc7L
  1; 15;103;0xe9ceffc73c000008020f3a1789d3ffc8L
  1; 15;104;0x89d3ffc83c000008020f3a56ade2ffc9L
  1; 15;105;0xade2ffc93c000008020f3a9781f1ffcaL
  1; 15;106;0xbcbcbcbc3c000008020f2b1791d3ffdcL
  1; 15;107;0x91d3ffdc3c000008020f2b570dd3ffddL
  1; 15;108;0xdd3ffdd3c000008020f2b9721d1ffdeL
  1; 15;109;0x21d1ffde3c000008020f2bd729deffdfL
  1; 15;110;0x29deffdf3c000008020f001745d6ffd0L
  1; 15;111;0x45d6ffd03c000008020f005771e6ffd1L
  1; 15;112;0x71e6ffd13c000008020f009785e1ffd2L
  1; 15;113;0x85e1ffd23c000008020f00d769dbffd3L
  1; 15;114;0x69dbffd33c000008020f0117b1fdffd4L
  1; 15;115;0xb1fdffd43c000008020f015735f0ffd5L
  1; 15;116;0x35f0ffd53c000008020f0197adf0ffd6L
  1; 15;117;0xadf0ffd63c000008020f29d6e9caffd7L
  1; 15;118;0xe9caffd73c000008020f2a1785d4ffd8L
  1; 15;119;0x85d4ffd83c000008020f2a56b1e2ffd9L
  1; 15;120;0xb1e2ffd93c000008020f2a9771f1ffdaL
  1; 15;121;0xbcbcbcbc3c000008020f33177dd5ffecL
  1; 15;122;0x7dd5ffec3c000008020f335709d0ffedL
  1; 15;123;0x9d0ffed3c000008020f339729d5ffeeL
  1; 15;124;0x29d5ffee3c000008020f33d731d8ffefL
  1; 15;125;0x31d8ffef3c000008020f301751d7ffe0L
  1; 15;126;0x51d7ffe03c000008020f305769e3ffe1L
  1; 15;127;0x69e3ffe13c000008020f309775e0ffe2L
  1; 15;128;0x75e0ffe23c000008020f30d759dbffe3L
  1; 15;129;0x59dbffe33c000008020f31179dfeffe4L
  1; 15;130;0x9dfeffe43c000008020f315715efffe5L
  1; 15;131;0x15efffe53c000008020f3197adf0ffe6L
  1; 15;132;0xadf0ffe63c000008020f31d6d5cbffe7L
  1; 15;133;0xd5cbffe73c000008020f321785d5ffe8L
  1; 15;134;0x85d5ffe83c000008020f3256a1e0ffe9L
  1; 15;135;0xa1e0ffe93c000008020f329771f1ffeaL
  1; 15;136;0xbcbcbcbc3c000008020f3b1781d5fffcL
  1; 15;137;0x81d5fffc3c000008020f3b5705ccfffdL
  1; 15;138;0x5ccfffd3c000008020f3b9725cffffeL
  1; 15;139;0x25cffffe3c000008020f3bd731d7ffffL
  1; 15;140;0x31d7ffff3c000008020f381749cffff0L
  1; 15;141;0x49cffff03c000008020f385761e2fff1L
  1; 15;142;0x61e2fff13c000008020f389775ddfff2L
  1; 15;143;0x75ddfff23c000008020f38d759dbfff3L
  1; 15;144;0x59dbfff33c000008020f3917a1fbfff4L
  1; 15;145;0xa1fbfff43c000008020f395715effff5L
  1; 15;146;0x15effff53c000008020f3997a5eefff6L
  1; 15;147;0xa5eefff63c000008020f39d6d5cbfff7L
  1; 15;148;0xd5cbfff73c000008020f3a1779d3fff8L
  1; 15;149;0x79d3fff83c000008020f3a5681dffff9L
  1; 15;150;0x81dffff93c000008020f3a9769eefffaL
  1; 15;151;0xbcbcbcbc3c000008020f2b1789d5ffccL
  1; 15;152;0x89d5ffcc3c000008020f2b5711cdffcdL
  1; 15;153;0x11cdffcd3c000008020f2b9725d1ffceL
  1; 15;154;0x25d1ffce3c000008020f2bd739d7ffcfL
  1; 15;155;0x39d7ffcf3c000008020f001741d6ffc0L
  1; 15;156;0x41d6ffc03c000008020f005779e3ffc1L
  1; 15;157;0x79e3ffc13c000008020f009769e1ffc2L
  1; 15;158;0x69e1ffc23c000008020f00d771ddffc3L
  1; 15;159;0x71ddffc33c000008020f0117a9fcffc4L
  1; 15;160;0xa9fcffc43c000008020f015721efffc5L
  1; 15;161;0x21efffc53c000008020f0197a9efffc6L
  1; 15;162;0xa9efffc63c000008020f29d6e1cdffc7L
  1; 15;163;0xe1cdffc73c000008020f2a1785d0ffc8L
  1; 15;164;0x85d0ffc83c000008020f2a56a1e0ffc9L
  1; 15;165;0xa1e0ffc93c000008020f2a9775efffcaL
  1; 15;166;0xbcbcbcbc3c000008020f331785d3ffdcL
  1; 15;167;0x85d3ffdc3c000008020f33570dd2ffddL
  1; 15;168;0xdd2ffdd3c000008020f339721d2ffdeL
  1; 15;169;0x21d2ffde3c000008020f33d72ddcffdfL
  1; 15;170;0x2ddcffdf3c000008020f301739d8ffd0L
  1; 15;171;0x39d8ffd03c000008020f305771e6ffd1L
  1; 15;172;0x71e6ffd13c000008020f309781e1ffd2L
  1; 15;173;0x81e1ffd23c000008020f30d769dcffd3L
  1; 15;174;0x69dcffd33c000008020f3117adfdffd4L
  1; 15;175;0xadfdffd43c000008020f315731efffd5L
  1; 15;176;0x31efffd53c000008020f3197adf0ffd6L
  1; 15;177;0xadf0ffd63c000008020f31d6e9cbffd7L
  1; 15;178;0xe9cbffd73c000008020f321789d4ffd8L
  1; 15;179;0x89d4ffd83c000008020f3256ade2ffd9L
  1; 15;180;0xade2ffd93c000008020f329769f0ffdaL
  1; 15;181;0xbcbcbcbc3c000008020f3b1781d5ffecL
  1; 15;182;0x81d5ffec3c000008020f3b5711d0ffedL
  1; 15;183;0x11d0ffed3c000008020f3b9731d7ffeeL
  1; 15;184;0x31d7ffee3c000008020f3bd735d7ffefL
  1; 15;185;0x35d7ffef3c000008020f381755d8ffe0L
  1; 15;186;0x55d8ffe03c000008020f385771e3ffe1L
  1; 15;187;0x71e3ffe13c000008020f389771e1ffe2L
  1; 15;188;0x71e1ffe23c000008020f38d75ddbffe3L
  1; 15;189;0x5ddbffe33c000008020f3917a5feffe4L
  1; 15;190;0xa5feffe43c000008020f39571defffe5L
  1; 15;191;0x1defffe53c000008020f3997b1f0ffe6L
  1; 15;192;0xb1f0ffe63c000008020f39d6ddcbffe7L
  1; 15;193;0xddcbffe73c000008020f3a1789d5ffe8L
  1; 15;194;0x89d5ffe83c000008020f3a56a9e1ffe9L
  1; 15;195;0xa9e1ffe93c000008020f3a9771f2ffeaL
  1; 15;196;0xbcbcbcbc3c000008020f2b1785d3fffcL
  1; 15;197;0x85d3fffc3c000008020f2b56f9ccfffdL
  1; 15;198;0xf9ccfffd3c000008020f2b9729d1fffeL
  1; 15;199;0x29d1fffe3c000008020f2bd731d7ffffL
  1; 15;200;0x31d7ffff3c000008020f001745d0fff0L
  1; 15;201;0x45d0fff03c000008020f005761e4fff1L
  1; 15;202;0x61e4fff13c000008020f009779dffff2L
  1; 15;203;0x79dffff23c000008020f00d759dafff3L
  1; 15;204;0x59dafff33c000008020f01179dfcfff4L
  1; 15;205;0x9dfcfff43c000008020f015715eefff5L
  1; 15;206;0x15eefff53c000008020f0197a5eefff6L
  1; 15;207;0xa5eefff63c000008020f29d6d5ccfff7L
  1; 15;208;0xd5ccfff73c000008020f2a1775d4fff8L
  1; 15;209;0x75d4fff83c000008020f2a5685e0fff9L
  1; 15;210;0x85e0fff93c000008020f2a9769effffaL
  1; 15;211;0xbcbcbcbc3c000008020f331789d5ffccL
  1; 15;212;0x89d5ffcc3c000008020f33570dccffcdL
  1; 15;213;0xdccffcd3c000008020f339729d2ffceL
  1; 15;214;0x29d2ffce3c000008020f33d741d8ffcfL
  1; 15;215;0x41d8ffcf3c000008020f30173dd5ffc0L
  1; 15;216;0x3dd5ffc03c000008020f30577de3ffc1L
  1; 15;217;0x7de3ffc13c000008020f30976de2ffc2L
  1; 15;218;0x6de2ffc23c000008020f30d76dddffc3L
  1; 15;219;0x6dddffc33c000008020f3117adfdffc4L
  1; 15;220;0xadfdffc43c000008020f315725efffc5L
  1; 15;221;0x25efffc53c000008020f3197b1efffc6L
  1; 15;222;0xb1efffc63c000008020f31d6ddccffc7L
  1; 15;223;0xddccffc73c000008020f321785d1ffc8L
  1; 15;224;0x85d1ffc83c000008020f32569de0ffc9L
  1; 15;225;0x9de0ffc93c000008020f329771efffcaL
  1; 15;226;0xbcbcbcbc3c000008020f3b1789d1ffdcL
  1; 15;227;0x89d1ffdc3c000008020f3b5705d0ffddL
  1; 15;228;0x5d0ffdd3c000008020f3b9719ceffdeL
  1; 15;229;0x19ceffde3c000008020f3bd729dbffdfL
  1; 15;230;0x29dbffdf3c000008020f381739d5ffd0L
  1; 15;231;0x39d5ffd03c000008020f385769e5ffd1L
  1; 15;232;0x69e5ffd13c000008020f389781dfffd2L
  1; 15;233;0x81dfffd23c000008020f38d769dcffd3L
  1; 15;234;0x69dcffd33c000008020f3917adfcffd4L
  1; 15;235;0xadfcffd43c000008020f395731efffd5L
  1; 15;236;0x31efffd53c000008020f3997a9efffd6L
  1; 15;237;0xa9efffd63c000008020f39d6e1caffd7L
  1; 15;238;0xe1caffd73c000008020f3a1781d1ffd8L
  1; 15;239;0x81d1ffd83c000008020f3a56a9e2ffd9L
  1; 15;240;0xa9e2ffd93c000008020f3a9765f0ffdaL
  1; 15;241;0xbcbcbcbc3c000008020f2b1781d4ffecL
  1; 15;242;0x81d4ffec3c000008020f2b5711d0ffedL
  1; 15;243;0x11d0ffed3c000008020f2b972dd6ffeeL
  1; 15;244;0x2dd6ffee3c000008020f2bd731d7ffefL
  1; 15;245;0x31d7ffef3c000008020f001751d6ffe0L
  1; 15;246;0x51d6ffe03c000008020f005769e4ffe1L
  1; 15;247;0x69e4ffe13c000008020f009771deffe2L
  1; 15;248;0x71deffe23c000008020f00d755dbffe3L
  1; 15;249;0x55dbffe33c000008020f0117a1feffe4L
  1; 15;250;0xa1feffe43c000008020f015715f0ffe5L
  1; 15;251;0x15f0ffe53c000008020f0197adf0ffe6L
  1; 15;252;0xadf0ffe63c000008020f29d6ddccffe7L
  1; 15;253;0xddccffe73c000008020f2a1785d5ffe8L
  1; 15;254;0x85d5ffe83c000008020f2a56a1e2ffe9L
  1; 15;255;0xa1e2ffe93c000008020f2a9771f1ffeaL
  1; 15;256;0xbcbcbcbc3c000008020f331789d5fffcL
  1; 16;  1;0xbcbcbcbc3c000008020f2b1735d9ffdcL
  1; 16;  2;0x35d9ffdc3c000008020f2b56c1adffddL
  1; 16;  3;0xc1adffdd3c000008020f2b96c5d8ffdeL
  1; 16;  4;0xc5d8ffde3c000008020f2bd64592ffdfL
  1; 16;  5;0x4592ffdf3c000008020f001671b1ffd0L
  1; 16;  6;0x71b1ffd03c000008020f0056d1cdffd1L
  1; 16;  7;0xd1cdffd13c000008020f009765c0ffd2L
  1; 16;  8;0x65c0ffd23c000008020f00d735ebffd3L
  1; 16;  9;0x35ebffd33c000008020f011749e5ffd4L
  1; 16; 10;0x49e5ffd43c000008020f015741e3ff95L
  1; 16; 11;0x41e3ff953c000008020f019755d7ffd6L
  1; 16; 12;0x55d7ffd63c000008020f29d711e7ffd7L
  1; 16; 13;0x11e7ffd73c000008020f2a162d98ffd8L
  1; 16; 14;0x2d98ffd83c000008020f2a56f1a8ffd9L
  1; 16; 15;0xf1a8ffd93c000008020f2a96a5bcffdaL
  1; 16; 16;0xbcbcbcbc3c000008020f331731d9ffecL
  1; 16; 17;0x31d9ffec3c000008020f3356adabffedL
  1; 16; 18;0xadabffed3c000008020f3396d1d8ffeeL
  1; 16; 19;0xd1d8ffee3c000008020f33d64d8effefL
  1; 16; 20;0x4d8effef3c000008020f301649b0ffe0L
  1; 16; 21;0x49b0ffe03c000008020f3056cdcfffe1L
  1; 16; 22;0xcdcfffe13c000008020f309749bdffe2L
  1; 16; 23;0x49bdffe23c000008020f30d739ebffe3L
  1; 16; 24;0x39ebffe33c000008020f311751e5ffe4L
  1; 16; 25;0x51e5ffe43c000008020f315741e3ffa5L
  1; 16; 26;0x41e3ffa53c000008020f319769d5ffe6L
  1; 16; 27;0x69d5ffe63c000008020f31d709e8ffe7L
  1; 16; 28;0x9e8ffe73c000008020f32163996ffe8L
  1; 16; 29;0x3996ffe83c000008020f3256d9a0ffe9L
  1; 16; 30;0xd9a0ffe93c000008020f3296a5b8ffeaL
  1; 16; 31;0xbcbcbcbc3c000008020f3b1735d9fffcL
  1; 16; 32;0x35d9fffc3c000008020f3b56b1aefffdL
  1; 16; 33;0xb1aefffd3c000008020f3b96c1dafffeL
  1; 16; 34;0xc1dafffe3c000008020f3bd65194ffffL
  1; 16; 35;0x5194ffff3c000008020f381669b6fff0L
  1; 16; 36;0x69b6fff03c000008020f3856e5cefff1L
  1; 16; 37;0xe5cefff13c000008020f389759c5fff2L
  1; 16; 38;0x59c5fff23c000008020f38d73debfff3L
  1; 16; 39;0x3debfff33c000008020f391751e6fff4L
  1; 16; 40;0x51e6fff43c000008020f395749e6fff5L
  1; 16; 41;0x49e6fff53c000008020f399769d4fff6L
  1; 16; 42;0x69d4fff63c000008020f39d719eafff7L
  1; 16; 43;0x19eafff73c000008020f3a16359cfff8L
  1; 16; 44;0x359cfff83c000008020f3a56f5a7fff9L
  1; 16; 45;0xf5a7fff93c000008020f3a96a9bcfffaL
  1; 16; 46;0xbcbcbcbc3c000008020f2b1739deffccL
  1; 16; 47;0x39deffcc3c000008020f2b56bdb2ffcdL
  1; 16; 48;0xbdb2ffcd3c000008020f2b96d9d7ffceL
  1; 16; 49;0xd9d7ffce3c000008020f2bd66990ffcfL
  1; 16; 50;0x6990ffcf3c000008020f001679b5ffc0L
  1; 16; 51;0x79b5ffc03c000008020f0056f1d1ffc1L
  1; 16; 52;0xf1d1ffc13c000008020f009761c1ffc2L
  1; 16; 53;0x61c1ffc23c000008020f00d741eeffc3L
  1; 16; 54;0x41eeffc33c000008020f011751e9ffc4L
  1; 16; 55;0x51e9ffc43c000008020f015759e8ff85L
  1; 16; 56;0x59e8ff853c000008020f01976ddaffc6L
  1; 16; 57;0x6ddaffc63c000008020f29d711eaffc7L
  1; 16; 58;0x11eaffc73c000008020f2a164d99ffc8L
  1; 16; 59;0x4d99ffc83c000008020f2a5705a3ffc9L
  1; 16; 60;0x5a3ffc93c000008020f2a96bdbbffcaL
  1; 16; 61;0xbcbcbcbc3c000008020f331735dbffdcL
  1; 16; 62;0x35dbffdc3c000008020f3356b9adffddL
  1; 16; 63;0xb9adffdd3c000008020f3396cddaffdeL
  1; 16; 64;0xcddaffde3c000008020f33d64993ffdfL
  1; 16; 65;0x4993ffdf3c000008020f301679b2ffd0L
  1; 16; 66;0x79b2ffd03c000008020f3056d5cfffd1L
  1; 16; 67;0xd5cfffd13c000008020f309765c4ffd2L
  1; 16; 68;0x65c4ffd23c000008020f30d739eaffd3L
  1; 16; 69;0x39eaffd33c000008020f311749e6ffd4L
  1; 16; 70;0x49e6ffd43c000008020f315749e5ff95L
  1; 16; 71;0x49e5ff953c000008020f319761d9ffd6L
  1; 16; 72;0x61d9ffd63c000008020f31d70de6ffd7L
  1; 16; 73;0xde6ffd73c000008020f3216359affd8L
  1; 16; 74;0x359affd83c000008020f3256eda9ffd9L
  1; 16; 75;0xeda9ffd93c000008020f3296b1bcffdaL
  1; 16; 76;0xbcbcbcbc3c000008020f3b1731d7ffecL
  1; 16; 77;0x31d7ffec3c000008020f3b56b1abffedL
  1; 16; 78;0xb1abffed3c000008020f3b96cdd9ffeeL
  1; 16; 79;0xcdd9ffee3c000008020f3bd6418dffefL
  1; 16; 80;0x418dffef3c000008020f381649b1ffe0L
  1; 16; 81;0x49b1ffe03c000008020f3856c9cfffe1L
  1; 16; 82;0xc9cfffe13c000008020f389749bcffe2L
  1; 16; 83;0x49bcffe23c000008020f38d73deaffe3L
  1; 16; 84;0x3deaffe33c000008020f391751e6ffe4L
  1; 16; 85;0x51e6ffe43c000008020f39573de4ffa5L
  1; 16; 86;0x3de4ffa53c000008020f399769d5ffe6L
  1; 16; 87;0x69d5ffe63c000008020f39d705e6ffe7L
  1; 16; 88;0x5e6ffe73c000008020f3a163d98ffe8L
  1; 16; 89;0x3d98ffe83c000008020f3a56d99fffe9L
  1; 16; 90;0xd99fffe93c000008020f3a96a5b8ffeaL
  1; 16; 91;0xbcbcbcbc3c000008020f2b1731d8fffcL
  1; 16; 92;0x31d8fffc3c000008020f2b56a9aafffdL
  1; 16; 93;0xa9aafffd3c000008020f2b96b9d9fffeL
  1; 16; 94;0xb9d9fffe3c000008020f2bd65192ffffL
  1; 16; 95;0x5192ffff3c000008020f001665b3fff0L
  1; 16; 96;0x65b3fff03c000008020f0056e5ccfff1L
  1; 16; 97;0xe5ccfff13c000008020f00974dc2fff2L
  1; 16; 98;0x4dc2fff23c000008020f00d731ebfff3L
  1; 16; 99;0x31ebfff33c000008020f011749e3fff4L
  1; 16;100;0x49e3fff43c000008020f015749e5fff5L
  1; 16;101;0x49e5fff53c000008020f019761d1fff6L
  1; 16;102;0x61d1fff63c000008020f29d70deafff7L
  1; 16;103;0xdeafff73c000008020f2a16319bfff8L
  1; 16;104;0x319bfff83c000008020f2a56eda6fff9L
  1; 16;105;0xeda6fff93c000008020f2a96a5bcfffaL
  1; 16;106;0xbcbcbcbc3c000008020f331739dcffccL
  1; 16;107;0x39dcffcc3c000008020f3356c1b1ffcdL
  1; 16;108;0xc1b1ffcd3c000008020f3396d9d8ffceL
  1; 16;109;0xd9d8ffce3c000008020f33d66590ffcfL
  1; 16;110;0x6590ffcf3c000008020f301675b4ffc0L
  1; 16;111;0x75b4ffc03c000008020f3056f5d1ffc1L
  1; 16;112;0xf5d1ffc13c000008020f30975dc1ffc2L
  1; 16;113;0x5dc1ffc23c000008020f30d745ecffc3L
  1; 16;114;0x45ecffc33c000008020f311751e8ffc4L
  1; 16;115;0x51e8ffc43c000008020f315759e8ffc5L
  1; 16;116;0x59e8ffc53c000008020f31976ddbffc6L
  1; 16;117;0x6ddbffc63c000008020f31d715eaffc7L
  1; 16;118;0x15eaffc73c000008020f3216519affc8L
  1; 16;119;0x519affc83c000008020f3256fda3ffc9L
  1; 16;120;0xfda3ffc93c000008020f3296b9baffcaL
  1; 16;121;0xbcbcbcbc3c000008020f3b1735daffdcL
  1; 16;122;0x35daffdc3c000008020f3b56c1adffddL
  1; 16;123;0xc1adffdd3c000008020f3b96cddbffdeL
  1; 16;124;0xcddbffde3c000008020f3bd65d94ffdfL
  1; 16;125;0x5d94ffdf3c000008020f381679b3ffd0L
  1; 16;126;0x79b3ffd03c000008020f3856d5d1ffd1L
  1; 16;127;0xd5d1ffd13c000008020f38976dc3ffd2L
  1; 16;128;0x6dc3ffd23c000008020f38d741ecffd3L
  1; 16;129;0x41ecffd33c000008020f39174de6ffd4L
  1; 16;130;0x4de6ffd43c000008020f395741e6ffd5L
  1; 16;131;0x41e6ffd53c000008020f39975dd9ffd6L
  1; 16;132;0x5dd9ffd63c000008020f39d70de9ffd7L
  1; 16;133;0xde9ffd73c000008020f3a16399affd8L
  1; 16;134;0x399affd83c000008020f3a56f5aaffd9L
  1; 16;135;0xf5aaffd93c000008020f3a96adbeffdaL
  1; 16;136;0xbcbcbcbc3c000008020f2b1731daffecL
  1; 16;137;0x31daffec3c000008020f2b56b5b1ffedL
  1; 16;138;0xb5b1ffed3c000008020f2b96cddaffeeL
  1; 16;139;0xcddaffee3c000008020f2bd65191ffefL
  1; 16;140;0x5191ffef3c000008020f001655b3ffe0L
  1; 16;141;0x55b3ffe03c000008020f0056cdd3ffe1L
  1; 16;142;0xcdd3ffe13c000008020f009759bfffe2L
  1; 16;143;0x59bfffe23c000008020f00d741eaffe3L
  1; 16;144;0x41eaffe33c000008020f01175de6ffe4L
  1; 16;145;0x5de6ffe43c000008020f015749e5ffa5L
  1; 16;146;0x49e5ffa53c000008020f01976dd6ffe6L
  1; 16;147;0x6dd6ffe63c000008020f29d715eaffe7L
  1; 16;148;0x15eaffe73c000008020f2a16419bffe8L
  1; 16;149;0x419bffe83c000008020f2a56e5a1ffe9L
  1; 16;150;0xe5a1ffe93c000008020f2a96adbaffeaL
  1; 16;151;0xbcbcbcbc3c000008020f331735d9fffcL
  1; 16;152;0x35d9fffc3c000008020f3356a5abfffdL
  1; 16;153;0xa5abfffd3c000008020f3396bddafffeL
  1; 16;154;0xbddafffe3c000008020f33d65995ffffL
  1; 16;155;0x5995ffff3c000008020f301671b4fff0L
  1; 16;156;0x71b4fff03c000008020f3056e1cefff1L
  1; 16;157;0xe1cefff13c000008020f309755c4fff2L
  1; 16;158;0x55c4fff23c000008020f30d739ecfff3L
  1; 16;159;0x39ecfff33c000008020f311751e5fff4L
  1; 16;160;0x51e5fff43c000008020f315749e5ffb5L
  1; 16;161;0x49e5ffb53c000008020f319765d3fff6L
  1; 16;162;0x65d3fff63c000008020f31d711e9fff7L
  1; 16;163;0x11e9fff73c000008020f3216359afff8L
  1; 16;164;0x359afff83c000008020f3256f1a6fff9L
  1; 16;165;0xf1a6fff93c000008020f3296a1bbfffaL
  1; 16;166;0xbcbcbcbc3c000008020f3b1735dcffccL
  1; 16;167;0x35dcffcc3c000008020f3b56b1acffcdL
  1; 16;168;0xb1acffcd3c000008020f3b96cdd7ffceL
  1; 16;169;0xcdd7ffce3c000008020f3bd6558cffcfL
  1; 16;170;0x558cffcf3c000008020f381665b2ffc0L
  1; 16;171;0x65b2ffc03c000008020f3856e9d0ffc1L
  1; 16;172;0xe9d0ffc13c000008020f389759bfffc2L
  1; 16;173;0x59bfffc23c000008020f38d745ecffc3L
  1; 16;174;0x45ecffc33c000008020f391751e7ffc4L
  1; 16;175;0x51e7ffc43c000008020f395751e6ff85L
  1; 16;176;0x51e6ff853c000008020f399765d8ffc6L
  1; 16;177;0x65d8ffc63c000008020f39d709e9ffc7L
  1; 16;178;0x9e9ffc73c000008020f3a16459affc8L
  1; 16;179;0x459affc83c000008020f3a56f9a1ffc9L
  1; 16;180;0xf9a1ffc93c000008020f3a96a9baffcaL
  1; 16;181;0xbcbcbcbc3c000008020f2b1745daffdcL
  1; 16;182;0x45daffdc3c000008020f2b56c1afffddL
  1; 16;183;0xc1afffdd3c000008020f2b96d5daffdeL
  1; 16;184;0xd5daffde3c000008020f2bd65996ffdfL
  1; 16;185;0x5996ffdf3c000008020f001679b3ffd0L
  1; 16;186;0x79b3ffd03c000008020f0056d5d1ffd1L
  1; 16;187;0xd5d1ffd13c000008020f00976dc5ffd2L
  1; 16;188;0x6dc5ffd23c000008020f00d73debffd3L
  1; 16;189;0x3debffd33c000008020f011751e6ffd4L
  1; 16;190;0x51e6ffd43c000008020f015751e6ffd5L
  1; 16;191;0x51e6ffd53c000008020f01975ddaffd6L
  1; 16;192;0x5ddaffd63c000008020f29d711e8ffd7L
  1; 16;193;0x11e8ffd73c000008020f2a163d9bffd8L
  1; 16;194;0x3d9bffd83c000008020f2a56eda8ffd9L
  1; 16;195;0xeda8ffd93c000008020f2a96b5bcffdaL
  1; 16;196;0xbcbcbcbc3c000008020f331735dbffecL
  1; 16;197;0x35dbffec3c000008020f3356bdb1ffedL
  1; 16;198;0xbdb1ffed3c000008020f3396d1daffeeL
  1; 16;199;0xd1daffee3c000008020f33d65592ffefL
  1; 16;200;0x5592ffef3c000008020f301651b1ffe0L
  1; 16;201;0x51b1ffe03c000008020f3056d1d2ffe1L
  1; 16;202;0xd1d2ffe13c000008020f309759bfffe2L
  1; 16;203;0x59bfffe23c000008020f30d73debffe3L
  1; 16;204;0x3debffe33c000008020f311759e7ffe4L
  1; 16;205;0x59e7ffe43c000008020f315749e5ffe5L
  1; 16;206;0x49e5ffe53c000008020f319771d6ffe6L
  1; 16;207;0x71d6ffe63c000008020f31d711e8ffe7L
  1; 16;208;0x11e8ffe73c000008020f3216499affe8L
  1; 16;209;0x499affe83c000008020f3256e5a2ffe9L
  1; 16;210;0xe5a2ffe93c000008020f3296b1bbffeaL
  1; 16;211;0xbcbcbcbc3c000008020f3b172dd7fffcL
  1; 16;212;0x2dd7fffc3c000008020f3b56a1acfffdL
  1; 16;213;0xa1acfffd3c000008020f3b96bdd8fffeL
  1; 16;214;0xbdd8fffe3c000008020f3bd64d93ffffL
  1; 16;215;0x4d93ffff3c000008020f381669b4fff0L
  1; 16;216;0x69b4fff03c000008020f3856e9cffff1L
  1; 16;217;0xe9cffff13c000008020f389751c3fff2L
  1; 16;218;0x51c3fff23c000008020f38d739edfff3L
  1; 16;219;0x39edfff33c000008020f391751e4fff4L
  1; 16;220;0x51e4fff43c000008020f395749e5ffb5L
  1; 16;221;0x49e5ffb53c000008020f399765d3fff6L
  1; 16;222;0x65d3fff63c000008020f39d711eafff7L
  1; 16;223;0x11eafff73c000008020f3a16359bfff8L
  1; 16;224;0x359bfff83c000008020f3a56eda8fff9L
  1; 16;225;0xeda8fff93c000008020f3a96a1bcfffaL
  1; 16;226;0xbcbcbcbc3c000008020f2b1735dbffccL
  1; 16;227;0x35dbffcc3c000008020f2b56b5adffcdL
  1; 16;228;0xb5adffcd3c000008020f2b96d1d4ffceL
  1; 16;229;0xd1d4ffce3c000008020f2bd6598dffcfL
  1; 16;230;0x598dffcf3c000008020f001665b3ffc0L
  1; 16;231;0x65b3ffc03c000008020f0056e9ceffc1L
  1; 16;232;0xe9ceffc13c000008020f009755c0ffc2L
  1; 16;233;0x55c0ffc23c000008020f00d73decffc3L
  1; 16;234;0x3decffc33c000008020f01174de7ffc4L
  1; 16;235;0x4de7ffc43c000008020f01574de6ff85L
  1; 16;236;0x4de6ff853c000008020f019765daffc6L
  1; 16;237;0x65daffc63c000008020f29d709e9ffc7L
  1; 16;238;0x9e9ffc73c000008020f2a164999ffc8L
  1; 16;239;0x4999ffc83c000008020f2a56f5a0ffc9L
  1; 16;240;0xf5a0ffc93c000008020f2a96adbaffcaL
  1; 16;241;0xbcbcbcbc3c000008020f33173ddbffdcL
  1; 16;242;0x3ddbffdc3c000008020f3356c5aeffddL
  1; 16;243;0xc5aeffdd3c000008020f3396cdd9ffdeL
  1; 16;244;0xcdd9ffde3c000008020f33d65195ffdfL
  1; 16;245;0x5195ffdf3c000008020f301679b4ffd0L
  1; 16;246;0x79b4ffd03c000008020f3056d1cfffd1L
  1; 16;247;0xd1cfffd13c000008020f309765c4ffd2L
  1; 16;248;0x65c4ffd23c000008020f30d739ecffd3L
  1; 16;249;0x39ecffd33c000008020f31174de6ffd4L
  1; 16;250;0x4de6ffd43c000008020f315749e5ff95L
  1; 16;251;0x49e5ff953c000008020f319759d9ffd6L
  1; 16;252;0x59d9ffd63c000008020f31d70de6ffd7L
  1; 16;253;0xde6ffd73c000008020f32162d99ffd8L
  1; 16;254;0x2d99ffd83c000008020f3256f5a8ffd9L
  1; 16;255;0xf5a8ffd93c000008020f3296b1bbffdaL
  1; 16;256;0xbcbcbcbc3c000008020f3b1731daffecL
  1; 17;  1;0xbcbcbcbc3c000008020f2b16c5d0ffdcL
  1; 17;  2;0xc5d0ffdc3c000008020f2b56b1daffddL
  1; 17;  3;0xb1daffdd3c000008020f2b9661a8ffdeL
  1; 17;  4;0x61a8ffde3c000008020f2bd6f1a4ffdfL
  1; 17;  5;0xf1a4ffdf3c000008020f001769d1ffd0L
  1; 17;  6;0x69d1ffd03c000008020f0056b5c9ffd1L
  1; 17;  7;0xb5c9ffd13c000008020f00976dd0ffd2L
  1; 17;  8;0x6dd0ffd23c000008020f00d7a9d4ffd3L
  1; 17;  9;0xa9d4ffd33c000008020f011735e6ffd4L
  1; 17; 10;0x35e6ffd43c000008020f0156f9efffd5L
  1; 17; 11;0xf9efffd53c000008020f01977df7ffd6L
  1; 17; 12;0x7df7ffd63c000008020f29d7a9ecffd7L
  1; 17; 13;0xa9ecffd73c000008020f2a177dd8ffd8L
  1; 17; 14;0x7dd8ffd83c000008020f2a5725d6ffd9L
  1; 17; 15;0x25d6ffd93c000008020f2a9745e3ffdaL
  1; 17; 16;0xbcbcbcbc3c000008020f3316d9ceffecL
  1; 17; 17;0xd9ceffec3c000008020f3356b5d8ffedL
  1; 17; 18;0xb5d8ffed3c000008020f339665aaffeeL
  1; 17; 19;0x65aaffee3c000008020f33d6e5a5ffefL
  1; 17; 20;0xe5a5ffef3c000008020f301761d6ffe0L
  1; 17; 21;0x61d6ffe03c000008020f3056c9ccffe1L
  1; 17; 22;0xc9ccffe13c000008020f309779d5ffe2L
  1; 17; 23;0x79d5ffe23c000008020f30d7b5d6ffe3L
  1; 17; 24;0xb5d6ffe33c000008020f311735e9ffe4L
  1; 17; 25;0x35e9ffe43c000008020f3156f5efffe5L
  1; 17; 26;0xf5efffe53c000008020f31979df7ffe6L
  1; 17; 27;0x9df7ffe63c000008020f31d7a9eaffe7L
  1; 17; 28;0xa9eaffe73c000008020f321785d8ffe8L
  1; 17; 29;0x85d8ffe83c000008020f32572dd7ffe9L
  1; 17; 30;0x2dd7ffe93c000008020f329739daffeaL
  1; 17; 31;0xbcbcbcbc3c000008020f3b16ddd2fffcL
  1; 17; 32;0xddd2fffc3c000008020f3b5695d4fffdL
  1; 17; 33;0x95d4fffd3c000008020f3b9661a4fffeL
  1; 17; 34;0x61a4fffe3c000008020f3bd6d1a3ffffL
  1; 17; 35;0xd1a3ffff3c000008020f381765d4fff0L
  1; 17; 36;0x65d4fff03c000008020f3856b5c8fff1L
  1; 17; 37;0xb5c8fff13c000008020f389769cefff2L
  1; 17; 38;0x69cefff23c000008020f38d7b5d3fff3L
  1; 17; 39;0xb5d3fff33c000008020f391731e7fff4L
  1; 17; 40;0x31e7fff43c000008020f395709effff5L
  1; 17; 41;0x9effff53c000008020f399785f7fff6L
  1; 17; 42;0x85f7fff63c000008020f39d7a5e8fff7L
  1; 17; 43;0xa5e8fff73c000008020f3a1775d1fff8L
  1; 17; 44;0x75d1fff83c000008020f3a5729d6fff9L
  1; 17; 45;0x29d6fff93c000008020f3a972ddafffaL
  1; 17; 46;0xbcbcbcbc3c000008020f2b16cdd0ffccL
  1; 17; 47;0xcdd0ffcc3c000008020f2b569dd4ffcdL
  1; 17; 48;0x9dd4ffcd3c000008020f2b9659a6ffceL
  1; 17; 49;0x59a6ffce3c000008020f2bd6e59bffcfL
  1; 17; 50;0xe59bffcf3c000008020f001759d3ffc0L
  1; 17; 51;0x59d3ffc03c000008020f0056b5c6ffc1L
  1; 17; 52;0xb5c6ffc13c000008020f009769cdffc2L
  1; 17; 53;0x69cdffc23c000008020f00d7add3ffc3L
  1; 17; 54;0xadd3ffc33c000008020f011729e8ffc4L
  1; 17; 55;0x29e8ffc43c000008020f015701eeffc5L
  1; 17; 56;0x1eeffc53c000008020f019779f7ffc6L
  1; 17; 57;0x79f7ffc63c000008020f29d7a5e7ffc7L
  1; 17; 58;0xa5e7ffc73c000008020f2a1785d3ffc8L
  1; 17; 59;0x85d3ffc83c000008020f2a5729d6ffc9L
  1; 17; 60;0x29d6ffc93c000008020f2a971ddfffcaL
  1; 17; 61;0xbcbcbcbc3c000008020f3316bdd0ffdcL
  1; 17; 62;0xbdd0ffdc3c000008020f3356add8ffddL
  1; 17; 63;0xadd8ffdd3c000008020f339659a8ffdeL
  1; 17; 64;0x59a8ffde3c000008020f33d6eda1ffdfL
  1; 17; 65;0xeda1ffdf3c000008020f301765d1ffd0L
  1; 17; 66;0x65d1ffd03c000008020f3056b5c7ffd1L
  1; 17; 67;0xb5c7ffd13c000008020f309769cfffd2L
  1; 17; 68;0x69cfffd23c000008020f30d7a5d4ffd3L
  1; 17; 69;0xa5d4ffd33c000008020f311731e6ffd4L
  1; 17; 70;0x31e6ffd43c000008020f3156f9f0ffd5L
  1; 17; 71;0xf9f0ffd53c000008020f319785f6ffd6L
  1; 17; 72;0x85f6ffd63c000008020f31d7a9eaffd7L
  1; 17; 73;0xa9eaffd73c000008020f32177dd8ffd8L
  1; 17; 74;0x7dd8ffd83c000008020f325721d4ffd9L
  1; 17; 75;0x21d4ffd93c000008020f32973de2ffdaL
  1; 17; 76;0xbcbcbcbc3c000008020f3b16ddceffecL
  1; 17; 77;0xddceffec3c000008020f3b56b1d7ffedL
  1; 17; 78;0xb1d7ffed3c000008020f3b9659a9ffeeL
  1; 17; 79;0x59a9ffee3c000008020f3bd6dda4ffefL
  1; 17; 80;0xdda4ffef3c000008020f38175dd6ffe0L
  1; 17; 81;0x5dd6ffe03c000008020f3856bdcbffe1L
  1; 17; 82;0xbdcbffe13c000008020f389771d4ffe2L
  1; 17; 83;0x71d4ffe23c000008020f38d7b1d5ffe3L
  1; 17; 84;0xb1d5ffe33c000008020f391735e9ffe4L
  1; 17; 85;0x35e9ffe43c000008020f3956e9efffe5L
  1; 17; 86;0xe9efffe53c000008020f39979df7ffe6L
  1; 17; 87;0x9df7ffe63c000008020f39d7a1eaffe7L
  1; 17; 88;0xa1eaffe73c000008020f3a177dd7ffe8L
  1; 17; 89;0x7dd7ffe83c000008020f3a5725d6ffe9L
  1; 17; 90;0x25d6ffe93c000008020f3a9731daffeaL
  1; 17; 91;0xbcbcbcbc3c000008020f2b16ddd1fffcL
  1; 17; 92;0xddd1fffc3c000008020f2b5695d3fffdL
  1; 17; 93;0x95d3fffd3c000008020f2b9659a4fffeL
  1; 17; 94;0x59a4fffe3c000008020f2bd6d9a2ffffL
  1; 17; 95;0xd9a2ffff3c000008020f001761d4fff0L
  1; 17; 96;0x61d4fff03c000008020f0056adc8fff1L
  1; 17; 97;0xadc8fff13c000008020f009769cefff2L
  1; 17; 98;0x69cefff23c000008020f00d7b1d1fff3L
  1; 17; 99;0xb1d1fff33c000008020f011731e7fff4L
  1; 17;100;0x31e7fff43c000008020f015701effff5L
  1; 17;101;0x1effff53c000008020f019789f7fff6L
  1; 17;102;0x89f7fff63c000008020f29d7a9e7fff7L
  1; 17;103;0xa9e7fff73c000008020f2a1775d1fff8L
  1; 17;104;0x75d1fff83c000008020f2a572dd4fff9L
  1; 17;105;0x2dd4fff93c000008020f2a972ddbfffaL
  1; 17;106;0xbcbcbcbc3c000008020f3316d1d0ffccL
  1; 17;107;0xd1d0ffcc3c000008020f3356a9d5ffcdL
  1; 17;108;0xa9d5ffcd3c000008020f339661aaffceL
  1; 17;109;0x61aaffce3c000008020f33d6e59dffcfL
  1; 17;110;0xe59dffcf3c000008020f301765d4ffc0L
  1; 17;111;0x65d4ffc03c000008020f3056b9c8ffc1L
  1; 17;112;0xb9c8ffc13c000008020f30976dd0ffc2L
  1; 17;113;0x6dd0ffc23c000008020f30d7add5ffc3L
  1; 17;114;0xadd5ffc33c000008020f311729eaffc4L
  1; 17;115;0x29eaffc43c000008020f315709eeffc5L
  1; 17;116;0x9eeffc53c000008020f319785f7ffc6L
  1; 17;117;0x85f7ffc63c000008020f31d7a9e8ffc7L
  1; 17;118;0xa9e8ffc73c000008020f321789d4ffc8L
  1; 17;119;0x89d4ffc83c000008020f325731d6ffc9L
  1; 17;120;0x31d6ffc93c000008020f329721e1ffcaL
  1; 17;121;0xbcbcbcbc3c000008020f3b16b9d0ffdcL
  1; 17;122;0xb9d0ffdc3c000008020f3b56b1d7ffddL
  1; 17;123;0xb1d7ffdd3c000008020f3b965da6ffdeL
  1; 17;124;0x5da6ffde3c000008020f3bd6e5a1ffdfL
  1; 17;125;0xe5a1ffdf3c000008020f381761cfffd0L
  1; 17;126;0x61cfffd03c000008020f3856b1c8ffd1L
  1; 17;127;0xb1c8ffd13c000008020f389769d0ffd2L
  1; 17;128;0x69d0ffd23c000008020f38d7a5d3ffd3L
  1; 17;129;0xa5d3ffd33c000008020f391731e5ffd4L
  1; 17;130;0x31e5ffd43c000008020f3956f5f0ffd5L
  1; 17;131;0xf5f0ffd53c000008020f399779f6ffd6L
  1; 17;132;0x79f6ffd63c000008020f39d7a5ebffd7L
  1; 17;133;0xa5ebffd73c000008020f3a1779d6ffd8L
  1; 17;134;0x79d6ffd83c000008020f3a5721d4ffd9L
  1; 17;135;0x21d4ffd93c000008020f3a9735e2ffdaL
  1; 17;136;0xbcbcbcbc3c000008020f2b16d5cdffecL
  1; 17;137;0xd5cdffec3c000008020f2b56add5ffedL
  1; 17;138;0xadd5ffed3c000008020f2b9659a8ffeeL
  1; 17;139;0x59a8ffee3c000008020f2bd6d1a3ffefL
  1; 17;140;0xd1a3ffef3c000008020f001755d5ffe0L
  1; 17;141;0x55d5ffe03c000008020f0056b5c9ffe1L
  1; 17;142;0xb5c9ffe13c000008020f009771d2ffe2L
  1; 17;143;0x71d2ffe23c000008020f00d7b1d4ffe3L
  1; 17;144;0xb1d4ffe33c000008020f01172de7ffe4L
  1; 17;145;0x2de7ffe43c000008020f0156e5efffe5L
  1; 17;146;0xe5efffe53c000008020f01978df6ffe6L
  1; 17;147;0x8df6ffe63c000008020f29d79de9ffe7L
  1; 17;148;0x9de9ffe73c000008020f2a177dd6ffe8L
  1; 17;149;0x7dd6ffe83c000008020f2a5725d4ffe9L
  1; 17;150;0x25d4ffe93c000008020f2a972ddbffeaL
  1; 17;151;0xbcbcbcbc3c000008020f3316e1d1fffcL
  1; 17;152;0xe1d1fffc3c000008020f335699d4fffdL
  1; 17;153;0x99d4fffd3c000008020f339665a5fffeL
  1; 17;154;0x65a5fffe3c000008020f33d6d5a2ffffL
  1; 17;155;0xd5a2ffff3c000008020f301761d5fff0L
  1; 17;156;0x61d5fff03c000008020f3056bdc8fff1L
  1; 17;157;0xbdc8fff13c000008020f309771d0fff2L
  1; 17;158;0x71d0fff23c000008020f30d7b1d3fff3L
  1; 17;159;0xb1d3fff33c000008020f311735e8fff4L
  1; 17;160;0x35e8fff43c000008020f31570deffff5L
  1; 17;161;0xdeffff53c000008020f31978df7fff6L
  1; 17;162;0x8df7fff63c000008020f31d7ade9fff7L
  1; 17;163;0xade9fff73c000008020f321779d2fff8L
  1; 17;164;0x79d2fff83c000008020f325735d6fff9L
  1; 17;165;0x35d6fff93c000008020f329735dcfffaL
  1; 17;166;0xbcbcbcbc3c000008020f3b16d5d1ffccL
  1; 17;167;0xd5d1ffcc3c000008020f3b56add6ffcdL
  1; 17;168;0xadd6ffcd3c000008020f3b9669a9ffceL
  1; 17;169;0x69a9ffce3c000008020f3bd6e9a0ffcfL
  1; 17;170;0xe9a0ffcf3c000008020f381769d4ffc0L
  1; 17;171;0x69d4ffc03c000008020f3856c1caffc1L
  1; 17;172;0xc1caffc13c000008020f389771d1ffc2L
  1; 17;173;0x71d1ffc23c000008020f38d7b5d6ffc3L
  1; 17;174;0xb5d6ffc33c000008020f391731eaffc4L
  1; 17;175;0x31eaffc43c000008020f395709eeffc5L
  1; 17;176;0x9eeffc53c000008020f399789f8ffc6L
  1; 17;177;0x89f8ffc63c000008020f39d7a9e8ffc7L
  1; 17;178;0xa9e8ffc73c000008020f3a1785d6ffc8L
  1; 17;179;0x85d6ffc83c000008020f3a5735d8ffc9L
  1; 17;180;0x35d8ffc93c000008020f3a972de2ffcaL
  1; 17;181;0xbcbcbcbc3c000008020f2b16c1d2ffdcL
  1; 17;182;0xc1d2ffdc3c000008020f2b56b5d9ffddL
  1; 17;183;0xb5d9ffdd3c000008020f2b9661a8ffdeL
  1; 17;184;0x61a8ffde3c000008020f2bd6eda4ffdfL
  1; 17;185;0xeda4ffdf3c000008020f001765d1ffd0L
  1; 17;186;0x65d1ffd03c000008020f0056b5c8ffd1L
  1; 17;187;0xb5c8ffd13c000008020f009769d1ffd2L
  1; 17;188;0x69d1ffd23c000008020f00d7a9d4ffd3L
  1; 17;189;0xa9d4ffd33c000008020f011735e6ffd4L
  1; 17;190;0x35e6ffd43c000008020f015701efffd5L
  1; 17;191;0x1efffd53c000008020f019785f6ffd6L
  1; 17;192;0x85f6ffd63c000008020f29d7a9ebffd7L
  1; 17;193;0xa9ebffd73c000008020f2a177dd6ffd8L
  1; 17;194;0x7dd6ffd83c000008020f2a5725d5ffd9L
  1; 17;195;0x25d5ffd93c000008020f2a9741e4ffdaL
  1; 17;196;0xbcbcbcbc3c000008020f3316d5cdffecL
  1; 17;197;0xd5cdffec3c000008020f3356add6ffedL
  1; 17;198;0xadd6ffed3c000008020f33965da6ffeeL
  1; 17;199;0x5da6ffee3c000008020f33d6d5a4ffefL
  1; 17;200;0xd5a4ffef3c000008020f301755d5ffe0L
  1; 17;201;0x55d5ffe03c000008020f3056b9caffe1L
  1; 17;202;0xb9caffe13c000008020f309775d4ffe2L
  1; 17;203;0x75d4ffe23c000008020f30d7b1d4ffe3L
  1; 17;204;0xb1d4ffe33c000008020f311729e8ffe4L
  1; 17;205;0x29e8ffe43c000008020f3156e9efffe5L
  1; 17;206;0xe9efffe53c000008020f319795f7ffe6L
  1; 17;207;0x95f7ffe63c000008020f31d79deaffe7L
  1; 17;208;0x9deaffe73c000008020f321779d6ffe8L
  1; 17;209;0x79d6ffe83c000008020f325725d5ffe9L
  1; 17;210;0x25d5ffe93c000008020f329731daffeaL
  1; 17;211;0xbcbcbcbc3c000008020f3b16d1cefffcL
  1; 17;212;0xd1cefffc3c000008020f3b5695d2fffdL
  1; 17;213;0x95d2fffd3c000008020f3b965da0fffeL
  1; 17;214;0x5da0fffe3c000008020f3bd6c9a0ffffL
  1; 17;215;0xc9a0ffff3c000008020f381759d3fff0L
  1; 17;216;0x59d3fff03c000008020f3856adc6fff1L
  1; 17;217;0xadc6fff13c000008020f389761cdfff2L
  1; 17;218;0x61cdfff23c000008020f38d7a9d1fff3L
  1; 17;219;0xa9d1fff33c000008020f39172de6fff4L
  1; 17;220;0x2de6fff43c000008020f395701effff5L
  1; 17;221;0x1effff53c000008020f39977df7fff6L
  1; 17;222;0x7df7fff63c000008020f39d79de7fff7L
  1; 17;223;0x9de7fff73c000008020f3a1771cefff8L
  1; 17;224;0x71cefff83c000008020f3a5729d5fff9L
  1; 17;225;0x29d5fff93c000008020f3a9729dafffaL
  1; 17;226;0xbcbcbcbc3c000008020f2b16d5d1ffccL
  1; 17;227;0xd5d1ffcc3c000008020f2b56a9d6ffcdL
  1; 17;228;0xa9d6ffcd3c000008020f2b9669a8ffceL
  1; 17;229;0x69a8ffce3c000008020f2bd6ed9effcfL
  1; 17;230;0xed9effcf3c000008020f001765d4ffc0L
  1; 17;231;0x65d4ffc03c000008020f0056bdc9ffc1L
  1; 17;232;0xbdc9ffc13c000008020f009771d1ffc2L
  1; 17;233;0x71d1ffc23c000008020f00d7b1d6ffc3L
  1; 17;234;0xb1d6ffc33c000008020f01172deaffc4L
  1; 17;235;0x2deaffc43c000008020f015705eeffc5L
  1; 17;236;0x5eeffc53c000008020f019785f8ffc6L
  1; 17;237;0x85f8ffc63c000008020f29d7ade9ffc7L
  1; 17;238;0xade9ffc73c000008020f2a1789d4ffc8L
  1; 17;239;0x89d4ffc83c000008020f2a5731d6ffc9L
  1; 17;240;0x31d6ffc93c000008020f2a9729e2ffcaL
  1; 17;241;0xbcbcbcbc3c000008020f3316c1d1ffdcL
  1; 17;242;0xc1d1ffdc3c000008020f3356b9d8ffddL
  1; 17;243;0xb9d8ffdd3c000008020f339661a9ffdeL
  1; 17;244;0x61a9ffde3c000008020f33d6eda3ffdfL
  1; 17;245;0xeda3ffdf3c000008020f301769d2ffd0L
  1; 17;246;0x69d2ffd03c000008020f3056b9c9ffd1L
  1; 17;247;0xb9c9ffd13c000008020f30976dd0ffd2L
  1; 17;248;0x6dd0ffd23c000008020f30d7a9d4ffd3L
  1; 17;249;0xa9d4ffd33c000008020f311731e5ffd4L
  1; 17;250;0x31e5ffd43c000008020f3156f9efffd5L
  1; 17;251;0xf9efffd53c000008020f31977df7ffd6L
  1; 17;252;0x7df7ffd63c000008020f31d7a9ebffd7L
  1; 17;253;0xa9ebffd73c000008020f321781d8ffd8L
  1; 17;254;0x81d8ffd83c000008020f32572dd5ffd9L
  1; 17;255;0x2dd5ffd93c000008020f329741e2ffdaL
  1; 17;256;0xbcbcbcbc3c000008020f3b16d9cfffecL
  1; 18;  1;0xbcbcbcbc3c000008020f3b17c9eeffccL
  1; 18;  2;0xc9eeffcc3c000008020f3b57ddfaffcdL
  1; 18;  3;0xddfaffcd3c000008020f3b97fdffff8eL
  1; 18;  4;0xfdffff8e3c000008020f3bd7adf8ffcfL
  1; 18;  5;0xadf8ffcf3c000008020f3817edfbffc0L
  1; 18;  6;0xedfbffc03c000008020f385781eeffc1L
  1; 18;  7;0x81eeffc13c000008020f3897d1f6ffc2L
  1; 18;  8;0xd1f6ffc23c000008020f38d7f9ffffc3L
  1; 18;  9;0xf9ffffc33c000008020f3917fdffffc4L
  1; 18; 10;0xfdffffc43c000008020f3957c1efffc5L
  1; 18; 11;0xc1efffc53c000008020f3997f1faffc6L
  1; 18; 12;0xf1faffc63c000008020f39d7d5f6ff87L
  1; 18; 13;0xd5f6ff873c000008020f3a17c1f3ffc8L
  1; 18; 14;0xc1f3ffc83c000008020f3a56f5ecffc9L
  1; 18; 15;0xf5ecffc93c000008020f3a97edeeffcaL
  1; 18; 16;0xbcbcbcbc3c000008020f2b17c5edffdcL
  1; 18; 17;0xc5edffdc3c000008020f2b57d9faffddL
  1; 18; 18;0xd9faffdd3c000008020f2b97fdffff9eL
  1; 18; 19;0xfdffff9e3c000008020f2bd7adf8ffdfL
  1; 18; 20;0xadf8ffdf3c000008020f0017edfbffd0L
  1; 18; 21;0xedfbffd03c000008020f005761eeffd1L
  1; 18; 22;0x61eeffd13c000008020f0097d1f5ffd2L
  1; 18; 23;0xd1f5ffd23c000008020f00d7f5ffffd3L
  1; 18; 24;0xf5ffffd33c000008020f0117fdffffd4L
  1; 18; 25;0xfdffffd43c000008020f0157c1efffd5L
  1; 18; 26;0xc1efffd53c000008020f0197edf9ffd6L
  1; 18; 27;0xedf9ffd63c000008020f29d7d5f5ff97L
  1; 18; 28;0xd5f5ff973c000008020f2a17c1f3ffd8L
  1; 18; 29;0xc1f3ffd83c000008020f2a56e9ecffd9L
  1; 18; 30;0xe9ecffd93c000008020f2a97e9e9ffdaL
  1; 18; 31;0xbcbcbcbc3c000008020f3317c5edffecL
  1; 18; 32;0xc5edffec3c000008020f3357d1faffedL
  1; 18; 33;0xd1faffed3c000008020f3397fdfeffaeL
  1; 18; 34;0xfdfeffae3c000008020f33d79df7ffefL
  1; 18; 35;0x9df7ffef3c000008020f3017edfaffe0L
  1; 18; 36;0xedfaffe03c000008020f30576dedffe1L
  1; 18; 37;0x6dedffe13c000008020f3097bdf4ffe2L
  1; 18; 38;0xbdf4ffe23c000008020f30d7f5ffffe3L
  1; 18; 39;0xf5ffffe33c000008020f3117fdffffe4L
  1; 18; 40;0xfdffffe43c000008020f3157c1f0ffe5L
  1; 18; 41;0xc1f0ffe53c000008020f3197edf9ffe6L
  1; 18; 42;0xedf9ffe63c000008020f31d7d5f5ffa7L
  1; 18; 43;0xd5f5ffa73c000008020f3217b5f0ffe8L
  1; 18; 44;0xb5f0ffe83c000008020f3256c5ebffe9L
  1; 18; 45;0xc5ebffe93c000008020f3297e9ebffeaL
  1; 18; 46;0xbcbcbcbc3c000008020f3b17c5ecfffcL
  1; 18; 47;0xc5ecfffc3c000008020f3b57d5fbfffdL
  1; 18; 48;0xd5fbfffd3c000008020f3b97fdffffbeL
  1; 18; 49;0xfdffffbe3c000008020f3bd7adf7ffffL
  1; 18; 50;0xadf7ffff3c000008020f3817e9fbfff0L
  1; 18; 51;0xe9fbfff03c000008020f385765eefff1L
  1; 18; 52;0x65eefff13c000008020f3897c5f5fff2L
  1; 18; 53;0xc5f5fff23c000008020f38d7f9fffff3L
  1; 18; 54;0xf9fffff33c000008020f3917fdfffff4L
  1; 18; 55;0xfdfffff43c000008020f3957c1effff5L
  1; 18; 56;0xc1effff53c000008020f3997f1f9fff6L
  1; 18; 57;0xf1f9fff63c000008020f39d7d5f5ffb7L
  1; 18; 58;0xd5f5ffb73c000008020f3a17c1f2fff8L
  1; 18; 59;0xc1f2fff83c000008020f3a56ddecfff9L
  1; 18; 60;0xddecfff93c000008020f3a97e9eafffaL
  1; 18; 61;0xbcbcbcbc3c000008020f2b17c5edffccL
  1; 18; 62;0xc5edffcc3c000008020f2b57ddfaffcdL
  1; 18; 63;0xddfaffcd3c000008020f2b97fdffff8eL
  1; 18; 64;0xfdffff8e3c000008020f2bd7adf9ffcfL
  1; 18; 65;0xadf9ffcf3c000008020f0017edfbffc0L
  1; 18; 66;0xedfbffc03c000008020f005775eeffc1L
  1; 18; 67;0x75eeffc13c000008020f0097d1f6ffc2L
  1; 18; 68;0xd1f6ffc23c000008020f00d7f5ffffc3L
  1; 18; 69;0xf5ffffc33c000008020f0117fdffffc4L
  1; 18; 70;0xfdffffc43c000008020f0157c1f0ffc5L
  1; 18; 71;0xc1f0ffc53c000008020f0197edfaffc6L
  1; 18; 72;0xedfaffc63c000008020f29d7d5f5ff87L
  1; 18; 73;0xd5f5ff873c000008020f2a17c1f2ffc8L
  1; 18; 74;0xc1f2ffc83c000008020f2a56f1ecffc9L
  1; 18; 75;0xf1ecffc93c000008020f2a97e9eeffcaL
  1; 18; 76;0xbcbcbcbc3c000008020f3317c5eeffdcL
  1; 18; 77;0xc5eeffdc3c000008020f3357d9fbffddL
  1; 18; 78;0xd9fbffdd3c000008020f3397fdffff9eL
  1; 18; 79;0xfdffff9e3c000008020f33d7b1f9ffdfL
  1; 18; 80;0xb1f9ffdf3c000008020f3017e9fbffd0L
  1; 18; 81;0xe9fbffd03c000008020f305765eeffd1L
  1; 18; 82;0x65eeffd13c000008020f3097cdf5ffd2L
  1; 18; 83;0xcdf5ffd23c000008020f30d7f5ffffd3L
  1; 18; 84;0xf5ffffd33c000008020f3117fdffffd4L
  1; 18; 85;0xfdffffd43c000008020f3157c5efffd5L
  1; 18; 86;0xc5efffd53c000008020f3197f1faffd6L
  1; 18; 87;0xf1faffd63c000008020f31d7d9f5ff97L
  1; 18; 88;0xd9f5ff973c000008020f3217bdf3ffd8L
  1; 18; 89;0xbdf3ffd83c000008020f3256ededffd9L
  1; 18; 90;0xededffd93c000008020f3297e9e9ffdaL
  1; 18; 91;0xbcbcbcbc3c000008020f3b17c5eeffecL
  1; 18; 92;0xc5eeffec3c000008020f3b57d5fbffedL
  1; 18; 93;0xd5fbffed3c000008020f3b97fdffffaeL
  1; 18; 94;0xfdffffae3c000008020f3bd7a5f9ffefL
  1; 18; 95;0xa5f9ffef3c000008020f3817edfaffe0L
  1; 18; 96;0xedfaffe03c000008020f385775eeffe1L
  1; 18; 97;0x75eeffe13c000008020f3897c1f4ffe2L
  1; 18; 98;0xc1f4ffe23c000008020f38d7f5ffffe3L
  1; 18; 99;0xf5ffffe33c000008020f3917fdffffe4L
  1; 18;100;0xfdffffe43c000008020f3957c1f0ffe5L
  1; 18;101;0xc1f0ffe53c000008020f3997edf9ffe6L
  1; 18;102;0xedf9ffe63c000008020f39d7d5f6ffa7L
  1; 18;103;0xd5f6ffa73c000008020f3a17b9f2ffe8L
  1; 18;104;0xb9f2ffe83c000008020f3a56d5ecffe9L
  1; 18;105;0xd5ecffe93c000008020f3a97e9edffeaL
  1; 18;106;0xbcbcbcbc3c000008020f2b17c1ebfffcL
  1; 18;107;0xc1ebfffc3c000008020f2b57d5fafffdL
  1; 18;108;0xd5fafffd3c000008020f2b97fdfeffbeL
  1; 18;109;0xfdfeffbe3c000008020f2bd7a9f7ffffL
  1; 18;110;0xa9f7ffff3c000008020f0017e9fafff0L
  1; 18;111;0xe9fafff03c000008020f005761eefff1L
  1; 18;112;0x61eefff13c000008020f0097c1f4fff2L
  1; 18;113;0xc1f4fff23c000008020f00d7f5fffff3L
  1; 18;114;0xf5fffff33c000008020f0117fdfffff4L
  1; 18;115;0xfdfffff43c000008020f0157bdeffff5L
  1; 18;116;0xbdeffff53c000008020f0197f1f9fff6L
  1; 18;117;0xf1f9fff63c000008020f29d7d5f5ffb7L
  1; 18;118;0xd5f5ffb73c000008020f2a17c1f0fff8L
  1; 18;119;0xc1f0fff83c000008020f2a56d9ebfff9L
  1; 18;120;0xd9ebfff93c000008020f2a97e9eafffaL
  1; 18;121;0xbcbcbcbc3c000008020f3317c5edffccL
  1; 18;122;0xc5edffcc3c000008020f3357ddfbffcdL
  1; 18;123;0xddfbffcd3c000008020f3397fdfeff8eL
  1; 18;124;0xfdfeff8e3c000008020f33d7a5f8ffcfL
  1; 18;125;0xa5f8ffcf3c000008020f3017edfbffc0L
  1; 18;126;0xedfbffc03c000008020f305775eeffc1L
  1; 18;127;0x75eeffc13c000008020f3097cdf6ffc2L
  1; 18;128;0xcdf6ffc23c000008020f30d7f5ffffc3L
  1; 18;129;0xf5ffffc33c000008020f3117fdffffc4L
  1; 18;130;0xfdffffc43c000008020f3157c1efffc5L
  1; 18;131;0xc1efffc53c000008020f3197f1f9ffc6L
  1; 18;132;0xf1f9ffc63c000008020f31d7d5f5ff87L
  1; 18;133;0xd5f5ff873c000008020f3217bdf2ffc8L
  1; 18;134;0xbdf2ffc83c000008020f3256e5ecffc9L
  1; 18;135;0xe5ecffc93c000008020f3297e9edffcaL
  1; 18;136;0xbcbcbcbc3c000008020f3b17c5eeffdcL
  1; 18;137;0xc5eeffdc3c000008020f3b57ddfbffddL
  1; 18;138;0xddfbffdd3c000008020f3b97fdffff9eL
  1; 18;139;0xfdffff9e3c000008020f3bd7adf9ffdfL
  1; 18;140;0xadf9ffdf3c000008020f3817edfbffd0L
  1; 18;141;0xedfbffd03c000008020f385769eeffd1L
  1; 18;142;0x69eeffd13c000008020f3897d1f5ffd2L
  1; 18;143;0xd1f5ffd23c000008020f38d7f9ffffd3L
  1; 18;144;0xf9ffffd33c000008020f3917fdffffd4L
  1; 18;145;0xfdffffd43c000008020f3957c1f0ffd5L
  1; 18;146;0xc1f0ffd53c000008020f3997f1faffd6L
  1; 18;147;0xf1faffd63c000008020f39d7d5f5ff97L
  1; 18;148;0xd5f5ff973c000008020f3a17c5f3ffd8L
  1; 18;149;0xc5f3ffd83c000008020f3a56ededffd9L
  1; 18;150;0xededffd93c000008020f3a97e9e9ffdaL
  1; 18;151;0xbcbcbcbc3c000008020f2b17c9eeffecL
  1; 18;152;0xc9eeffec3c000008020f2b57d1fbffedL
  1; 18;153;0xd1fbffed3c000008020f2b97fdffffaeL
  1; 18;154;0xfdffffae3c000008020f2bd7a5f8ffefL
  1; 18;155;0xa5f8ffef3c000008020f0017edfaffe0L
  1; 18;156;0xedfaffe03c000008020f005779eeffe1L
  1; 18;157;0x79eeffe13c000008020f0097c5f5ffe2L
  1; 18;158;0xc5f5ffe23c000008020f00d7f5ffffe3L
  1; 18;159;0xf5ffffe33c000008020f0117fdffffe4L
  1; 18;160;0xfdffffe43c000008020f0157bdf0ffe5L
  1; 18;161;0xbdf0ffe53c000008020f0197edfaffe6L
  1; 18;162;0xedfaffe63c000008020f29d7d5f6ffa7L
  1; 18;163;0xd5f6ffa73c000008020f2a17bdf2ffe8L
  1; 18;164;0xbdf2ffe83c000008020f2a56d5edffe9L
  1; 18;165;0xd5edffe93c000008020f2a97e9edffeaL
  1; 18;166;0xbcbcbcbc3c000008020f3317c5ecfffcL
  1; 18;167;0xc5ecfffc3c000008020f3357d5fafffdL
  1; 18;168;0xd5fafffd3c000008020f3397fdffffbeL
  1; 18;169;0xfdffffbe3c000008020f33d7a9f8ffffL
  1; 18;170;0xa9f8ffff3c000008020f3017e9fbfff0L
  1; 18;171;0xe9fbfff03c000008020f305765eefff1L
  1; 18;172;0x65eefff13c000008020f3097c9f4fff2L
  1; 18;173;0xc9f4fff23c000008020f30d7f5fffff3L
  1; 18;174;0xf5fffff33c000008020f3117fdfffff4L
  1; 18;175;0xfdfffff43c000008020f3157c1effff5L
  1; 18;176;0xc1effff53c000008020f3197f1f9fff6L
  1; 18;177;0xf1f9fff63c000008020f31d7d5f4ffb7L
  1; 18;178;0xd5f4ffb73c000008020f3217c5f1fff8L
  1; 18;179;0xc5f1fff83c000008020f3256e9edfff9L
  1; 18;180;0xe9edfff93c000008020f3297e5ebfffaL
  1; 18;181;0xbcbcbcbc3c000008020f3b17c5edffccL
  1; 18;182;0xc5edffcc3c000008020f3b57ddfaffcdL
  1; 18;183;0xddfaffcd3c000008020f3b97fdffff8eL
  1; 18;184;0xfdffff8e3c000008020f3bd7a9f8ffcfL
  1; 18;185;0xa9f8ffcf3c000008020f3817edfbffc0L
  1; 18;186;0xedfbffc03c000008020f385775eeffc1L
  1; 18;187;0x75eeffc13c000008020f3897cdf6ffc2L
  1; 18;188;0xcdf6ffc23c000008020f38d7f5ffffc3L
  1; 18;189;0xf5ffffc33c000008020f3917fdffffc4L
  1; 18;190;0xfdffffc43c000008020f3957c1efffc5L
  1; 18;191;0xc1efffc53c000008020f3997f1f9ffc6L
  1; 18;192;0xf1f9ffc63c000008020f39d7d5f6ff87L
  1; 18;193;0xd5f6ff873c000008020f3a17b9f1ffc8L
  1; 18;194;0xb9f1ffc83c000008020f3a56e9ebffc9L
  1; 18;195;0xe9ebffc93c000008020f3a97e9ecffcaL
  1; 18;196;0xbcbcbcbc3c000008020f2b17c5edffdcL
  1; 18;197;0xc5edffdc3c000008020f2b57d5fbffddL
  1; 18;198;0xd5fbffdd3c000008020f2b97fdfeff9eL
  1; 18;199;0xfdfeff9e3c000008020f2bd7a5f9ffdfL
  1; 18;200;0xa5f9ffdf3c000008020f0017e9fbffd0L
  1; 18;201;0xe9fbffd03c000008020f00575defffd1L
  1; 18;202;0x5defffd13c000008020f0097c9f4ffd2L
  1; 18;203;0xc9f4ffd23c000008020f00d7f5ffffd3L
  1; 18;204;0xf5ffffd33c000008020f0117fdffffd4L
  1; 18;205;0xfdffffd43c000008020f0157bdf0ffd5L
  1; 18;206;0xbdf0ffd53c000008020f0197edf9ffd6L
  1; 18;207;0xedf9ffd63c000008020f29d7d5f5ff97L
  1; 18;208;0xd5f5ff973c000008020f2a17b5f3ffd8L
  1; 18;209;0xb5f3ffd83c000008020f2a56e5ebffd9L
  1; 18;210;0xe5ebffd93c000008020f2a97e5e9ffdaL
  1; 18;211;0xbcbcbcbc3c000008020f3317c5edffecL
  1; 18;212;0xc5edffec3c000008020f3357d5faffedL
  1; 18;213;0xd5faffed3c000008020f3397fdffffaeL
  1; 18;214;0xfdffffae3c000008020f33d7a1f8ffefL
  1; 18;215;0xa1f8ffef3c000008020f3017edfbffe0L
  1; 18;216;0xedfbffe03c000008020f305775eeffe1L
  1; 18;217;0x75eeffe13c000008020f3097c1f4ffe2L
  1; 18;218;0xc1f4ffe23c000008020f30d7f5ffffe3L
  1; 18;219;0xf5ffffe33c000008020f3117fdffffe4L
  1; 18;220;0xfdffffe43c000008020f3157c1efffe5L
  1; 18;221;0xc1efffe53c000008020f3197edf9ffe6L
  1; 18;222;0xedf9ffe63c000008020f31d7d5f5ffa7L
  1; 18;223;0xd5f5ffa73c000008020f3217bdf1ffe8L
  1; 18;224;0xbdf1ffe83c000008020f3256d1edffe9L
  1; 18;225;0xd1edffe93c000008020f3297e9edffeaL
  1; 18;226;0xbcbcbcbc3c000008020f3b17c5ecfffcL
  1; 18;227;0xc5ecfffc3c000008020f3b57d5fbfffdL
  1; 18;228;0xd5fbfffd3c000008020f3b97fdffffbeL
  1; 18;229;0xfdffffbe3c000008020f3bd7adf7ffffL
  1; 18;230;0xadf7ffff3c000008020f3817e9fafff0L
  1; 18;231;0xe9fafff03c000008020f385769eefff1L
  1; 18;232;0x69eefff13c000008020f3897c9f5fff2L
  1; 18;233;0xc9f5fff23c000008020f38d7f5fffff3L
  1; 18;234;0xf5fffff33c000008020f3917fdfffff4L
  1; 18;235;0xfdfffff43c000008020f3957c1f0fff5L
  1; 18;236;0xc1f0fff53c000008020f3997edf9fff6L
  1; 18;237;0xedf9fff63c000008020f39d7d9f5ffb7L
  1; 18;238;0xd9f5ffb73c000008020f3a17c9f1fff8L
  1; 18;239;0xc9f1fff83c000008020f3a56edecfff9L
  1; 18;240;0xedecfff93c000008020f3a97e5eafffaL
  1; 18;241;0xbcbcbcbc3c000008020f2b17c9eeffccL
  1; 18;242;0xc9eeffcc3c000008020f2b57ddfbffcdL
  1; 18;243;0xddfbffcd3c000008020f2b97fdffff8eL
  1; 18;244;0xfdffff8e3c000008020f2bd7a9f8ffcfL
  1; 18;245;0xa9f8ffcf3c000008020f0017edfbffc0L
  1; 18;246;0xedfbffc03c000008020f005775eeffc1L
  1; 18;247;0x75eeffc13c000008020f0097d1f6ffc2L
  1; 18;248;0xd1f6ffc23c000008020f00d7f5ffffc3L
  1; 18;249;0xf5ffffc33c000008020f0117fdffffc4L
  1; 18;250;0xfdffffc43c000008020f0157c1f0ffc5L
  1; 18;251;0xc1f0ffc53c000008020f0197f1faffc6L
  1; 18;252;0xf1faffc63c000008020f29d7d5f6ff87L
  1; 18;253;0xd5f6ff873c000008020f2a17c1f2ffc8L
  1; 18;254;0xc1f2ffc83c000008020f2a56edecffc9L
  1; 18;255;0xedecffc93c000008020f2a97e9edffcaL
  1; 18;256;0xbcbcbcbc3c000008020f3317c5edffdcL
  1; 20;  1;0xbcbcbcbc3c000008020f2b1711c8ffecL
  1; 20;  2;0x11c8ffec3c000008020f2b5779e4ffedL
  1; 20;  3;0x79e4ffed3c000008020f2b975dd9ffeeL
  1; 20;  4;0x5dd9ffee3c000008020f2bd751deffefL
  1; 20;  5;0x51deffef3c000008020f001769d4ffe0L
  1; 20;  6;0x69d4ffe03c000008020f0057b1eeffe1L
  1; 20;  7;0xb1eeffe13c000008020f0097a5ebffe2L
  1; 20;  8;0xa5ebffe23c000008020f00d7bdf1ffe3L
  1; 20;  9;0xbdf1ffe33c000008020f011791ecffe4L
  1; 20; 10;0x91ecffe43c000008020f015791f3ffe5L
  1; 20; 11;0x91f3ffe53c000008020f019795c9ffe6L
  1; 20; 12;0x95c9ffe63c000008020f29d7f9ffffa7L
  1; 20; 13;0xf9ffffa73c000008020f2a17adc5ffe8L
  1; 20; 14;0xadc5ffe83c000008020f2a5795f4ffe9L
  1; 20; 15;0x95f4ffe93c000008020f2a9771e6ffeaL
  1; 20; 16;0xbcbcbcbc3c000008020f33172dcefffcL
  1; 20; 17;0x2dcefffc3c000008020f33578de6fffdL
  1; 20; 18;0x8de6fffd3c000008020f339775d4fffeL
  1; 20; 19;0x75d4fffe3c000008020f33d755d5ffffL
  1; 20; 20;0x55d5ffff3c000008020f301785d3fff0L
  1; 20; 21;0x85d3fff03c000008020f3057bdeffff1L
  1; 20; 22;0xbdeffff13c000008020f3097a9ecfff2L
  1; 20; 23;0xa9ecfff23c000008020f30d7bdf2fff3L
  1; 20; 24;0xbdf2fff33c000008020f31178df1fff4L
  1; 20; 25;0x8df1fff43c000008020f31579df4fff5L
  1; 20; 26;0x9df4fff53c000008020f3197a1ccfff6L
  1; 20; 27;0xa1ccfff63c000008020f31d7f9ffffb7L
  1; 20; 28;0xf9ffffb73c000008020f3217b1befff8L
  1; 20; 29;0xb1befff83c000008020f325799f4fff9L
  1; 20; 30;0x99f4fff93c000008020f329771e6fffaL
  1; 20; 31;0xbcbcbcbc3c000008020f3b1745d2ffccL
  1; 20; 32;0x45d2ffcc3c000008020f3b5791e7ffcdL
  1; 20; 33;0x91e7ffcd3c000008020f3b9785dbffceL
  1; 20; 34;0x85dbffce3c000008020f3bd76dd9ffcfL
  1; 20; 35;0x6dd9ffcf3c000008020f381785d7ffc0L
  1; 20; 36;0x85d7ffc03c000008020f3857c9efffc1L
  1; 20; 37;0xc9efffc13c000008020f3897a5ebffc2L
  1; 20; 38;0xa5ebffc23c000008020f38d7b5f2ffc3L
  1; 20; 39;0xb5f2ffc33c000008020f39179defffc4L
  1; 20; 40;0x9defffc43c000008020f3957a9f3ffc5L
  1; 20; 41;0xa9f3ffc53c000008020f3997a1ceffc6L
  1; 20; 42;0xa1ceffc63c000008020f39d7f9ffff87L
  1; 20; 43;0xf9ffff873c000008020f3a17b9c4ffc8L
  1; 20; 44;0xb9c4ffc83c000008020f3a57a9f7ffc9L
  1; 20; 45;0xa9f7ffc93c000008020f3a9771e6ffcaL
  1; 20; 46;0xbcbcbcbc3c000008020f2b1735d1ffdcL
  1; 20; 47;0x35d1ffdc3c000008020f2b5785e6ffddL
  1; 20; 48;0x85e6ffdd3c000008020f2b9771d8ffdeL
  1; 20; 49;0x71d8ffde3c000008020f2bd755dcffdfL
  1; 20; 50;0x55dcffdf3c000008020f001789d7ffd0L
  1; 20; 51;0x89d7ffd03c000008020f0057c9eeffd1L
  1; 20; 52;0xc9eeffd13c000008020f0097a9ecffd2L
  1; 20; 53;0xa9ecffd23c000008020f00d7b5f2ffd3L
  1; 20; 54;0xb5f2ffd33c000008020f01179deeffd4L
  1; 20; 55;0x9deeffd43c000008020f01578df3ffd5L
  1; 20; 56;0x8df3ffd53c000008020f019795c8ffd6L
  1; 20; 57;0x95c8ffd63c000008020f29d7fdffff97L
  1; 20; 58;0xfdffff973c000008020f2a17b5c3ffd8L
  1; 20; 59;0xb5c3ffd83c000008020f2a578df5ffd9L
  1; 20; 60;0x8df5ffd93c000008020f2a9769e5ffdaL
  1; 20; 61;0xbcbcbcbc3c000008020f331715c7ffecL
  1; 20; 62;0x15c7ffec3c000008020f335781e4ffedL
  1; 20; 63;0x81e4ffed3c000008020f339759d9ffeeL
  1; 20; 64;0x59d9ffee3c000008020f33d751ddffefL
  1; 20; 65;0x51ddffef3c000008020f30176dd1ffe0L
  1; 20; 66;0x6dd1ffe03c000008020f3057b5edffe1L
  1; 20; 67;0xb5edffe13c000008020f3097a5ebffe2L
  1; 20; 68;0xa5ebffe23c000008020f30d7b9f2ffe3L
  1; 20; 69;0xb9f2ffe33c000008020f311791ebffe4L
  1; 20; 70;0x91ebffe43c000008020f31578df3ffe5L
  1; 20; 71;0x8df3ffe53c000008020f319799cbffe6L
  1; 20; 72;0x99cbffe63c000008020f31d7f5ffffa7L
  1; 20; 73;0xf5ffffa73c000008020f3217b1c5ffe8L
  1; 20; 74;0xb1c5ffe83c000008020f325791f5ffe9L
  1; 20; 75;0x91f5ffe93c000008020f329771e6ffeaL
  1; 20; 76;0xbcbcbcbc3c000008020f3b1725ccfffcL
  1; 20; 77;0x25ccfffc3c000008020f3b5785e6fffdL
  1; 20; 78;0x85e6fffd3c000008020f3b9775d2fffeL
  1; 20; 79;0x75d2fffe3c000008020f3bd75dd6ffffL
  1; 20; 80;0x5dd6ffff3c000008020f381781d3fff0L
  1; 20; 81;0x81d3fff03c000008020f3857b9edfff1L
  1; 20; 82;0xb9edfff13c000008020f3897a5ebfff2L
  1; 20; 83;0xa5ebfff23c000008020f38d7bdf1fff3L
  1; 20; 84;0xbdf1fff33c000008020f391789f0fff4L
  1; 20; 85;0x89f0fff43c000008020f395795f4fff5L
  1; 20; 86;0x95f4fff53c000008020f39979dcbfff6L
  1; 20; 87;0x9dcbfff63c000008020f39d7f9ffffb7L
  1; 20; 88;0xf9ffffb73c000008020f3a17adbefff8L
  1; 20; 89;0xadbefff83c000008020f3a5795f3fff9L
  1; 20; 90;0x95f3fff93c000008020f3a9771e6fffaL
  1; 20; 91;0xbcbcbcbc3c000008020f2b1745d3ffccL
  1; 20; 92;0x45d3ffcc3c000008020f2b578de8ffcdL
  1; 20; 93;0x8de8ffcd3c000008020f2b9785dcffceL
  1; 20; 94;0x85dcffce3c000008020f2bd769daffcfL
  1; 20; 95;0x69daffcf3c000008020f001785d8ffc0L
  1; 20; 96;0x85d8ffc03c000008020f0057c9eeffc1L
  1; 20; 97;0xc9eeffc13c000008020f0097a9ecffc2L
  1; 20; 98;0xa9ecffc23c000008020f00d7b9f2ffc3L
  1; 20; 99;0xb9f2ffc33c000008020f01179df0ffc4L
  1; 20;100;0x9df0ffc43c000008020f0157a9f3ffc5L
  1; 20;101;0xa9f3ffc53c000008020f0197a5d0ffc6L
  1; 20;102;0xa5d0ffc63c000008020f29d7fdffff87L
  1; 20;103;0xfdffff873c000008020f2a17bdc2ffc8L
  1; 20;104;0xbdc2ffc83c000008020f2a57adf7ffc9L
  1; 20;105;0xadf7ffc93c000008020f2a976de6ffcaL
  1; 20;106;0xbcbcbcbc3c000008020f331739d1ffdcL
  1; 20;107;0x39d1ffdc3c000008020f335789e5ffddL
  1; 20;108;0x89e5ffdd3c000008020f339779d8ffdeL
  1; 20;109;0x79d8ffde3c000008020f33d751dbffdfL
  1; 20;110;0x51dbffdf3c000008020f30178dd8ffd0L
  1; 20;111;0x8dd8ffd03c000008020f3057c9eeffd1L
  1; 20;112;0xc9eeffd13c000008020f3097a9ecffd2L
  1; 20;113;0xa9ecffd23c000008020f30d7b9f2ffd3L
  1; 20;114;0xb9f2ffd33c000008020f31179df0ffd4L
  1; 20;115;0x9df0ffd43c000008020f315791f3ffd5L
  1; 20;116;0x91f3ffd53c000008020f319795caffd6L
  1; 20;117;0x95caffd63c000008020f31d7fdffff97L
  1; 20;118;0xfdffff973c000008020f3217b5c3ffd8L
  1; 20;119;0xb5c3ffd83c000008020f325791f5ffd9L
  1; 20;120;0x91f5ffd93c000008020f32976de5ffdaL
  1; 20;121;0xbcbcbcbc3c000008020f3b1715c9ffecL
  1; 20;122;0x15c9ffec3c000008020f3b5781e5ffedL
  1; 20;123;0x81e5ffed3c000008020f3b9765d9ffeeL
  1; 20;124;0x65d9ffee3c000008020f3bd759deffefL
  1; 20;125;0x59deffef3c000008020f381771d1ffe0L
  1; 20;126;0x71d1ffe03c000008020f3857b5edffe1L
  1; 20;127;0xb5edffe13c000008020f3897a9ebffe2L
  1; 20;128;0xa9ebffe23c000008020f38d7bdf2ffe3L
  1; 20;129;0xbdf2ffe33c000008020f391795edffe4L
  1; 20;130;0x95edffe43c000008020f395791f4ffe5L
  1; 20;131;0x91f4ffe53c000008020f399795caffe6L
  1; 20;132;0x95caffe63c000008020f39d7f9ffffa7L
  1; 20;133;0xf9ffffa73c000008020f3a17b5c5ffe8L
  1; 20;134;0xb5c5ffe83c000008020f3a5795f5ffe9L
  1; 20;135;0x95f5ffe93c000008020f3a9771e6ffeaL
  1; 20;136;0xbcbcbcbc3c000008020f2b1725ccfffcL
  1; 20;137;0x25ccfffc3c000008020f2b5785e5fffdL
  1; 20;138;0x85e5fffd3c000008020f2b9769d3fffeL
  1; 20;139;0x69d3fffe3c000008020f2bd74dd3ffffL
  1; 20;140;0x4dd3ffff3c000008020f00177dd1fff0L
  1; 20;141;0x7dd1fff03c000008020f0057b9edfff1L
  1; 20;142;0xb9edfff13c000008020f0097a9ecfff2L
  1; 20;143;0xa9ecfff23c000008020f00d7b9f1fff3L
  1; 20;144;0xb9f1fff33c000008020f011789f0fff4L
  1; 20;145;0x89f0fff43c000008020f015799f4fff5L
  1; 20;146;0x99f4fff53c000008020f01979dcafff6L
  1; 20;147;0x9dcafff63c000008020f29d7f5ffffb7L
  1; 20;148;0xf5ffffb73c000008020f2a17a9bdfff8L
  1; 20;149;0xa9bdfff83c000008020f2a5799f3fff9L
  1; 20;150;0x99f3fff93c000008020f2a9769e5fffaL
  1; 20;151;0xbcbcbcbc3c000008020f331735ceffccL
  1; 20;152;0x35ceffcc3c000008020f335789e6ffcdL
  1; 20;153;0x89e6ffcd3c000008020f339775d9ffceL
  1; 20;154;0x75d9ffce3c000008020f33d759d7ffcfL
  1; 20;155;0x59d7ffcf3c000008020f301779d6ffc0L
  1; 20;156;0x79d6ffc03c000008020f3057c5eeffc1L
  1; 20;157;0xc5eeffc13c000008020f3097a5ebffc2L
  1; 20;158;0xa5ebffc23c000008020f30d7b5f1ffc3L
  1; 20;159;0xb5f1ffc33c000008020f311791edffc4L
  1; 20;160;0x91edffc43c000008020f3157a1f4ffc5L
  1; 20;161;0xa1f4ffc53c000008020f31979dccffc6L
  1; 20;162;0x9dccffc63c000008020f31d7f5ffff87L
  1; 20;163;0xf5ffff873c000008020f3217b1beffc8L
  1; 20;164;0xb1beffc83c000008020f3257a1f5ffc9L
  1; 20;165;0xa1f5ffc93c000008020f329769e5ffcaL
  1; 20;166;0xbcbcbcbc3c000008020f3b1739d1ffdcL
  1; 20;167;0x39d1ffdc3c000008020f3b5789e7ffddL
  1; 20;168;0x89e7ffdd3c000008020f3b977dd8ffdeL
  1; 20;169;0x7dd8ffde3c000008020f3bd755ddffdfL
  1; 20;170;0x55ddffdf3c000008020f381789d8ffd0L
  1; 20;171;0x89d8ffd03c000008020f3857c9eeffd1L
  1; 20;172;0xc9eeffd13c000008020f3897a9ecffd2L
  1; 20;173;0xa9ecffd23c000008020f38d7b9f2ffd3L
  1; 20;174;0xb9f2ffd33c000008020f39179df1ffd4L
  1; 20;175;0x9df1ffd43c000008020f395795f4ffd5L
  1; 20;176;0x95f4ffd53c000008020f399799c9ffd6L
  1; 20;177;0x99c9ffd63c000008020f39d7fdffff97L
  1; 20;178;0xfdffff973c000008020f3a17b5c5ffd8L
  1; 20;179;0xb5c5ffd83c000008020f3a5795f5ffd9L
  1; 20;180;0x95f5ffd93c000008020f3a9771e5ffdaL
  1; 20;181;0xbcbcbcbc3c000008020f2b1719caffecL
  1; 20;182;0x19caffec3c000008020f2b5781e5ffedL
  1; 20;183;0x81e5ffed3c000008020f2b976ddaffeeL
  1; 20;184;0x6ddaffee3c000008020f2bd75ddfffefL
  1; 20;185;0x5ddfffef3c000008020f00176dd3ffe0L
  1; 20;186;0x6dd3ffe03c000008020f0057b9eeffe1L
  1; 20;187;0xb9eeffe13c000008020f0097a5ebffe2L
  1; 20;188;0xa5ebffe23c000008020f00d7c1f2ffe3L
  1; 20;189;0xc1f2ffe33c000008020f011799eeffe4L
  1; 20;190;0x99eeffe43c000008020f015795f4ffe5L
  1; 20;191;0x95f4ffe53c000008020f019799ccffe6L
  1; 20;192;0x99ccffe63c000008020f29d7f9ffffa7L
  1; 20;193;0xf9ffffa73c000008020f2a17b1c6ffe8L
  1; 20;194;0xb1c6ffe83c000008020f2a5795f5ffe9L
  1; 20;195;0x95f5ffe93c000008020f2a9771e5ffeaL
  1; 20;196;0xbcbcbcbc3c000008020f331725ccfffcL
  1; 20;197;0x25ccfffc3c000008020f335789e5fffdL
  1; 20;198;0x89e5fffd3c000008020f339771d3fffeL
  1; 20;199;0x71d3fffe3c000008020f33d751d4ffffL
  1; 20;200;0x51d4ffff3c000008020f301779d2fff0L
  1; 20;201;0x79d2fff03c000008020f3057b9edfff1L
  1; 20;202;0xb9edfff13c000008020f3097a5ebfff2L
  1; 20;203;0xa5ebfff23c000008020f30d7bdf1fff3L
  1; 20;204;0xbdf1fff33c000008020f311789f0fff4L
  1; 20;205;0x89f0fff43c000008020f315795f3fff5L
  1; 20;206;0x95f3fff53c000008020f3197a1cbfff6L
  1; 20;207;0xa1cbfff63c000008020f31d7f5ffffb7L
  1; 20;208;0xf5ffffb73c000008020f3217adbffff8L
  1; 20;209;0xadbffff83c000008020f325799f4fff9L
  1; 20;210;0x99f4fff93c000008020f32976de6fffaL
  1; 20;211;0xbcbcbcbc3c000008020f3b1739d1ffccL
  1; 20;212;0x39d1ffcc3c000008020f3b5789e6ffcdL
  1; 20;213;0x89e6ffcd3c000008020f3b9771daffceL
  1; 20;214;0x71daffce3c000008020f3bd761d7ffcfL
  1; 20;215;0x61d7ffcf3c000008020f381781d5ffc0L
  1; 20;216;0x81d5ffc03c000008020f3857c5edffc1L
  1; 20;217;0xc5edffc13c000008020f3897a9ebffc2L
  1; 20;218;0xa9ebffc23c000008020f38d7b5f2ffc3L
  1; 20;219;0xb5f2ffc33c000008020f39179dedffc4L
  1; 20;220;0x9dedffc43c000008020f3957a5f3ffc5L
  1; 20;221;0xa5f3ffc53c000008020f3997a1ceffc6L
  1; 20;222;0xa1ceffc63c000008020f39d7f9ffff87L
  1; 20;223;0xf9ffff873c000008020f3a17b5c0ffc8L
  1; 20;224;0xb5c0ffc83c000008020f3a57a1f6ffc9L
  1; 20;225;0xa1f6ffc93c000008020f3a9769e5ffcaL
  1; 20;226;0xbcbcbcbc3c000008020f2b1731ceffdcL
  1; 20;227;0x31ceffdc3c000008020f2b5785e6ffddL
  1; 20;228;0x85e6ffdd3c000008020f2b9771d6ffdeL
  1; 20;229;0x71d6ffde3c000008020f2bd749daffdfL
  1; 20;230;0x49daffdf3c000008020f001789d5ffd0L
  1; 20;231;0x89d5ffd03c000008020f0057c9eeffd1L
  1; 20;232;0xc9eeffd13c000008020f0097a9ecffd2L
  1; 20;233;0xa9ecffd23c000008020f00d7b9f2ffd3L
  1; 20;234;0xb9f2ffd33c000008020f011795efffd4L
  1; 20;235;0x95efffd43c000008020f015791f4ffd5L
  1; 20;236;0x91f4ffd53c000008020f019799c8ffd6L
  1; 20;237;0x99c8ffd63c000008020f29d7fdffff97L
  1; 20;238;0xfdffff973c000008020f2a17b1c3ffd8L
  1; 20;239;0xb1c3ffd83c000008020f2a5795f4ffd9L
  1; 20;240;0x95f4ffd93c000008020f2a976de4ffdaL
  1; 20;241;0xbcbcbcbc3c000008020f331715cbffecL
  1; 20;242;0x15cbffec3c000008020f335785e6ffedL
  1; 20;243;0x85e6ffed3c000008020f339769dbffeeL
  1; 20;244;0x69dbffee3c000008020f33d765e0ffefL
  1; 20;245;0x65e0ffef3c000008020f301771d4ffe0L
  1; 20;246;0x71d4ffe03c000008020f3057b9eeffe1L
  1; 20;247;0xb9eeffe13c000008020f3097a5ebffe2L
  1; 20;248;0xa5ebffe23c000008020f30d7b9f2ffe3L
  1; 20;249;0xb9f2ffe33c000008020f311795eeffe4L
  1; 20;250;0x95eeffe43c000008020f315795f3ffe5L
  1; 20;251;0x95f3ffe53c000008020f319799ccffe6L
  1; 20;252;0x99ccffe63c000008020f31d7f9ffffa7L
  1; 20;253;0xf9ffffa73c000008020f3217b5c8ffe8L
  1; 20;254;0xb5c8ffe83c000008020f325799f6ffe9L
  1; 20;255;0x99f6ffe93c000008020f329775e6ffeaL
  1; 20;256;0xbcbcbcbc3c000008020f3b1731cdfffcL
